0 13 15 0 0 0 0 0 0 34 96 2 0 0 0 0 30 22 106 27 0 0 0 6 38 4 5 6 0 0 0 7 99 95 22 0 0 0 0 4 69 137 137 2 0 0 0 10 4 44 137 137 47 2 0 1 11 19 77 96 18 0 0 1 137 19 0 0 0 0 0 17 137 21 3 0 0 1 0 61 12 1 4 65 96 9 0 5 50 15 35 61 69 1 0 16 120 9 0 0 0 0 0 4 137 1 0 0 0 0 0 43 20 0 0 24 31 0 0 8 16 0 0 47 70 1 0 18 
0 18 18 0 0 0 0 0 0 37 106 2 0 0 0 0 8 26 134 26 0 0 0 1 37 4 17 19 0 0 0 9 101 94 21 0 0 0 0 5 64 134 134 0 0 0 0 9 2 52 134 134 32 1 0 0 8 11 51 134 38 0 0 0 134 10 0 0 0 0 0 23 134 20 3 0 0 0 0 73 17 3 5 33 53 10 2 7 10 4 19 85 99 3 0 1 112 7 0 0 0 0 0 4 134 0 0 0 0 0 0 39 27 0 0 10 18 0 0 9 5 0 0 52 58 0 0 1 
17 15 0 0 0 2 38 5 39 134 53 0 0 0 12 10 28 75 109 1 0 0 7 5 0 27 72 1 0 0 9 1 134 19 0 0 0 0 4 13 134 127 42 1 0 0 1 27 7 29 74 15 1 3 12 2 0 12 36 2 0 1 14 0 120 3 0 0 0 0 0 22 134 0 0 0 0 5 79 134 3 0 0 0 0 30 134 17 0 0 0 0 0 8 134 3 21 0 0 0 0 0 2 19 18 0 0 0 0 2 117 81 0 0 0 0 0 5 134 26 0 0 0 0 0 1 111 20 
0 6 9 1 1 0 0 0 0 18 75 1 0 0 0 0 35 15 85 11 0 0 0 6 40 4 4 2 0 0 0 8 79 55 11 1 2 0 0 1 116 143 143 0 0 0 0 9 9 41 143 143 30 1 0 1 14 16 85 96 12 0 0 1 143 25 1 0 0 0 0 3 143 25 4 0 0 0 0 50 32 3 8 73 86 4 0 9 38 18 46 73 58 2 0 22 103 6 0 0 0 0 0 6 143 3 0 0 0 0 0 64 32 0 0 18 28 0 3 36 11 0 0 40 77 2 0 21 
0 9 11 2 2 0 0 0 0 23 102 2 0 0 0 0 50 18 78 16 0 0 0 5 24 4 4 1 0 0 0 2 91 63 11 1 2 0 0 0 129 129 129 11 2 0 0 6 10 28 129 129 56 1 0 1 15 20 128 54 4 0 0 0 129 26 0 0 0 0 0 2 129 13 0 0 2 1 0 48 18 3 4 69 119 2 1 13 60 17 49 32 31 1 1 67 104 4 0 0 0 0 0 4 129 2 0 0 0 0 3 85 32 0 0 30 68 2 4 35 35 0 0 26 58 3 1 46 
3 15 15 1 1 0 0 0 1 28 126 3 0 0 0 0 37 15 111 26 0 0 0 3 28 6 7 3 0 0 0 3 107 64 10 1 1 0 0 0 126 126 126 8 2 0 0 7 9 17 126 126 51 0 0 1 20 21 115 74 10 0 0 3 126 24 0 0 0 0 0 3 126 7 0 0 1 0 1 74 16 0 0 65 98 0 3 22 57 12 29 42 55 0 1 67 100 6 0 0 0 0 0 2 109 4 0 0 0 0 1 79 48 1 0 24 42 0 2 42 17 0 0 40 68 0 1 30 
0 14 12 0 0 0 0 0 0 44 94 2 0 0 0 0 35 27 91 34 0 0 0 7 29 4 2 4 0 0 0 5 99 95 16 0 0 0 0 4 67 137 137 7 1 0 0 7 4 42 137 137 58 1 0 0 7 17 79 75 10 0 0 0 137 16 0 0 0 0 0 21 137 23 3 1 2 1 1 61 9 1 4 72 122 6 1 3 62 21 51 48 46 0 0 19 122 8 0 0 0 0 0 5 137 1 0 0 0 0 0 41 16 0 0 32 52 0 0 5 29 0 0 34 59 2 1 33 
0 19 16 0 0 0 0 0 0 77 88 5 0 0 0 0 29 24 83 56 4 0 0 7 30 3 2 3 0 0 0 8 38 136 36 0 0 0 0 0 8 136 136 17 1 0 0 0 4 47 94 136 91 0 0 0 11 34 44 61 12 0 0 0 136 70 1 0 0 0 0 37 92 73 15 2 3 3 0 26 0 4 9 127 125 8 0 0 18 19 43 67 50 0 0 7 136 0 0 0 0 0 0 48 113 0 0 0 3 2 0 49 2 0 0 24 72 9 0 1 26 2 2 28 66 0 0 9 
7 11 2 0 0 0 29 19 18 33 61 0 0 0 20 26 55 67 46 0 0 0 0 9 28 36 7 3 0 0 18 20 126 36 3 0 0 0 1 7 137 137 137 1 0 0 0 8 17 48 137 33 0 0 0 1 2 3 115 66 0 0 12 6 137 7 0 0 0 0 0 16 137 7 2 0 0 0 8 112 16 2 15 10 3 1 48 34 0 0 25 19 2 0 17 4 41 0 0 0 0 0 1 35 54 0 0 0 0 0 78 137 1 0 0 0 0 0 137 92 0 0 0 0 0 0 90 47 
8 27 28 1 0 0 0 0 3 36 123 8 0 0 0 0 39 13 116 54 0 0 0 3 24 6 8 4 0 0 0 1 123 72 12 0 0 0 0 1 123 90 123 14 4 1 0 9 8 9 123 123 74 2 0 1 19 17 123 67 7 0 0 4 123 24 0 0 0 0 0 9 123 3 0 0 2 0 3 80 11 0 1 57 119 2 3 20 63 9 32 29 47 2 1 79 93 8 0 0 0 0 0 5 96 7 0 0 0 0 1 74 39 2 0 32 59 1 1 26 30 0 0 37 59 1 0 34 
26 30 12 61 91 1 0 20 14 42 109 33 3 0 0 1 2 2 73 29 0 0 0 0 3 0 9 6 1 0 0 1 116 31 15 77 42 4 6 73 79 53 116 71 6 10 14 53 3 6 116 116 35 16 4 0 1 0 26 50 89 14 0 0 116 2 4 33 36 7 7 107 116 10 3 15 13 16 31 86 22 16 5 9 71 116 9 6 1 0 0 4 88 85 0 0 95 3 8 26 12 4 1 44 45 2 8 28 22 39 63 63 2 0 0 0 23 116 36 14 2 0 0 0 5 19 0 1 
25 29 1 2 0 0 0 0 47 105 63 31 4 0 0 8 16 5 21 121 45 3 25 82 6 0 5 93 25 1 2 16 121 50 0 1 0 0 0 1 121 91 14 18 32 7 1 2 16 12 41 121 55 4 2 41 12 0 6 121 55 1 10 93 112 9 0 1 0 0 12 42 73 14 2 0 4 15 121 63 5 9 11 38 44 64 121 9 16 0 2 85 74 58 44 121 4 0 0 2 0 0 9 12 1 0 0 1 1 10 94 14 0 0 0 1 3 27 88 0 8 0 0 21 21 17 14 32 
51 22 14 24 107 2 4 10 53 41 117 49 3 0 0 6 0 1 117 86 0 0 0 0 0 0 53 38 1 0 0 0 117 3 4 52 107 2 1 55 117 16 27 18 11 8 13 75 8 15 64 62 3 24 15 6 0 4 70 62 64 58 0 0 117 1 3 48 85 1 15 49 117 30 0 15 27 4 24 69 26 21 0 0 7 107 16 15 0 1 1 0 50 117 2 0 86 0 3 38 46 0 0 51 46 2 1 25 35 16 49 70 6 0 0 0 5 117 48 23 0 0 0 0 3 54 2 0 
21 16 6 0 0 0 0 2 112 48 26 0 0 0 0 13 125 35 2 0 3 1 0 27 5 0 0 0 47 18 0 0 78 11 6 0 0 0 0 32 125 119 107 0 0 0 0 96 112 100 36 0 12 4 0 9 4 0 0 0 125 47 0 0 57 8 0 0 0 0 0 12 125 15 3 0 0 0 0 125 112 11 8 0 27 10 0 74 0 0 0 0 125 59 0 0 25 11 0 0 0 0 0 2 125 25 0 0 0 0 0 20 125 7 0 0 23 12 0 17 0 0 0 0 121 27 0 0 
60 4 0 0 0 0 0 30 138 68 6 0 0 0 0 10 78 38 7 0 3 3 2 11 10 5 0 0 49 44 26 6 113 1 0 0 0 1 1 61 138 35 1 0 0 0 6 36 41 37 3 0 26 84 33 10 1 0 0 0 75 138 41 1 75 0 0 0 4 2 2 62 138 3 0 0 0 13 138 138 5 2 0 0 23 119 138 27 0 0 2 7 38 110 46 18 7 2 0 1 4 0 1 12 3 1 0 0 7 10 82 31 5 0 0 0 0 9 111 17 23 1 0 2 2 1 21 39 
3 14 11 9 78 2 0 0 56 42 68 7 1 0 0 6 13 4 40 6 0 0 0 0 0 1 12 1 0 0 0 0 106 56 12 8 133 3 0 3 117 95 133 42 3 3 0 14 17 15 133 70 0 0 0 10 0 0 133 69 0 0 0 0 133 7 2 26 133 3 0 15 133 4 3 23 16 5 1 62 30 5 26 14 8 6 26 103 0 3 50 15 0 15 58 4 81 0 0 6 81 7 0 18 133 2 2 35 16 4 0 41 15 11 1 46 21 15 27 47 6 32 3 0 0 9 23 4 
55 0 0 0 0 0 0 4 130 2 0 3 9 0 0 16 8 0 0 44 50 6 3 9 1 2 3 8 15 14 15 24 63 0 0 0 0 0 1 8 130 1 0 0 3 19 9 55 10 23 10 9 33 120 11 5 10 74 28 7 20 47 27 4 39 0 0 0 0 20 43 30 130 26 3 0 1 27 87 111 9 27 11 2 3 130 130 3 2 18 9 0 0 122 130 0 7 8 21 0 0 8 12 11 22 37 76 0 0 12 93 66 0 71 114 0 0 43 109 2 0 68 117 0 0 20 25 0 
36 20 25 75 88 1 3 8 17 26 107 24 0 0 0 2 3 3 61 19 0 0 0 0 3 0 7 3 0 0 0 1 121 37 23 50 95 5 5 62 91 35 121 72 5 7 11 35 1 7 121 121 44 15 2 0 1 0 24 40 81 12 0 0 121 3 4 61 34 2 11 72 111 15 0 13 11 15 37 81 15 17 6 12 85 121 7 3 2 0 1 4 77 74 0 0 77 2 6 33 29 5 2 67 23 0 2 17 18 52 62 75 2 0 0 0 21 121 32 8 3 0 0 0 4 12 0 1 
26 23 0 2 0 0 0 0 53 99 55 31 1 0 0 3 8 5 29 123 17 0 5 99 1 0 1 115 37 0 2 38 113 39 0 2 0 0 0 1 123 86 11 18 21 5 4 3 2 14 32 123 55 5 10 39 16 0 8 123 51 3 6 123 96 7 0 1 0 0 6 38 82 10 1 0 2 22 123 67 2 8 6 32 23 93 123 10 14 0 2 66 76 70 42 123 3 0 0 2 0 0 5 8 2 0 0 1 1 14 73 12 0 0 0 1 3 25 58 0 2 0 0 17 15 10 9 17 
124 8 0 0 0 0 0 14 108 30 21 1 0 0 0 2 52 28 6 1 16 8 5 4 1 1 0 1 76 40 30 16 124 4 0 0 0 0 0 42 124 32 1 0 2 2 9 21 14 17 0 0 46 110 37 5 0 0 0 2 98 124 40 3 124 0 0 0 0 0 15 107 65 1 0 0 1 14 124 118 0 0 0 1 50 124 124 39 0 0 0 6 48 78 37 4 8 4 0 0 2 1 14 31 0 0 0 0 2 6 124 42 2 0 0 1 4 13 109 68 3 0 1 14 12 4 13 34 
10 47 10 0 0 0 1 0 7 117 109 0 0 0 0 0 0 117 117 0 0 0 0 0 0 40 85 12 5 0 0 0 117 44 3 0 0 0 2 26 117 117 64 1 0 0 1 48 7 43 112 14 1 0 6 4 0 19 63 22 13 0 0 0 117 7 0 0 0 0 0 32 117 8 1 0 0 0 77 117 14 3 9 4 0 2 117 117 10 9 27 4 0 12 71 36 42 39 2 0 1 3 1 5 36 11 0 0 5 13 59 46 13 0 0 0 0 14 90 98 34 6 0 0 0 23 96 31 
80 10 0 0 0 0 0 20 130 49 6 0 0 0 0 19 80 19 2 13 11 9 10 11 1 0 12 70 26 17 42 13 130 7 0 0 0 1 1 53 130 65 10 0 1 8 6 25 27 24 4 0 49 130 45 7 1 0 0 4 68 111 118 31 104 0 0 0 4 1 11 80 105 3 0 0 1 25 130 130 1 0 0 0 22 130 130 33 3 1 1 3 23 68 21 9 3 1 0 0 2 2 8 14 1 0 0 0 0 7 94 22 33 3 0 0 1 4 62 52 13 1 1 2 4 1 1 13 
129 2 0 0 0 0 0 13 126 14 6 1 0 0 0 4 38 36 5 1 1 9 6 2 8 1 0 0 33 53 17 1 129 2 0 0 0 0 0 49 129 22 0 0 0 0 8 21 21 23 0 0 57 64 24 6 0 0 0 1 65 129 32 0 129 0 0 0 0 0 11 86 93 0 0 0 0 36 129 86 2 0 0 0 26 111 129 41 0 0 2 7 59 115 35 11 13 3 1 0 0 0 17 50 1 0 0 0 1 20 129 39 0 0 0 0 0 24 129 35 2 0 2 5 7 8 41 47 
17 51 15 2 1 0 0 0 11 90 128 0 0 0 0 0 0 58 128 0 0 0 0 0 0 17 128 1 0 0 0 0 128 40 2 0 0 0 1 23 128 86 96 0 0 0 0 42 8 26 128 19 0 0 0 0 0 8 110 14 7 1 0 0 128 27 0 0 0 0 0 28 128 34 2 0 0 0 27 114 25 6 22 20 1 0 64 67 6 4 39 32 5 0 2 12 48 43 0 0 2 5 3 8 39 11 0 0 1 11 59 108 27 0 0 0 0 1 75 128 16 2 5 0 0 0 40 60 
2 11 8 3 25 1 0 0 26 31 104 13 1 0 0 1 58 14 32 12 0 0 0 2 0 0 5 0 0 0 0 0 101 55 6 3 33 2 0 1 124 120 124 85 25 0 0 14 29 33 124 124 32 0 0 15 3 2 124 84 0 0 0 1 124 22 0 5 20 1 0 6 124 12 0 21 50 0 0 70 95 11 20 51 89 0 0 80 34 3 75 39 0 0 3 33 90 2 0 3 7 0 0 10 124 3 0 7 13 0 0 30 42 0 0 59 72 0 1 45 24 0 0 3 0 0 5 59 
62 28 9 31 99 5 0 25 38 52 118 69 15 0 0 3 1 1 102 81 0 0 0 0 2 0 19 19 2 0 0 0 118 8 2 55 45 4 11 45 118 21 48 50 13 5 29 66 7 14 90 118 18 28 14 3 0 0 32 70 96 43 0 0 118 7 11 28 45 4 2 72 76 12 6 13 26 13 39 114 18 13 1 0 11 118 36 21 1 0 0 0 41 118 2 0 95 1 2 26 35 6 1 50 12 0 0 28 52 36 91 47 3 0 0 0 0 93 53 14 2 0 0 0 0 9 1 1 
0 0 0 36 53 14 0 0 2 0 0 11 7 20 2 1 78 0 0 0 0 2 1 26 32 0 0 0 0 0 0 8 0 0 0 80 137 19 0 0 0 0 20 26 29 18 1 0 101 6 22 3 1 2 0 19 65 2 0 0 0 0 0 9 5 9 2 15 137 42 0 0 82 137 137 19 15 5 0 3 65 61 137 137 1 0 0 10 33 19 112 75 0 0 0 3 20 4 1 30 69 19 0 1 137 40 3 2 1 0 0 29 137 11 45 74 22 0 0 28 14 14 85 85 17 0 1 43 
0 0 0 0 0 6 3 0 49 0 0 0 0 30 20 27 131 67 4 0 3 28 12 90 5 53 4 0 2 65 25 4 0 0 0 0 0 87 31 0 62 0 1 1 0 92 41 33 131 16 1 0 0 53 98 131 0 3 0 0 0 131 126 8 2 1 4 6 2 47 11 0 21 14 16 7 0 7 3 5 31 24 35 3 0 5 74 111 8 35 36 0 0 42 81 15 0 4 18 8 0 0 0 0 20 81 29 3 0 0 0 0 4 131 131 0 0 0 0 0 2 131 131 0 0 0 0 0 
18 0 0 37 17 10 94 86 29 0 0 24 132 14 47 79 1 0 0 24 138 43 3 2 62 19 0 1 25 5 0 29 0 0 0 2 37 14 103 71 1 0 0 8 64 58 138 138 14 5 0 3 83 138 138 21 138 47 0 0 7 10 3 11 0 0 0 7 69 2 0 0 1 2 1 15 103 6 21 4 30 20 1 0 0 0 21 27 138 24 0 0 0 0 0 69 0 0 0 7 36 0 0 0 0 2 1 24 78 0 0 1 8 21 2 1 1 0 0 12 58 15 0 0 0 0 0 40 
74 17 9 9 0 0 0 14 78 45 110 128 0 0 0 14 0 36 128 92 0 0 0 0 52 13 63 48 0 0 0 2 76 9 29 40 0 0 0 27 128 19 50 48 0 0 0 128 22 40 128 93 0 0 0 6 21 22 128 122 0 0 0 1 19 39 105 40 0 0 0 1 128 79 53 13 0 0 0 68 84 8 10 7 0 0 0 18 2 2 15 20 2 0 0 0 12 57 64 12 0 0 0 0 35 65 86 13 0 0 0 0 34 15 2 0 0 0 0 1 0 0 1 2 2 0 0 0 
79 4 0 0 0 33 56 39 70 13 0 0 0 1 5 12 3 3 0 0 0 1 2 1 0 0 0 0 0 2 6 0 130 15 0 0 0 8 16 74 113 12 0 0 0 17 16 61 6 1 0 0 0 112 90 8 20 0 0 0 0 17 71 42 130 27 0 0 0 0 17 100 130 23 0 0 0 130 58 50 41 4 0 0 0 130 119 34 107 0 0 0 0 5 43 105 81 16 0 0 0 14 37 21 33 10 0 0 0 130 92 11 58 19 0 0 0 38 21 18 32 0 0 0 0 11 50 37 
1 1 0 0 0 36 79 29 23 1 0 0 5 119 61 43 119 0 0 12 33 47 25 95 10 2 1 16 98 96 1 1 1 0 0 0 2 73 119 34 47 0 0 0 33 119 63 62 119 0 0 1 31 91 55 119 52 16 6 10 81 119 17 2 11 0 0 3 10 41 32 36 20 3 0 0 14 37 20 36 110 47 5 1 3 11 26 90 55 30 27 52 4 8 7 5 6 4 6 5 10 13 1 7 38 24 3 0 1 2 1 12 115 119 0 0 0 0 0 0 21 46 7 39 10 0 0 0 
0 0 0 53 82 0 0 0 3 2 9 34 17 1 2 3 33 16 32 23 1 0 2 22 33 44 20 10 0 0 1 10 0 0 0 97 115 4 5 1 13 2 39 71 36 0 0 4 81 33 60 10 0 0 0 25 70 115 52 0 0 0 0 3 3 2 3 42 43 16 50 13 71 54 115 112 16 2 7 20 115 34 115 115 0 0 0 19 115 89 40 6 0 0 0 7 4 0 2 115 21 1 8 5 115 9 14 36 9 1 5 105 58 11 78 115 0 0 10 50 72 16 40 25 0 0 0 7 
71 18 10 0 0 0 0 8 112 93 138 23 0 0 0 15 48 105 138 22 0 0 0 5 78 29 16 3 0 0 0 9 70 15 29 3 0 0 0 22 138 38 53 5 0 0 0 138 44 42 71 17 1 0 0 12 12 9 14 12 3 0 0 4 48 26 38 0 0 0 0 8 138 57 34 0 0 0 0 116 129 6 4 2 3 0 0 39 0 0 0 5 13 7 1 1 98 27 10 0 0 0 0 9 121 133 53 0 0 0 0 4 88 21 2 0 2 0 0 5 0 0 0 2 24 7 0 0 
52 55 14 0 0 0 0 1 9 74 122 84 0 0 0 0 0 58 122 99 0 0 0 0 0 70 115 10 0 0 0 0 122 36 2 0 0 0 0 51 122 96 64 28 0 0 0 59 2 42 122 113 0 0 0 0 4 95 101 16 0 0 0 0 80 43 12 8 0 0 0 34 122 26 1 0 0 0 0 122 35 8 18 7 0 0 0 7 4 6 11 8 0 0 0 1 8 71 49 4 0 0 0 0 119 120 6 0 0 0 0 7 39 7 1 0 0 0 0 2 0 0 3 1 0 0 0 0 
122 3 0 0 0 0 11 80 46 2 0 0 0 1 18 56 9 5 0 0 0 1 2 1 1 0 0 0 0 0 1 1 128 29 0 0 0 0 21 128 128 34 0 0 0 1 8 57 10 2 0 0 0 33 47 8 0 0 0 0 0 18 86 14 128 58 0 0 0 0 5 42 114 23 0 0 0 67 85 97 0 0 0 0 0 128 128 12 6 0 0 0 0 32 128 106 45 2 0 0 0 1 32 57 3 0 0 0 0 82 128 50 7 4 0 0 0 87 74 22 31 9 0 0 0 1 10 44 
21 1 0 0 0 0 0 10 128 26 0 0 0 0 0 66 128 26 0 0 3 0 0 54 6 0 0 0 62 11 0 0 49 51 4 0 0 0 1 15 92 128 44 0 0 0 13 58 97 128 13 0 8 3 5 26 3 0 0 4 128 22 0 0 47 12 0 0 0 0 4 53 124 36 6 0 0 0 56 128 122 10 2 0 10 7 16 128 2 0 0 4 128 23 0 2 33 2 0 0 0 0 0 5 128 23 0 0 0 0 0 33 128 32 0 2 4 4 0 38 4 0 0 4 69 20 0 1 
36 26 16 1 0 0 0 1 15 38 107 74 0 0 0 0 0 62 86 38 0 0 0 0 0 10 83 25 0 0 0 0 130 21 4 11 0 0 0 25 130 95 101 81 0 0 0 49 4 114 130 116 0 0 0 0 0 48 130 89 0 0 0 0 60 17 20 35 0 0 0 20 130 22 8 3 0 0 0 130 49 18 52 21 0 0 0 16 5 13 27 17 0 0 0 1 5 19 65 17 0 0 0 0 130 91 25 1 0 0 0 25 77 8 1 2 0 0 0 11 1 0 3 1 0 0 0 0 
129 3 0 0 0 0 0 30 115 8 0 0 0 1 12 35 7 3 0 0 0 4 4 4 1 0 0 0 0 3 8 1 116 3 0 0 0 0 23 106 129 17 0 0 0 1 43 129 33 2 0 0 0 101 45 11 1 0 0 0 0 87 129 19 105 20 0 0 0 0 10 42 129 39 0 0 0 58 98 84 9 1 0 0 0 129 125 12 33 5 0 0 0 63 81 47 39 2 0 0 0 0 12 29 16 2 0 0 0 57 119 31 19 14 0 0 0 64 49 7 30 12 0 0 0 1 14 10 
4 18 47 41 1 7 49 23 12 39 65 35 68 7 18 20 14 2 13 71 133 10 1 4 131 9 0 1 9 1 1 52 0 0 0 6 6 16 133 65 1 0 0 5 55 67 133 113 36 4 0 3 102 133 126 21 133 52 0 0 6 6 1 23 0 0 0 1 23 4 1 0 0 0 0 18 104 11 34 2 55 11 0 3 5 1 30 22 133 18 0 0 0 0 0 82 0 0 0 1 12 0 0 0 0 0 0 11 75 5 1 0 23 8 0 2 7 3 4 19 133 11 0 0 0 0 0 32 
0 0 0 23 89 24 0 0 1 0 2 13 13 18 3 1 75 3 1 0 0 1 2 15 24 1 0 0 0 0 0 4 0 0 0 109 131 36 0 0 2 0 29 29 36 15 1 1 100 9 36 4 0 1 1 16 49 4 0 0 0 0 0 6 7 8 3 14 131 68 0 0 112 131 131 18 19 5 0 3 63 70 131 131 4 0 0 8 17 19 131 77 0 0 0 8 14 3 1 54 83 13 0 2 131 15 1 2 5 0 0 46 104 14 21 56 6 5 9 29 1 11 67 66 1 6 9 59 
0 0 0 0 0 3 2 0 88 0 0 0 0 17 17 43 132 26 6 1 13 25 11 83 23 13 10 34 16 45 17 6 0 0 0 0 0 75 30 0 84 0 1 0 0 84 48 56 132 15 5 0 2 72 79 132 2 3 1 0 11 132 100 2 4 2 4 5 3 37 22 1 22 16 19 7 1 11 5 8 37 30 46 0 0 16 86 125 13 57 37 0 0 49 73 7 15 15 15 2 0 0 0 0 19 85 65 5 0 0 0 0 18 132 132 3 0 0 0 0 7 100 132 3 0 0 0 0 
5 8 8 43 5 12 53 54 3 8 7 36 116 14 16 43 8 0 0 53 133 13 1 5 91 11 0 1 10 1 1 62 0 0 0 8 16 24 133 75 1 2 0 10 67 76 133 127 23 4 0 5 111 133 126 13 133 58 0 0 5 7 2 18 0 0 0 8 44 5 1 0 0 1 0 23 98 9 41 3 34 14 1 1 2 0 27 29 133 27 0 0 0 0 0 124 0 0 0 5 20 0 0 0 0 0 1 22 74 3 0 0 11 16 3 2 2 1 2 12 79 20 0 0 0 0 0 22 
16 24 8 30 95 0 0 3 35 40 70 3 0 0 0 5 0 5 81 4 0 0 0 0 0 3 51 3 0 0 0 0 112 52 10 35 132 1 0 14 91 92 132 7 0 0 0 31 6 12 132 16 0 6 6 5 0 5 132 29 4 18 6 0 128 3 0 56 132 1 0 39 132 13 5 3 3 2 9 108 18 13 9 1 0 59 43 34 4 41 8 3 1 39 15 0 62 0 0 29 132 0 0 20 132 8 5 28 12 5 7 50 28 30 2 14 2 12 16 21 5 12 0 0 0 5 4 2 
77 0 0 0 0 0 0 7 125 16 4 30 4 0 0 19 3 0 2 40 10 0 8 45 0 0 0 4 3 3 9 10 92 0 0 0 0 0 0 13 125 2 0 10 6 5 4 38 5 2 1 65 37 43 14 13 5 19 4 12 14 29 32 20 65 0 0 0 0 9 25 33 125 0 0 0 0 35 80 103 6 8 2 0 11 125 125 12 6 30 24 2 4 83 125 3 6 30 50 0 0 9 20 24 12 67 125 0 0 16 103 54 0 89 125 0 0 58 110 2 0 66 125 0 0 29 40 0 
0 5 4 2 5 12 0 0 2 12 16 21 28 30 2 14 12 5 7 50 132 8 5 28 132 0 0 20 62 0 0 29 1 39 15 0 4 41 8 3 0 59 43 34 18 13 10 1 3 2 9 107 132 13 5 3 132 1 0 39 129 3 0 56 4 18 6 0 0 5 132 29 0 6 6 5 6 12 132 16 0 0 0 31 91 92 132 7 132 1 0 14 112 52 10 34 0 0 0 0 0 3 50 3 0 0 0 0 0 5 81 4 0 0 0 5 36 40 70 3 95 0 0 3 16 24 8 30 
28 31 4 0 0 0 0 3 47 38 1 2 29 4 0 1 10 3 2 26 118 37 0 2 115 0 3 8 17 5 0 32 78 27 8 0 0 0 0 12 60 44 1 29 37 8 4 6 2 1 24 118 118 37 3 2 86 9 23 57 11 1 0 50 35 52 19 1 0 5 10 5 26 23 0 7 37 75 79 15 0 0 27 118 41 51 118 113 13 0 15 93 101 18 28 58 2 7 0 0 0 51 83 33 0 0 0 0 16 118 118 4 0 0 0 0 34 80 113 72 4 0 2 7 25 16 74 60 
14 17 88 46 2 0 0 3 50 102 105 35 0 0 0 0 19 120 110 4 1 1 0 0 2 36 70 19 9 12 0 0 98 24 59 57 3 0 19 99 46 67 120 94 0 0 36 107 38 69 54 16 39 22 1 11 0 2 4 6 54 46 20 0 12 0 2 72 63 3 35 57 120 13 5 2 3 0 45 120 49 5 4 7 67 32 2 37 0 0 0 18 78 22 3 0 5 0 0 66 107 0 6 7 120 12 0 10 21 0 6 50 61 2 1 1 51 21 2 8 0 0 0 2 34 26 1 0 
16 6 34 23 2 0 1 4 0 35 73 24 4 0 0 0 1 22 68 11 0 0 0 0 0 11 47 5 0 0 0 0 49 4 13 8 0 0 36 121 22 24 64 12 6 10 34 33 4 17 58 5 18 81 61 0 0 5 20 3 1 102 119 1 31 0 0 0 0 1 77 121 121 12 0 0 48 43 95 102 19 2 2 6 121 121 65 2 0 74 28 4 31 84 77 0 55 4 0 0 0 0 17 31 121 15 0 0 19 66 50 53 21 75 8 2 58 88 32 2 1 121 31 1 6 1 0 0 
89 27 1 0 0 0 0 11 103 39 12 0 0 0 0 19 49 17 1 2 30 20 14 10 0 0 1 5 37 32 96 23 130 11 0 0 0 0 0 43 130 47 8 1 5 10 8 12 16 13 0 1 62 130 44 4 0 0 0 1 94 123 57 7 130 0 0 0 0 1 33 114 59 3 0 0 5 59 130 65 0 0 0 4 56 130 130 17 0 1 1 12 24 56 21 7 10 2 0 0 2 2 29 33 0 0 0 0 2 21 130 14 22 1 0 1 1 8 93 37 16 0 0 5 3 1 5 20 
29 33 10 2 0 0 2 2 33 114 130 0 0 0 0 1 0 43 130 11 0 0 0 0 0 11 89 27 1 0 0 0 130 14 0 0 0 0 2 21 130 65 59 3 0 0 5 59 8 12 130 47 8 1 5 10 0 19 104 39 12 0 0 0 93 37 22 1 0 1 1 8 130 17 0 0 0 4 56 130 44 4 16 13 0 1 62 130 14 10 49 17 1 2 30 20 5 20 16 0 0 5 3 1 21 7 0 1 1 12 24 56 57 7 0 0 0 1 94 123 96 23 0 0 1 5 37 32 
5 20 12 2 43 3 0 0 44 47 116 18 1 0 0 2 31 10 52 16 0 0 0 1 0 0 13 2 0 0 0 0 128 60 7 2 64 5 0 3 128 86 128 63 26 3 0 27 39 23 128 96 12 3 0 29 1 1 128 89 0 0 0 1 128 13 0 11 49 2 0 10 128 3 0 24 52 2 0 52 91 5 10 27 43 2 3 116 8 1 42 14 0 3 30 24 97 0 0 1 19 2 0 14 128 1 1 23 13 0 0 25 26 4 4 82 30 7 15 47 8 7 2 2 1 13 49 23 
3 14 11 0 0 2 0 0 0 32 107 1 0 0 0 0 0 5 144 8 0 0 0 0 0 0 55 25 0 0 0 0 114 51 10 0 0 0 0 10 131 144 144 4 0 0 0 14 2 9 144 57 9 7 0 0 0 0 144 143 1 0 0 0 144 1 0 0 0 0 0 30 144 6 4 0 3 9 0 56 8 0 9 12 22 25 0 3 0 0 21 22 6 4 0 0 97 0 0 0 0 0 0 12 144 0 0 0 0 1 0 57 13 1 4 5 8 4 0 4 0 0 0 3 6 3 0 0 
110 29 0 0 0 0 0 1 139 67 2 0 0 0 0 1 10 7 9 3 0 0 0 1 1 5 8 1 0 0 0 0 139 6 0 0 0 0 0 40 139 31 17 5 0 0 1 60 8 8 31 14 1 10 14 0 4 3 6 1 0 37 38 1 91 0 0 0 0 0 0 48 139 0 0 0 0 25 96 139 4 0 3 3 1 139 139 10 0 0 0 0 0 139 139 0 10 0 0 2 0 0 1 11 14 0 0 0 0 16 100 70 0 0 0 0 0 68 116 2 0 0 0 0 0 21 41 0 
0 0 0 0 1 53 119 24 28 0 0 0 10 120 70 120 42 0 2 44 98 53 29 120 64 0 1 10 74 46 6 8 1 0 0 3 5 50 120 33 23 0 0 0 22 86 66 112 60 7 5 6 40 58 77 120 100 14 26 29 38 27 3 26 7 1 5 10 23 17 22 17 31 12 6 3 5 9 16 39 120 91 3 1 0 0 3 31 56 52 43 62 6 0 0 10 6 2 3 5 4 1 0 1 50 42 12 20 7 1 1 10 120 120 0 0 0 0 0 2 24 38 3 15 12 0 0 0 
20 33 27 3 0 1 0 0 3 58 140 11 0 0 0 0 0 4 140 26 0 0 0 0 0 0 129 29 0 0 0 0 140 27 9 0 0 0 0 24 140 108 125 8 0 0 0 22 6 7 140 39 5 13 0 0 0 0 140 84 7 6 0 0 140 1 0 0 0 0 0 25 140 2 0 0 0 4 3 45 14 0 2 3 10 39 3 5 0 0 7 6 7 7 0 0 105 1 0 0 0 0 0 16 140 1 0 0 0 0 0 62 18 1 5 3 3 3 0 6 0 0 3 2 6 4 0 0 
131 23 0 0 0 0 0 10 99 37 11 6 0 0 0 5 7 5 6 4 0 0 0 0 3 2 7 3 0 0 0 0 131 1 0 0 0 0 0 35 131 7 12 14 0 1 5 26 2 3 16 30 1 15 17 0 3 1 2 1 0 33 37 2 131 1 0 0 0 0 0 77 131 0 0 0 0 46 130 131 0 0 0 3 1 131 131 0 0 0 0 0 0 123 131 0 33 0 0 1 0 0 8 31 18 0 0 0 0 44 127 50 0 0 0 0 0 69 118 0 0 0 0 0 0 24 60 0 
0 0 0 66 92 8 0 0 0 0 0 20 17 16 1 0 55 0 0 2 0 2 1 19 45 0 0 0 0 0 0 11 0 0 0 61 139 44 0 0 0 1 23 27 56 22 1 0 67 4 42 10 1 4 1 10 82 1 1 0 0 0 0 11 3 2 0 18 139 54 0 0 92 122 84 14 25 4 0 2 82 62 139 139 1 0 0 11 39 15 91 111 1 0 0 3 6 1 0 69 102 18 0 0 139 21 0 8 8 0 0 20 139 8 21 44 16 0 0 33 19 10 51 92 21 0 0 15 
17 0 0 7 15 2 63 116 28 0 0 13 133 15 21 78 3 0 0 9 133 37 1 2 81 16 0 1 14 4 1 46 1 0 0 2 46 15 46 84 3 0 0 6 66 64 133 133 17 4 0 2 84 133 97 20 133 74 0 0 5 5 2 11 0 0 0 2 90 5 0 0 2 4 2 2 61 6 27 11 61 28 2 0 0 1 25 22 133 91 0 0 0 0 0 25 0 0 0 5 58 0 0 0 1 4 2 9 43 0 0 3 31 16 2 0 0 0 0 22 133 6 0 0 0 0 0 63 
1 0 0 0 0 13 78 57 2 1 0 0 0 132 111 30 132 0 0 0 0 106 74 44 61 0 0 8 24 20 0 9 5 0 0 0 1 39 108 67 12 0 0 0 8 132 96 46 132 0 0 0 0 46 40 81 75 0 0 1 27 132 28 24 21 0 0 0 4 38 27 40 21 1 0 0 10 60 17 18 132 15 0 0 1 13 39 111 13 17 9 19 15 90 48 25 25 6 3 0 1 10 3 12 13 31 0 0 0 3 2 3 59 131 1 0 0 0 0 8 10 46 16 24 5 0 0 2 
0 0 1 27 33 0 0 0 13 8 22 15 3 0 0 4 36 24 56 12 0 0 0 27 54 55 21 5 0 0 0 9 0 0 10 103 82 0 0 0 25 5 48 37 4 0 0 13 124 56 43 3 0 0 0 50 68 124 59 0 0 0 0 4 20 20 21 51 40 13 17 7 52 57 124 124 0 0 0 6 124 38 111 124 0 0 0 23 124 60 16 2 1 0 0 12 40 2 0 6 8 5 21 34 124 23 36 38 0 0 2 89 31 17 109 124 0 0 5 12 80 27 34 19 0 0 0 9 
123 0 0 0 17 7 0 14 145 3 0 0 3 1 0 8 3 1 1 1 8 4 0 1 6 2 1 1 0 0 0 0 145 20 6 0 16 21 8 23 145 16 7 1 0 0 0 22 5 4 19 13 8 5 4 1 13 10 6 1 1 2 14 4 105 19 5 0 3 0 1 59 145 5 0 0 0 23 135 145 2 0 1 2 5 111 145 6 3 0 0 0 0 50 145 7 13 1 0 0 0 0 6 15 12 0 0 0 0 20 130 38 0 0 0 0 0 38 139 2 0 0 0 0 0 11 67 0 
8 14 14 0 0 0 0 0 2 51 115 15 4 1 2 0 8 14 147 28 6 0 12 23 3 7 101 5 0 0 20 10 136 33 10 0 0 0 0 15 147 136 147 5 0 0 0 18 0 15 147 33 6 2 0 0 0 5 147 15 0 0 3 2 147 2 0 0 0 0 0 27 147 6 2 0 1 2 5 83 3 1 6 4 17 14 8 5 0 1 6 1 1 2 9 5 89 0 0 0 0 0 0 9 147 9 4 1 0 0 0 24 7 3 11 10 6 1 1 1 0 0 5 3 1 0 1 0 
125 7 0 0 0 0 0 15 125 32 8 2 0 0 0 0 42 28 4 1 23 14 7 4 0 0 0 0 81 40 32 27 125 4 0 0 0 0 0 36 125 28 0 0 4 4 13 32 11 12 0 0 60 125 40 7 0 0 0 2 104 111 37 7 125 0 0 0 1 0 11 98 64 0 0 0 1 7 125 125 0 0 0 1 55 125 125 46 0 0 0 5 48 65 34 5 9 3 1 0 2 1 7 21 1 0 0 0 2 3 95 54 4 0 0 4 6 12 80 87 3 0 1 16 14 5 8 23 
17 20 107 57 0 0 0 3 88 72 105 59 0 0 0 2 61 121 102 1 1 0 0 0 10 47 24 1 5 15 1 0 121 30 56 41 1 0 20 99 46 45 121 121 0 0 40 74 77 64 63 28 20 12 7 6 0 1 5 6 64 45 18 2 34 5 1 34 25 4 44 81 90 18 15 3 0 4 62 121 38 8 10 19 51 23 7 56 0 0 0 15 81 24 1 0 5 1 1 35 66 4 22 25 121 25 3 1 2 1 15 77 64 13 0 1 53 20 2 12 0 0 0 3 32 13 1 1 
7 41 73 28 12 1 0 0 30 44 123 58 0 0 0 2 123 122 39 9 0 0 0 2 26 27 1 1 26 12 2 0 123 59 24 6 4 9 11 45 53 41 123 72 0 3 43 39 45 68 123 36 6 1 3 14 9 4 3 11 60 29 4 0 123 7 5 24 7 10 21 65 52 12 12 8 18 41 123 123 53 14 11 3 16 12 14 123 0 0 0 3 76 40 1 0 9 2 6 21 15 5 18 21 89 32 16 12 6 9 24 74 102 55 7 2 24 7 1 32 0 0 0 1 51 19 0 0 
127 1 0 0 2 7 3 17 145 3 1 0 1 1 0 7 2 1 10 6 5 2 0 0 8 3 2 1 0 0 0 0 145 37 19 5 0 6 5 27 145 20 3 0 0 0 1 38 6 4 16 8 7 19 15 2 12 1 2 2 6 15 39 9 81 11 2 0 0 0 10 61 145 2 0 0 0 27 145 145 3 0 0 0 1 145 145 8 0 0 0 0 0 83 145 3 13 1 0 0 0 0 6 12 12 0 0 0 0 20 111 27 0 0 0 0 0 38 102 1 0 0 0 0 0 7 38 0 
9 12 13 0 0 0 0 0 5 55 95 8 1 0 0 0 4 25 127 65 12 5 1 4 9 9 89 12 1 1 3 9 122 22 7 0 0 0 0 12 153 142 153 1 0 0 0 18 1 24 153 54 2 0 0 0 0 3 153 37 1 0 0 0 131 2 0 0 0 0 0 23 153 8 3 0 0 0 1 104 14 2 11 6 15 11 6 14 0 0 11 1 7 6 5 3 68 1 0 0 0 0 0 7 153 12 1 0 0 0 0 39 18 8 10 3 2 4 5 8 0 0 5 4 2 2 0 0 
0 0 0 3 17 0 0 0 1 0 0 11 91 0 0 0 52 1 0 0 10 0 0 26 131 21 0 0 0 0 0 49 0 0 0 3 17 1 0 0 0 2 19 28 121 1 0 0 65 29 46 6 13 0 0 8 131 47 1 1 1 0 0 41 0 15 126 35 6 0 0 0 9 131 131 58 31 0 0 0 17 65 131 131 78 0 0 1 131 14 5 17 16 1 1 88 0 16 81 43 14 3 3 0 36 77 52 37 22 11 22 10 6 9 4 43 131 32 14 4 102 10 0 6 48 11 0 23 
66 32 0 0 0 0 0 4 83 21 0 2 2 0 0 5 20 4 0 31 115 3 0 2 70 0 0 8 45 1 1 47 110 45 1 0 0 0 0 37 101 38 1 2 2 0 0 10 23 10 7 109 115 1 3 2 52 5 35 88 42 1 1 46 115 60 13 0 0 0 1 17 75 44 14 1 2 23 20 12 13 4 7 55 36 91 110 31 1 0 19 107 48 25 94 51 48 4 1 0 0 0 108 84 3 5 3 0 1 84 115 42 0 0 0 0 19 115 102 13 0 0 0 1 10 36 81 30 
55 79 81 5 1 0 0 1 0 38 119 48 4 0 0 0 0 48 101 30 1 0 0 0 0 11 76 12 0 0 0 0 119 20 11 11 3 0 3 74 8 18 94 38 7 0 2 14 0 16 114 13 2 4 6 0 0 13 73 3 0 12 18 0 82 8 0 0 0 0 19 119 88 14 18 3 8 35 41 119 6 4 22 3 24 119 96 1 0 16 15 0 1 91 119 2 46 6 0 0 0 1 14 52 119 26 0 0 22 67 36 60 3 54 23 6 59 105 19 0 0 94 56 2 3 11 13 2 
2 12 9 0 0 1 0 0 0 39 108 0 0 0 0 0 0 11 141 15 0 0 0 0 0 0 54 29 0 0 0 0 120 65 10 0 0 0 0 10 119 141 141 4 3 2 0 10 0 17 141 81 11 3 0 0 0 0 141 141 2 0 0 0 141 3 0 0 0 0 0 30 141 9 3 1 7 6 5 67 1 0 9 15 21 9 1 1 0 2 16 34 8 2 0 0 99 4 0 0 0 0 0 17 141 5 0 0 1 0 0 68 12 0 1 6 13 2 0 3 0 0 1 3 7 5 0 0 
102 33 0 0 0 0 0 0 136 103 2 0 0 0 0 1 9 10 9 1 0 0 0 2 0 6 9 2 0 0 0 0 136 11 0 0 0 0 0 33 136 43 12 2 0 0 0 43 10 12 24 6 0 7 4 1 1 5 9 0 0 28 34 0 88 0 0 0 0 0 0 56 136 4 4 1 0 17 85 136 3 1 8 5 0 136 136 15 0 0 0 0 0 136 136 2 6 0 0 0 0 0 0 10 11 0 0 0 0 15 99 82 0 0 0 0 0 67 136 4 0 0 0 0 0 24 48 0 
65 36 0 0 0 0 0 2 80 43 0 1 12 0 0 1 33 6 0 14 116 10 0 10 93 2 1 4 11 2 0 31 116 57 1 0 0 0 0 23 93 56 4 6 15 0 1 6 23 6 14 98 116 1 2 8 101 2 9 31 14 0 1 82 116 68 5 0 0 1 17 39 52 37 5 2 5 80 68 12 2 1 6 70 47 102 116 43 18 3 7 46 46 15 46 90 26 1 0 0 0 2 116 89 3 0 0 0 0 93 116 51 3 0 0 0 5 85 78 19 42 2 2 1 0 5 25 48 
8 51 23 22 28 0 0 0 6 70 122 36 0 0 0 0 90 67 122 37 0 0 0 0 122 30 4 0 1 2 1 2 122 55 5 7 29 11 0 8 122 113 108 28 0 0 4 5 9 38 122 69 0 0 4 3 24 45 38 14 10 3 1 0 122 1 0 0 5 20 9 56 122 5 0 0 0 29 29 71 20 1 9 2 0 15 33 64 4 0 6 6 21 3 0 2 107 5 0 3 6 1 0 27 96 0 0 5 23 81 43 61 57 3 2 5 11 37 42 122 15 0 0 0 8 6 4 30 
28 18 1 0 0 0 0 8 135 114 0 0 0 0 0 55 95 42 0 0 0 0 0 21 2 6 0 0 0 0 1 0 93 121 0 0 0 0 0 8 135 135 0 0 0 0 3 25 43 41 0 0 0 0 32 15 2 2 0 0 0 0 17 9 106 23 0 0 0 0 9 82 90 9 0 0 0 11 135 135 7 0 0 0 0 26 135 72 18 0 0 0 0 0 74 130 4 0 0 0 0 0 17 28 9 4 0 0 0 3 103 46 39 7 0 0 0 4 64 66 84 2 0 0 0 0 3 76 
30 43 74 9 0 0 0 3 3 20 128 71 0 0 0 0 3 104 94 15 0 0 0 0 24 128 24 0 0 0 0 0 128 35 21 2 0 0 0 115 70 28 128 100 0 0 0 85 2 70 128 67 1 0 0 1 12 103 43 0 0 0 0 1 128 7 0 0 0 0 0 69 128 17 2 2 0 0 0 103 13 2 16 13 8 2 1 9 8 5 7 5 3 0 1 10 103 54 3 0 0 0 0 12 128 38 1 0 0 0 0 14 17 5 4 5 0 0 0 1 1 1 6 5 0 0 0 0 
5 0 0 0 0 0 45 118 15 0 0 0 1 5 19 56 8 7 2 0 1 10 5 2 7 3 0 0 0 0 0 0 62 2 0 0 0 0 25 132 132 22 1 0 0 1 9 97 11 11 5 2 1 16 19 2 2 1 0 0 0 9 44 4 132 22 0 0 0 0 2 34 132 55 0 0 1 78 28 35 4 1 0 0 1 132 132 1 0 0 0 0 0 60 132 23 88 2 0 0 0 0 11 31 58 2 0 0 0 129 120 54 0 0 0 0 0 132 112 0 0 0 0 0 0 38 73 17 
38 8 1 27 68 9 0 3 136 25 0 0 1 3 2 34 62 8 17 28 14 125 29 16 13 0 1 6 5 44 58 72 12 0 0 36 136 27 4 17 109 0 0 0 8 45 136 136 49 0 0 0 1 136 136 58 13 0 0 0 0 34 75 55 0 0 0 13 136 57 1 0 8 1 0 2 28 38 48 6 136 5 0 0 0 5 29 20 35 2 0 0 0 0 0 4 0 0 0 15 106 21 0 0 7 2 0 11 27 1 0 0 113 5 0 0 0 0 0 1 25 2 0 0 0 0 0 0 
0 0 0 13 42 0 0 0 1 0 0 18 68 2 1 2 37 2 0 0 0 0 0 29 133 13 0 0 0 0 0 36 0 0 0 11 44 0 0 0 0 11 20 47 107 0 0 0 43 45 56 7 3 0 0 4 133 16 2 1 0 0 0 59 0 13 49 21 12 0 0 0 19 133 133 53 32 0 0 0 7 94 133 133 88 0 0 0 120 6 6 37 27 1 2 72 2 37 87 74 6 0 0 1 31 133 35 23 17 6 19 24 2 16 3 77 133 8 4 5 27 1 0 19 89 7 1 11 
135 7 0 2 1 0 4 22 135 9 3 0 0 0 0 4 0 2 18 8 2 0 0 0 4 0 4 4 2 0 0 0 135 51 11 4 1 0 3 33 135 10 2 0 0 0 1 45 4 2 10 4 7 16 12 3 7 0 0 3 11 19 26 4 104 10 0 0 0 0 17 68 135 1 0 0 0 26 118 132 2 0 0 0 0 135 135 5 0 0 0 0 0 103 135 1 27 3 0 0 0 0 10 16 17 0 0 0 0 34 135 35 0 0 0 0 0 56 132 0 0 0 0 0 0 17 49 0 
17 20 21 3 0 0 0 0 11 53 129 12 0 0 0 0 4 28 140 68 11 2 1 0 4 13 109 33 2 2 2 2 144 27 8 0 0 0 0 18 144 104 144 2 0 0 0 16 1 16 144 30 2 0 0 0 0 2 144 47 2 0 0 0 144 1 0 0 0 0 0 30 144 5 3 0 0 0 0 84 10 2 10 3 11 5 6 11 0 0 6 2 14 8 2 1 91 0 0 0 0 0 0 13 144 4 1 0 0 0 1 43 9 2 6 1 1 4 11 12 0 0 1 1 4 5 1 0 
9 37 14 0 0 0 0 0 3 29 133 11 0 0 0 0 3 26 90 22 0 0 0 0 7 81 29 0 0 0 0 0 120 55 4 0 0 0 0 24 108 136 136 22 0 0 0 36 2 21 136 122 0 0 0 1 12 107 136 12 0 0 0 0 108 7 0 0 0 0 0 47 136 20 5 0 0 0 0 136 35 4 39 21 1 2 1 47 0 6 39 10 8 2 1 1 67 5 0 0 0 0 0 21 136 42 0 0 0 0 0 27 70 14 0 0 0 0 0 18 0 0 1 6 4 0 0 0 
24 0 0 0 0 0 23 103 133 6 0 0 0 0 17 104 21 9 9 3 1 1 0 4 2 4 2 0 0 0 2 1 96 11 0 0 0 0 7 42 139 66 0 0 0 1 2 35 33 11 0 2 3 71 33 4 0 0 0 0 0 29 105 10 125 5 0 0 0 0 4 30 139 11 0 0 0 38 95 139 5 0 0 0 0 139 139 17 0 0 0 0 0 52 139 14 18 0 0 0 0 0 8 31 8 0 0 0 0 26 113 61 0 0 0 0 0 66 96 2 0 0 0 0 0 26 45 1 
99 0 0 0 59 55 10 16 144 0 0 0 3 1 2 17 5 2 0 1 5 1 0 1 8 2 0 0 0 0 0 1 144 12 0 0 74 69 0 15 144 14 6 3 1 1 0 16 9 10 9 7 4 4 4 3 5 14 3 4 3 4 10 2 114 18 3 4 25 15 1 45 144 9 1 1 0 37 128 128 3 1 2 2 2 94 144 9 2 2 0 0 1 47 144 5 12 0 0 1 4 0 5 16 13 0 0 0 0 26 126 41 0 0 0 0 0 34 136 1 0 0 0 0 0 9 78 0 
8 14 13 0 0 0 1 1 2 39 121 16 3 4 13 12 2 9 143 29 1 1 52 86 10 7 69 6 0 0 83 63 135 30 10 0 0 0 0 15 143 106 143 13 1 1 0 25 0 8 143 49 3 3 1 1 4 10 143 18 0 0 4 4 143 3 0 0 0 0 0 14 143 19 2 2 1 2 2 50 2 3 7 11 8 7 5 4 0 1 8 2 0 1 7 3 112 1 0 0 0 0 0 6 143 18 1 3 1 1 1 20 2 2 3 14 4 3 2 1 0 0 8 4 0 0 0 0 
7 0 0 0 0 4 52 66 1 1 0 0 0 99 131 5 63 1 0 0 0 105 112 41 77 2 0 1 6 3 6 20 4 0 0 0 0 38 106 104 5 0 0 0 3 131 131 17 131 21 0 0 0 39 61 53 131 13 0 3 5 32 17 16 15 0 0 0 1 42 29 42 23 0 0 0 8 78 16 13 131 10 0 0 0 2 30 104 49 3 1 1 1 123 116 51 4 0 0 0 0 7 9 8 8 12 1 0 0 7 1 2 48 59 0 0 0 0 14 46 6 43 12 3 0 14 25 13 
2 0 0 3 6 0 0 1 36 10 13 0 0 0 0 19 44 70 46 0 0 0 0 19 29 112 22 0 0 0 0 0 0 3 35 37 19 0 0 0 25 6 62 10 0 0 0 29 127 39 10 0 0 0 0 89 127 81 15 0 0 0 0 9 43 66 65 39 18 1 0 1 23 49 127 127 0 0 0 0 127 41 127 90 0 0 0 23 127 18 7 1 0 0 0 40 98 11 1 3 6 6 2 42 114 29 67 40 0 0 1 44 12 12 127 111 0 0 4 5 51 28 46 12 0 0 0 7 
7 45 29 28 29 0 0 0 8 69 117 31 0 0 0 0 117 97 106 17 0 0 0 0 70 18 1 1 6 10 4 2 117 52 5 7 21 18 5 19 115 87 117 21 0 2 10 18 12 47 117 26 0 0 5 9 8 15 13 23 39 10 1 0 117 1 0 6 7 10 9 59 117 0 0 0 11 58 90 102 33 0 3 0 4 14 42 117 1 0 0 2 64 28 1 5 60 6 5 18 7 0 2 24 46 11 17 17 33 49 30 78 108 52 19 7 7 6 12 109 13 4 0 1 40 15 0 7 
2 0 0 55 144 2 0 0 68 4 2 8 16 2 0 15 26 1 0 0 0 0 0 5 1 1 0 0 0 0 0 0 16 0 0 78 144 9 0 4 84 6 5 12 50 5 0 19 56 6 3 0 0 0 0 7 2 2 2 0 0 0 0 0 47 8 2 85 144 21 0 7 78 128 144 22 66 0 0 4 25 42 144 16 0 0 1 10 0 2 144 27 0 1 1 0 30 3 0 13 144 18 0 4 144 39 20 7 25 12 2 27 20 15 75 8 1 25 35 63 5 1 73 8 0 4 16 14 
0 0 0 0 0 0 1 0 11 0 0 0 0 0 2 2 139 8 1 0 5 1 0 24 32 3 1 2 34 19 8 5 0 0 0 0 0 4 13 1 7 0 0 0 0 14 42 7 139 1 0 0 2 11 28 94 45 1 4 34 35 51 35 27 1 4 4 0 0 30 66 2 3 14 33 3 0 36 78 6 118 35 75 0 0 9 77 139 13 16 64 3 0 47 139 43 1 69 95 0 0 0 4 1 0 112 139 2 0 5 7 0 3 139 139 2 0 17 38 3 0 26 139 2 0 14 30 2 
0 4 15 14 4 0 74 9 1 24 35 64 19 15 76 8 24 12 2 27 144 39 20 7 144 18 0 4 30 3 0 12 0 1 1 0 0 2 144 27 0 0 1 10 25 41 144 18 66 1 0 4 78 128 144 22 144 22 0 7 48 8 3 82 0 0 0 0 2 2 2 0 0 0 0 7 57 6 3 0 51 5 0 19 84 7 5 12 144 10 0 4 17 0 0 77 0 0 0 0 1 1 0 0 0 0 0 5 27 1 0 0 17 2 0 14 67 4 2 8 144 2 0 0 2 0 0 53 
9 4 5 25 58 15 0 0 134 28 1 1 3 0 0 33 134 7 0 2 0 10 11 40 23 1 4 20 15 121 23 4 2 1 5 63 134 22 1 1 54 3 0 2 16 18 53 134 82 0 0 0 0 106 134 134 25 0 0 0 1 134 134 29 0 0 0 25 134 48 0 0 0 0 0 2 50 49 23 6 8 1 1 0 2 29 90 10 94 4 0 0 0 4 15 13 0 0 0 17 83 49 0 0 0 0 0 22 32 7 0 0 8 2 4 5 4 0 0 0 64 3 0 0 0 0 0 0 
0 0 0 9 24 1 2 0 8 0 0 0 1 1 4 15 62 8 0 0 0 0 2 33 133 36 0 0 0 0 0 51 0 1 3 29 68 0 0 0 8 38 44 4 4 1 1 1 76 32 29 3 0 0 0 9 133 4 0 0 0 0 1 106 3 125 55 45 32 0 0 0 0 133 133 82 33 0 0 0 10 19 99 133 45 1 0 1 80 5 3 8 12 3 23 70 41 133 18 5 0 0 4 7 12 89 29 83 100 0 4 8 0 0 0 111 133 11 0 0 26 1 0 12 46 10 4 8 
0 0 0 0 0 1 33 9 12 0 0 0 0 1 41 107 4 0 0 0 0 0 118 126 2 0 0 0 0 22 126 90 0 0 0 2 1 4 12 4 25 19 1 0 0 1 9 42 21 70 47 4 0 0 13 53 3 4 30 29 2 17 45 39 0 0 24 50 0 1 0 0 126 115 17 7 0 0 0 1 99 126 126 66 0 0 0 0 0 1 112 126 7 0 0 0 0 0 30 50 0 0 0 0 126 65 41 20 0 0 0 15 126 52 52 51 1 2 9 38 0 0 63 94 3 1 7 0 
6 16 11 0 0 2 0 0 1 36 122 2 0 0 0 0 0 3 144 11 0 0 0 0 0 0 68 27 0 0 0 0 118 36 7 0 0 0 0 11 144 144 144 5 0 0 0 17 3 10 144 49 11 8 0 0 0 0 144 135 3 0 0 0 137 0 0 0 0 0 0 26 144 3 1 0 2 5 2 61 14 1 6 8 20 23 2 5 0 0 18 16 6 4 0 0 80 0 0 0 0 0 0 10 144 1 0 0 0 0 0 64 23 1 4 4 8 3 0 7 0 0 0 3 7 3 0 0 
126 30 0 0 0 0 0 2 136 58 3 0 0 0 0 2 9 5 9 3 0 0 0 1 1 5 8 1 0 0 0 0 136 4 0 0 0 0 0 42 136 28 19 6 0 1 2 57 6 6 27 15 0 21 21 1 4 2 4 1 0 51 53 1 105 0 0 0 0 0 0 55 136 0 0 0 0 35 127 136 1 0 2 2 0 136 136 4 0 0 0 0 0 136 136 0 12 0 0 2 0 0 3 14 13 0 0 0 0 21 104 55 0 0 0 0 0 62 94 1 0 0 0 0 0 16 31 0 
2 13 10 0 0 1 0 0 0 37 116 0 0 0 0 0 0 9 141 9 0 0 0 0 0 0 66 28 0 0 0 0 122 61 11 0 0 0 0 12 127 141 141 2 2 3 0 14 0 15 141 66 12 6 0 0 0 0 141 131 1 0 0 0 141 2 0 0 0 0 0 32 141 6 1 1 4 6 1 85 4 0 7 13 18 11 0 4 0 1 12 20 7 2 0 0 86 13 0 0 0 0 0 14 141 12 0 0 0 0 0 66 19 0 0 6 10 3 0 5 0 0 1 3 8 6 0 0 
115 26 0 0 0 0 0 1 136 73 2 0 0 0 0 0 6 9 9 2 0 0 0 1 1 5 9 4 0 0 0 0 136 9 0 0 0 0 0 35 136 36 16 3 0 0 0 43 8 10 21 7 0 10 6 0 1 4 8 0 0 28 39 0 99 0 0 0 0 0 0 51 136 2 4 2 0 22 101 136 2 1 5 5 0 136 136 9 0 0 0 0 0 130 136 7 8 0 0 1 0 0 0 11 12 0 0 0 0 19 102 79 0 0 0 0 0 63 136 3 0 0 0 0 0 20 53 1 
0 0 0 3 86 86 2 0 0 0 0 0 56 61 11 2 69 12 0 0 4 3 0 1 120 15 0 0 0 0 0 0 0 0 0 85 120 25 40 16 5 5 31 116 36 19 25 31 120 4 9 13 0 1 1 30 120 11 0 0 0 0 0 12 5 1 10 120 66 0 31 56 26 8 67 120 6 0 4 34 75 0 27 120 13 1 1 32 120 0 0 3 0 0 0 55 3 1 37 120 9 0 0 9 7 4 92 120 5 0 1 9 9 0 8 116 37 1 11 12 80 1 4 12 2 0 1 28 
0 0 0 0 57 81 0 0 33 4 0 0 95 103 1 6 118 27 5 4 1 4 1 29 85 10 0 0 1 0 1 79 0 0 0 0 65 118 0 0 46 0 0 0 84 100 1 48 100 4 2 12 15 6 12 112 106 3 0 2 21 7 15 118 0 0 0 0 25 118 0 0 11 4 7 19 46 39 0 22 118 26 10 22 19 2 4 115 118 31 25 34 28 1 0 26 2 10 1 0 3 28 3 1 0 79 38 9 1 1 0 0 73 118 71 8 0 0 0 2 75 54 30 39 0 0 0 0 
14 0 1 6 8 3 64 110 17 0 0 15 135 21 24 72 14 3 0 7 135 32 0 8 117 35 0 0 3 1 0 57 0 0 0 2 46 13 41 74 1 0 0 5 70 68 135 135 49 10 0 0 66 99 61 15 135 77 0 0 0 1 0 21 0 0 0 3 83 1 0 0 3 5 1 4 62 3 20 9 100 28 0 0 0 0 13 22 135 71 0 0 0 0 0 36 0 0 0 6 51 0 0 0 1 4 1 9 47 0 0 4 43 13 1 0 0 0 0 26 135 3 0 0 0 0 0 78 
0 0 0 5 22 0 0 0 1 0 0 19 88 0 0 0 50 1 0 1 8 0 0 25 131 10 0 0 0 0 0 62 0 0 0 3 22 2 0 0 0 0 5 22 131 1 0 0 49 20 22 3 18 0 0 13 131 41 1 0 0 0 0 34 0 12 84 22 8 0 0 0 3 131 131 57 47 0 0 0 13 81 131 113 51 0 0 0 131 13 11 22 15 1 0 75 0 20 104 51 14 3 1 0 24 131 72 35 14 8 12 12 5 22 19 72 131 32 11 6 69 2 0 15 62 16 0 24 
18 58 27 0 0 0 0 0 3 56 133 6 0 0 0 0 1 23 133 31 0 0 0 0 13 78 73 1 0 0 0 0 133 80 5 0 0 0 0 36 88 133 133 5 0 0 0 35 0 16 133 59 0 0 0 0 0 56 133 10 1 0 0 0 125 6 0 0 0 0 0 93 133 12 1 0 0 0 0 133 18 1 9 4 1 3 4 40 0 0 7 5 10 5 2 0 76 14 0 0 0 0 0 10 133 42 0 0 0 0 0 36 58 10 0 0 0 0 1 20 0 1 1 4 2 1 0 0 
72 1 0 0 0 0 14 80 133 9 1 0 0 0 0 57 7 5 11 5 1 0 0 0 1 3 1 0 0 0 0 1 133 29 0 0 0 0 1 25 133 56 0 0 0 0 0 17 9 4 1 3 4 41 17 1 0 0 0 0 1 21 61 10 133 6 0 0 0 0 3 56 133 4 0 0 0 35 87 133 1 0 0 0 0 133 133 11 0 0 0 0 0 38 133 39 27 0 0 0 0 0 19 57 5 0 0 0 0 36 133 80 0 0 0 0 0 95 123 5 0 0 0 0 0 11 74 13 
64 0 0 0 73 77 24 17 148 3 0 1 4 4 7 21 6 2 0 2 7 3 0 1 9 2 0 0 0 0 0 1 120 13 0 1 90 89 0 20 148 12 4 2 1 1 0 22 13 5 9 10 5 3 1 2 8 10 6 3 1 1 3 2 84 25 0 4 31 22 0 34 148 14 2 0 0 18 98 136 7 1 3 4 4 78 148 14 2 3 1 0 0 25 148 11 11 0 0 1 5 1 2 13 20 0 0 0 0 16 127 49 0 0 0 0 0 36 148 2 0 0 0 0 0 8 112 0 
4 13 12 0 0 1 3 1 0 34 89 22 1 6 21 19 3 11 111 19 1 2 71 104 20 9 53 1 0 0 89 82 132 45 16 0 0 0 0 12 106 124 148 15 2 0 0 15 1 12 148 33 4 2 1 1 8 15 148 10 0 1 5 8 148 3 0 0 0 0 0 22 148 17 6 1 3 4 3 54 0 2 13 5 8 10 5 4 0 2 10 2 0 3 9 3 133 2 0 0 0 0 0 5 148 19 2 3 2 1 1 11 0 2 6 10 6 2 1 1 0 1 7 3 0 0 0 0 
126 6 0 0 0 0 0 17 126 30 5 0 0 0 0 1 40 28 3 0 25 19 7 3 0 0 0 0 96 40 23 24 126 2 0 0 0 1 0 31 126 25 0 0 4 3 11 33 13 11 0 0 68 126 32 8 0 0 0 2 103 108 33 5 122 1 0 0 3 0 4 78 89 0 0 0 1 6 126 126 1 0 0 2 59 126 126 46 0 0 0 5 52 59 32 4 9 4 0 1 2 0 3 20 2 1 0 0 2 3 86 60 4 0 0 5 6 11 76 89 3 0 1 17 14 5 8 20 
3 15 12 69 93 0 0 0 7 40 129 48 2 0 0 0 0 7 140 10 0 0 0 0 0 3 140 1 0 0 0 0 37 4 0 23 140 9 0 4 140 81 84 4 17 1 0 7 8 16 140 9 0 0 1 1 0 3 140 3 0 0 0 0 36 1 0 29 140 7 0 4 140 6 0 4 21 1 4 56 18 1 5 2 0 1 17 24 1 0 8 1 0 0 1 11 12 0 0 32 124 4 0 6 140 0 0 5 38 3 1 72 27 0 0 0 0 0 2 28 0 0 0 0 0 0 1 16 
133 0 0 0 0 0 0 22 133 0 0 0 0 0 0 16 4 0 0 0 3 14 0 0 0 0 0 0 2 15 0 0 133 3 0 0 0 0 0 33 133 3 1 0 1 1 7 31 4 1 1 2 19 28 20 1 0 0 0 0 4 37 38 0 133 35 0 0 0 0 5 46 90 3 13 1 0 17 133 87 0 8 26 0 2 89 133 3 0 16 52 1 1 101 133 0 22 75 68 0 0 0 3 22 2 51 133 6 0 7 39 5 0 46 133 4 0 7 29 1 0 47 108 0 0 5 3 0 
83 30 27 38 32 10 1 15 40 18 107 126 0 0 2 10 1 1 55 126 0 0 0 0 4 0 5 10 1 0 0 1 126 4 3 61 28 3 7 74 92 19 19 57 0 3 35 63 3 10 56 126 60 57 8 0 2 0 9 43 80 26 0 0 126 13 10 49 35 2 13 59 51 13 3 7 6 58 81 124 3 5 2 2 34 126 54 6 3 0 0 0 35 55 0 1 88 9 0 15 104 7 17 37 9 0 0 5 56 38 116 34 4 0 0 0 0 54 36 5 4 0 0 0 0 1 0 1 
0 0 0 0 39 115 0 0 39 5 0 0 64 110 3 9 115 23 4 9 3 4 1 26 85 13 0 0 0 0 3 84 0 0 0 0 19 117 6 0 36 1 0 2 51 82 2 51 90 5 0 6 22 5 4 117 106 2 0 9 28 5 33 117 0 4 1 0 2 88 9 1 4 19 33 29 20 14 0 11 117 68 39 23 14 1 0 84 117 42 23 71 26 1 2 11 9 40 10 0 0 4 1 2 0 117 81 3 0 0 0 0 26 117 117 2 0 0 0 0 39 68 34 44 0 0 0 0 
94 1 3 0 0 0 0 21 94 13 77 82 0 0 0 20 76 78 91 19 0 0 0 5 117 28 1 0 0 0 0 12 101 12 0 0 0 0 0 31 135 23 59 41 0 0 0 124 30 87 135 54 0 0 0 4 45 59 7 0 0 0 0 2 24 74 60 3 0 0 0 2 135 102 12 2 0 0 0 89 98 13 31 15 0 0 0 25 2 9 6 3 0 0 0 2 0 54 135 17 0 0 0 0 54 135 62 4 0 0 0 3 51 19 2 0 0 0 0 6 0 0 0 2 0 0 0 0 
128 7 4 6 0 0 0 39 73 15 70 128 3 0 0 14 4 15 125 98 0 0 0 0 109 46 36 7 0 0 0 4 128 42 38 1 0 0 0 47 128 25 45 81 0 0 0 94 6 7 128 128 0 0 0 1 30 76 109 10 0 0 0 1 23 64 128 25 0 0 0 3 128 77 66 2 0 0 0 40 32 2 31 32 0 0 0 5 0 13 37 8 0 0 0 0 0 10 78 14 0 0 0 0 13 26 58 1 0 0 0 0 9 3 1 0 0 0 0 3 0 0 1 2 0 0 0 0 
8 0 0 0 0 39 82 48 34 0 0 0 0 1 12 74 13 2 0 0 0 0 0 4 0 0 0 0 1 2 0 0 122 10 0 0 0 14 39 74 122 38 0 0 0 3 2 53 24 7 0 0 0 32 42 6 6 0 0 0 0 6 19 16 122 74 0 0 0 1 5 35 122 68 0 0 0 122 89 18 30 1 0 0 0 122 122 83 66 0 0 0 0 2 18 98 59 49 0 0 0 43 47 1 15 5 0 0 0 122 122 7 68 2 0 0 0 41 48 110 121 15 0 0 0 0 0 65 
3 2 1 0 16 70 68 8 0 0 3 58 36 55 103 124 25 0 6 64 124 37 23 47 79 0 1 1 4 3 0 88 0 0 0 0 12 123 124 5 4 0 0 0 34 72 124 124 86 20 22 14 49 34 85 117 54 24 58 36 3 0 1 92 9 2 1 10 17 22 29 25 31 10 6 7 6 8 19 33 124 56 2 1 0 0 1 24 82 39 20 46 4 0 0 3 7 3 0 3 1 0 1 4 33 16 6 5 0 0 0 12 124 68 3 0 0 0 0 14 48 13 0 1 3 1 1 0 
71 0 0 1 67 71 14 12 116 13 2 3 21 30 12 18 14 2 0 0 1 0 1 10 1 0 0 0 0 2 4 5 134 14 1 0 134 71 3 15 134 4 1 2 39 10 4 42 15 8 2 3 2 1 2 4 2 1 3 2 2 12 14 5 126 5 1 3 134 79 1 12 134 5 0 1 22 24 65 113 7 4 1 2 1 74 134 13 1 0 0 1 1 113 134 1 27 0 0 0 43 69 18 9 22 0 0 0 4 17 78 44 0 0 0 0 0 35 121 1 0 0 0 0 0 18 43 0 
105 15 0 0 0 0 0 30 126 20 0 0 0 0 0 32 47 7 0 0 0 0 0 3 5 0 0 0 0 3 3 2 126 121 0 0 0 1 3 19 126 54 0 0 0 2 7 42 34 2 0 0 0 21 59 16 1 0 0 0 0 41 83 18 97 49 0 0 0 51 35 49 126 0 0 0 0 71 62 126 2 0 0 0 0 126 126 10 1 0 0 0 0 69 126 71 43 0 0 0 0 24 26 27 49 0 0 0 0 84 109 48 0 0 0 0 0 73 99 17 3 0 0 0 0 10 35 34 
132 32 2 3 1 0 0 7 132 12 3 0 0 0 0 5 2 4 17 4 1 0 0 0 0 0 3 7 9 2 0 0 132 40 8 2 0 0 11 52 132 2 0 0 0 0 1 52 7 0 0 0 3 22 18 5 1 0 0 0 12 38 35 0 119 8 0 0 0 0 19 58 132 1 0 0 0 21 127 126 2 0 0 0 0 132 132 5 0 0 0 0 0 115 132 0 32 6 0 0 0 1 13 16 14 1 0 0 0 33 132 28 0 0 0 0 0 60 127 0 0 0 0 0 0 19 46 0 
25 21 21 6 0 0 0 1 12 41 136 26 0 0 0 0 11 51 126 36 8 0 0 0 0 0 97 70 9 5 6 0 142 24 4 0 0 0 0 14 142 117 142 8 0 0 0 10 1 22 142 28 0 0 0 0 0 0 142 62 1 0 0 0 142 1 0 0 0 0 0 33 142 6 2 0 0 0 0 82 17 5 15 1 2 0 1 13 0 0 11 7 16 5 0 0 95 0 0 0 0 0 0 11 142 0 0 0 0 0 0 49 17 0 1 0 0 1 11 26 0 0 0 0 5 9 6 1 
94 28 1 0 0 0 0 7 155 156 49 0 0 0 0 6 106 69 21 0 0 0 0 0 3 8 2 0 0 0 0 0 136 7 7 1 0 0 0 39 156 66 13 0 0 0 0 124 39 43 13 0 0 0 0 4 2 1 0 0 0 0 0 1 51 16 22 5 0 0 0 12 156 13 3 0 0 0 0 156 88 4 1 0 0 0 0 44 0 0 0 1 2 0 2 3 14 28 15 0 0 0 0 0 156 64 7 0 0 0 0 48 137 5 0 0 0 0 0 39 0 0 0 3 2 0 0 0 
76 22 0 0 0 0 0 10 83 11 0 5 15 0 0 9 15 2 2 55 118 2 1 8 67 5 3 9 18 2 1 75 106 48 0 0 0 0 0 30 114 31 1 5 9 0 0 5 15 8 33 118 118 2 5 2 22 8 49 92 28 2 4 55 118 52 5 0 0 0 0 33 109 32 4 1 6 22 8 16 11 2 16 42 50 118 118 11 1 1 18 59 46 64 118 18 92 23 3 0 0 5 30 17 15 16 4 0 10 118 98 7 0 0 0 0 40 118 46 2 2 0 1 0 11 30 52 9 
96 34 34 17 2 0 0 11 0 6 92 92 18 0 0 0 0 16 116 57 1 0 0 0 0 2 53 50 0 0 0 0 116 15 4 5 2 0 4 116 27 11 74 52 7 1 8 36 0 5 87 70 2 3 3 0 0 2 85 49 0 0 0 0 105 14 0 0 0 0 28 116 116 42 5 5 13 67 50 84 1 1 17 17 13 81 116 12 0 0 20 13 0 6 116 23 82 38 6 0 0 1 8 17 86 42 5 0 18 84 84 21 1 36 63 8 33 67 55 5 0 20 75 1 0 3 66 12 
0 0 0 6 14 2 1 0 11 0 0 0 0 1 4 21 119 7 0 0 0 0 3 37 128 14 0 0 0 0 0 89 0 1 0 27 53 1 0 0 18 26 17 1 2 1 1 3 104 22 12 0 0 0 0 27 128 1 0 0 0 0 12 128 1 62 16 48 47 0 0 0 4 128 128 50 16 0 0 0 19 26 97 122 26 2 1 3 93 6 1 6 7 3 40 75 40 128 13 11 5 0 1 0 23 128 34 80 69 0 2 0 0 0 2 128 128 3 0 0 31 1 0 15 40 4 3 14 
51 1 0 0 0 0 1 41 178 50 0 0 0 0 1 64 70 17 0 0 0 0 0 0 1 0 0 0 1 1 0 0 118 7 0 0 0 0 0 10 178 49 0 0 0 0 0 22 65 9 0 0 1 3 4 4 2 0 0 0 1 4 0 1 104 1 0 0 4 1 0 14 178 0 0 0 0 0 22 133 40 0 0 0 0 0 55 98 7 1 0 0 0 1 2 10 46 2 0 0 1 0 0 7 118 1 0 0 0 0 53 154 52 0 0 0 0 0 57 178 9 0 0 0 0 0 36 42 
5 0 0 1 3 0 0 2 47 14 8 0 0 0 0 36 86 116 16 0 0 0 0 32 39 100 15 0 0 0 0 0 0 7 35 21 11 0 0 1 31 16 63 3 0 0 0 36 135 27 6 0 0 0 0 91 135 29 1 1 4 0 0 14 43 87 80 29 11 0 0 0 18 62 135 91 0 0 0 0 135 67 135 58 0 0 0 28 135 22 8 1 2 2 3 39 112 17 2 4 8 2 0 39 95 35 69 23 0 1 3 35 5 18 135 50 0 1 8 7 16 24 35 5 0 1 1 2 
127 67 0 0 0 0 2 25 55 12 0 0 0 102 50 29 1 0 0 0 0 104 127 50 19 0 0 0 0 0 27 92 99 9 0 0 0 14 63 126 7 0 0 0 0 127 127 49 51 2 0 0 0 73 77 115 127 1 0 0 0 0 2 94 11 0 0 0 0 16 65 28 27 18 0 0 0 33 63 21 114 58 0 0 0 1 6 27 127 6 0 0 0 0 1 44 7 6 0 0 0 0 2 8 29 40 0 0 0 3 8 6 63 31 0 0 0 3 24 17 81 5 0 0 0 0 9 53 
55 30 44 10 0 0 0 3 41 20 130 58 0 0 0 29 45 18 70 113 3 0 0 50 1 2 10 118 8 0 0 0 130 35 13 1 0 0 0 52 130 42 130 40 0 0 0 64 16 28 130 78 0 0 0 4 0 4 66 130 2 0 0 0 110 57 7 0 0 0 0 19 130 82 3 0 0 0 0 39 36 24 42 24 0 0 0 1 0 0 60 83 0 0 0 0 44 64 27 0 0 0 0 3 130 58 10 0 0 0 0 17 37 13 8 1 0 0 0 3 0 0 11 12 0 0 0 0 
106 70 0 0 0 0 0 6 121 54 0 0 0 0 0 9 42 4 0 0 0 0 0 6 4 0 0 0 0 4 8 4 111 104 0 0 1 17 13 42 121 19 0 0 0 6 11 88 18 1 0 0 0 28 78 20 0 0 0 0 0 66 90 14 111 17 0 0 6 87 27 35 121 0 0 0 0 76 36 114 1 0 0 0 0 121 121 16 0 0 0 0 0 84 121 41 58 0 0 0 0 25 11 23 68 0 0 0 0 95 89 43 0 0 0 0 0 99 66 26 0 0 0 0 0 19 34 22 
23 5 0 0 0 0 0 3 122 10 0 0 0 0 0 26 142 114 8 0 0 0 0 25 22 39 8 1 0 0 0 1 27 11 0 0 0 0 0 1 104 13 2 0 0 0 0 45 142 10 2 0 0 0 0 142 47 6 7 5 0 0 0 18 32 14 2 0 0 0 0 1 45 76 27 0 0 0 0 5 142 82 23 0 0 0 0 142 111 3 0 0 0 1 0 57 15 29 47 8 0 0 0 0 105 115 83 7 0 0 0 0 60 141 115 0 0 0 0 6 71 28 3 0 0 0 0 12 
3 3 3 0 0 0 0 10 44 3 5 5 0 0 0 44 37 3 28 56 0 0 0 35 9 2 27 52 0 0 0 6 26 17 43 11 0 0 0 5 48 8 73 48 0 0 0 26 120 20 17 13 0 0 0 46 48 44 103 40 0 0 0 1 79 32 55 4 0 0 0 15 120 20 120 120 0 0 0 45 120 36 97 120 0 0 0 18 120 92 44 5 0 0 0 7 10 69 49 1 0 0 0 3 120 65 76 23 0 0 0 52 72 25 99 120 0 0 0 15 94 28 36 27 0 0 0 5 
79 3 0 0 0 1 10 60 25 0 0 0 0 59 124 71 127 14 0 0 0 105 102 43 79 7 0 0 0 21 32 13 61 12 0 0 1 26 26 32 24 0 0 0 1 127 113 15 127 48 0 0 0 95 53 37 65 6 0 0 1 127 71 61 41 18 0 0 9 63 16 6 36 1 0 0 8 110 8 12 127 9 0 0 0 89 62 75 25 0 0 0 0 95 58 73 8 2 0 0 2 40 11 2 11 0 0 1 10 24 2 7 20 0 0 0 0 18 40 35 4 0 0 0 0 7 30 27 
133 0 0 1 42 34 1 19 108 10 0 2 33 35 5 26 16 3 1 0 0 1 3 9 0 0 0 0 0 0 6 5 133 13 0 0 133 30 0 14 133 6 0 0 91 21 0 37 19 5 1 0 0 4 7 5 2 1 0 0 3 29 24 10 133 1 0 1 133 45 0 26 133 7 0 0 85 33 52 89 8 2 0 0 0 98 133 11 0 0 0 0 2 128 117 2 60 0 0 0 26 43 16 37 25 0 0 0 14 25 55 37 0 0 0 0 0 34 89 3 0 0 0 0 0 14 19 0 
127 36 0 0 0 0 1 40 127 24 0 0 0 113 30 28 6 0 0 0 0 127 121 38 59 0 0 0 0 3 33 77 127 28 0 0 0 7 46 61 43 5 0 0 0 127 127 44 88 16 0 0 0 117 57 52 127 2 0 0 0 0 2 88 29 0 0 0 0 15 45 40 33 23 0 0 0 52 63 12 102 44 0 0 0 2 21 30 89 4 0 0 0 2 47 97 10 0 0 0 0 0 4 15 29 17 0 0 0 3 11 10 47 27 0 0 0 12 25 17 7 3 0 0 0 25 52 8 
13 19 22 47 96 3 0 0 24 66 143 24 1 0 0 0 0 16 143 5 0 0 0 0 0 12 143 0 0 0 0 0 80 8 0 19 143 15 0 5 143 60 49 4 4 1 4 26 2 8 119 6 0 0 7 11 0 5 85 2 0 0 1 3 62 0 0 33 143 5 0 23 143 0 0 0 16 1 4 93 9 0 0 0 0 0 8 38 0 0 0 0 0 0 8 17 33 0 0 15 143 3 0 9 143 0 0 0 20 0 0 42 24 0 0 0 0 0 0 7 1 0 0 0 0 0 2 8 
140 0 0 0 0 0 0 29 62 1 0 0 2 3 0 8 0 0 0 0 10 17 0 0 0 0 0 0 2 7 1 0 140 1 0 0 0 0 0 42 107 3 0 0 8 12 1 14 0 0 0 0 10 38 10 0 0 0 0 0 0 11 33 0 140 15 0 0 0 0 21 70 57 1 1 0 5 35 140 59 0 2 18 0 4 123 140 0 0 5 31 2 0 67 140 0 29 63 69 0 0 0 12 26 2 27 140 7 1 8 85 8 0 53 140 2 0 29 51 0 0 29 140 3 0 8 19 0 
73 11 0 0 0 0 5 36 131 12 0 0 0 0 1 67 61 9 0 0 0 0 0 12 1 0 0 0 0 1 0 0 100 53 0 0 0 0 0 20 131 129 0 0 0 0 4 36 54 29 0 0 0 9 43 8 2 0 0 0 1 4 20 8 88 106 0 0 0 1 34 18 96 78 0 0 0 54 131 50 30 1 0 0 0 79 131 83 75 0 0 0 0 1 35 81 18 2 0 0 0 6 92 16 2 0 0 0 0 47 131 13 89 0 0 0 0 14 59 98 122 0 0 0 0 0 0 72 
10 4 3 0 0 0 0 4 60 6 1 0 0 0 0 20 136 86 38 0 0 0 0 8 13 57 97 0 0 0 0 0 16 17 10 1 0 0 0 0 53 10 27 4 0 0 0 23 136 20 5 0 0 0 0 102 93 24 38 2 0 0 0 17 31 68 66 37 0 0 0 0 13 34 136 50 0 0 0 2 136 40 98 7 0 0 0 98 136 5 1 0 0 0 0 67 30 41 88 81 0 0 0 0 44 55 136 69 0 0 0 0 28 33 136 46 0 0 0 4 73 25 17 0 0 0 0 16 
43 0 0 0 0 0 15 50 13 0 0 0 0 63 60 9 9 0 0 0 0 127 117 17 46 1 0 0 0 11 38 39 44 0 0 0 0 39 127 85 4 0 0 0 0 127 127 9 117 5 0 0 0 125 105 63 127 26 0 0 0 0 12 45 0 0 0 0 0 43 86 14 17 0 0 0 0 64 56 7 127 6 0 0 0 3 18 59 127 20 0 0 0 0 95 78 0 0 0 0 0 16 12 2 6 0 0 0 0 7 14 9 29 8 0 0 0 0 37 40 106 54 0 0 0 0 30 33 
2 4 15 20 0 0 0 1 14 13 26 15 0 0 0 1 26 22 67 43 0 0 0 1 0 6 22 28 0 0 0 0 26 7 19 17 0 0 0 6 34 6 37 59 3 0 0 5 126 46 67 93 0 0 0 58 22 18 126 126 0 0 0 7 63 6 23 12 0 0 0 10 39 18 68 71 0 0 0 5 126 17 42 65 0 0 0 125 126 13 86 102 0 0 0 80 39 14 55 88 0 0 0 0 76 95 68 47 0 0 0 0 53 40 126 81 0 0 0 14 126 27 17 3 0 0 0 36 
110 13 0 0 0 0 0 67 133 29 0 0 7 133 9 67 44 0 0 0 7 133 70 28 98 0 0 0 0 5 23 66 133 32 0 0 0 10 21 38 122 27 0 0 5 133 92 41 118 29 0 0 4 131 27 34 88 4 0 0 0 23 107 76 49 2 0 0 0 17 35 34 37 28 0 0 0 69 56 17 71 22 0 0 0 32 28 27 60 11 0 0 0 57 61 19 11 1 0 0 0 0 5 16 31 11 0 0 0 1 15 14 17 3 0 0 0 29 23 4 17 0 0 0 0 13 11 11 
1 16 10 0 0 3 0 0 0 34 126 1 0 2 0 0 0 2 126 31 0 1 0 0 0 0 29 24 0 0 0 0 113 55 11 0 0 1 0 33 103 98 126 15 0 0 0 68 0 2 126 119 3 0 0 2 0 0 126 126 1 0 0 0 126 23 0 0 0 0 0 24 126 39 11 19 0 0 5 108 2 0 3 18 12 5 20 55 0 1 21 24 17 68 6 0 126 5 0 0 0 0 0 12 126 27 12 56 4 0 2 19 1 3 2 63 17 11 37 29 7 22 18 1 24 44 22 1 
131 21 0 0 0 0 0 1 132 33 13 14 0 0 0 1 6 8 38 66 16 3 2 6 8 28 11 24 15 2 13 10 132 14 0 0 0 0 0 26 132 37 3 0 0 2 0 33 7 23 6 8 50 58 0 1 38 77 6 3 16 27 24 4 92 0 1 1 0 0 0 61 132 4 0 0 2 67 36 132 10 7 0 0 11 132 132 13 16 10 0 0 0 132 132 8 6 0 1 2 0 0 0 9 19 0 0 1 0 40 79 101 0 0 0 0 0 101 83 5 0 0 0 0 0 18 33 0 
10 3 0 7 126 37 0 0 126 59 37 6 28 6 0 0 39 19 126 36 6 1 6 13 3 2 104 47 0 0 15 12 22 1 1 59 126 17 0 4 126 4 2 8 36 12 26 71 69 2 4 12 19 124 71 51 23 7 12 3 0 9 66 64 14 0 0 9 126 36 1 5 32 0 0 0 73 29 97 75 49 0 0 0 0 61 118 71 12 1 0 0 0 1 102 62 3 0 0 6 126 50 0 0 13 1 0 5 50 13 1 1 78 5 0 0 0 0 0 4 6 0 0 0 0 0 1 0 
0 0 0 3 16 0 0 0 1 0 1 14 66 0 0 0 99 13 1 1 3 0 0 15 120 23 0 3 6 0 0 18 0 6 77 32 8 0 0 0 2 67 115 62 36 0 0 0 90 27 100 71 24 0 0 12 120 6 0 10 16 0 0 59 0 16 93 65 16 11 3 0 29 120 69 62 40 1 0 14 21 15 25 111 120 4 0 11 120 5 0 8 27 2 0 97 0 4 27 8 0 4 95 14 6 3 14 22 12 27 120 17 9 0 0 14 120 58 56 7 120 6 0 1 23 9 0 9 
0 10 5 0 0 3 0 0 0 46 108 0 0 1 0 0 0 9 134 24 0 0 0 0 0 0 49 30 0 0 0 0 107 53 7 0 0 1 0 16 134 134 134 12 1 0 0 45 1 11 134 86 5 0 0 0 0 0 134 134 8 1 0 0 126 15 0 0 0 0 0 29 134 20 0 2 2 0 0 116 17 1 5 15 19 1 0 8 0 1 15 32 17 3 0 0 105 35 4 0 0 0 0 0 134 45 12 20 7 0 1 66 21 1 0 6 10 1 4 47 0 0 1 4 10 2 0 0 
106 42 0 0 0 0 0 0 140 116 5 2 0 0 0 4 8 13 13 1 0 0 0 0 2 4 11 1 3 5 0 0 140 10 0 0 0 0 0 27 140 35 4 1 0 1 0 37 4 21 11 0 0 30 21 0 3 13 4 1 14 100 28 1 87 0 0 1 0 0 0 66 140 8 2 0 0 54 84 140 0 2 1 0 0 140 140 7 8 11 1 0 1 68 140 26 3 0 0 2 0 0 0 7 9 0 0 1 0 22 92 75 0 0 0 0 0 67 93 3 0 0 0 0 0 7 57 1 
12 13 21 59 98 1 0 0 19 47 139 29 10 0 0 0 0 9 139 3 0 0 0 0 0 5 139 4 0 0 0 0 78 8 0 25 139 8 0 10 139 47 64 7 24 0 2 34 2 6 139 4 0 0 2 10 0 2 94 10 0 0 0 0 60 0 0 38 139 5 0 17 139 0 0 9 44 3 1 99 11 0 0 0 0 0 3 42 0 0 0 1 0 0 6 8 20 0 0 20 124 2 0 7 139 0 0 9 65 0 0 53 26 0 0 0 0 0 0 13 0 0 0 0 0 0 6 7 
133 0 0 0 0 0 0 25 65 6 0 0 1 0 0 5 0 0 0 0 9 9 0 0 0 0 0 0 6 6 0 0 133 0 0 0 0 0 0 46 119 1 0 0 3 11 1 15 0 0 0 0 6 45 12 0 0 0 0 0 0 20 41 0 133 15 2 0 0 0 15 63 74 7 17 0 3 51 133 53 0 20 47 0 2 133 133 0 0 28 75 1 0 86 133 0 26 93 66 0 0 0 12 20 1 51 133 4 0 18 80 9 0 59 133 1 0 25 54 0 0 35 96 2 0 5 15 0 
24 0 0 0 0 0 0 8 102 5 0 0 0 0 0 23 163 26 0 0 0 0 0 19 51 5 1 1 0 0 0 0 35 14 7 0 0 0 0 11 83 16 8 0 0 0 0 28 163 9 0 0 0 0 0 163 78 1 0 1 2 0 1 31 40 25 22 3 0 0 0 4 41 43 41 2 0 0 0 2 163 44 30 1 0 0 0 112 163 3 1 1 1 0 0 46 42 24 23 16 0 0 0 25 68 36 42 46 1 0 0 12 155 118 23 1 0 0 0 6 129 18 0 0 0 0 0 10 
27 1 0 0 0 0 0 3 146 22 0 0 0 0 0 26 146 105 1 0 0 0 0 23 19 10 3 1 0 0 0 0 31 4 0 0 0 0 0 5 146 7 0 0 0 0 0 73 146 11 1 0 0 0 0 146 21 3 4 6 0 1 0 10 38 3 0 0 0 0 0 6 80 46 0 0 0 0 0 14 146 85 1 0 0 0 0 146 81 3 0 1 1 1 0 45 21 20 4 0 0 0 0 1 104 94 34 0 0 0 0 0 119 146 42 0 0 0 0 8 59 22 3 0 0 0 0 11 
0 2 2 0 0 3 0 0 0 27 65 0 0 3 0 0 0 6 114 15 0 1 0 0 0 0 23 20 1 0 0 0 74 70 9 0 0 2 0 13 79 146 146 8 0 0 0 25 0 14 146 108 4 0 0 0 0 0 118 146 1 0 0 0 141 14 0 0 0 0 0 41 146 31 7 5 1 0 0 113 9 0 13 33 18 0 0 5 0 0 33 89 8 5 0 0 119 21 0 0 0 0 0 1 146 50 10 7 4 0 1 53 7 0 0 7 13 7 9 52 0 0 1 2 11 20 2 0 
62 34 0 0 0 0 0 0 147 139 0 0 0 0 0 0 19 21 13 8 0 0 0 0 0 3 19 13 10 6 0 0 147 14 0 0 0 0 0 24 147 57 3 0 0 0 0 61 13 28 9 0 0 24 15 0 3 14 5 3 25 72 22 3 53 0 1 1 0 0 0 40 147 3 0 0 0 21 70 147 12 4 0 0 0 147 147 28 2 3 0 0 1 88 147 15 1 0 1 2 0 0 0 1 8 0 1 2 0 8 63 69 0 0 0 1 0 73 95 14 0 0 0 1 0 12 37 0 
1 1 3 6 58 18 0 0 0 0 0 0 127 66 0 0 95 3 0 0 26 8 0 1 127 5 0 0 0 0 0 1 3 1 0 6 127 31 1 0 2 0 1 24 127 102 6 7 127 1 1 3 6 12 6 29 127 1 0 0 0 0 0 19 0 0 0 27 111 38 36 2 4 2 38 127 127 12 14 6 96 8 53 75 7 0 0 25 127 0 0 1 0 0 0 39 0 0 0 75 88 9 23 8 10 1 8 70 48 4 33 53 25 2 11 67 31 0 3 22 109 1 2 7 3 0 0 23 
4 0 0 32 85 2 1 17 19 0 7 26 16 1 12 79 59 5 38 51 7 1 6 83 73 8 20 3 0 0 0 75 0 0 0 66 126 0 0 3 6 0 0 29 82 4 68 75 126 11 13 5 4 1 40 126 107 31 27 1 1 0 0 33 0 0 0 47 126 0 0 0 5 9 5 48 126 1 2 3 126 75 6 7 2 0 2 28 126 21 0 0 3 1 0 11 0 0 0 12 126 0 0 0 16 3 0 13 118 0 0 0 126 32 0 0 0 0 0 0 84 11 1 1 1 0 3 3 
3 11 9 0 0 0 0 0 1 31 121 2 0 0 0 0 0 2 139 18 0 0 0 0 0 0 46 22 0 0 0 0 116 30 9 0 0 0 0 14 139 131 139 5 3 2 0 38 1 6 139 93 10 3 0 2 0 0 139 139 0 0 0 0 123 6 0 0 0 0 0 21 139 8 0 0 1 2 0 112 22 0 5 14 16 3 0 10 0 1 19 30 7 2 0 0 61 53 0 1 0 0 0 1 139 52 2 3 1 0 0 40 41 1 1 4 7 4 0 12 0 0 3 3 7 4 0 0 
128 23 0 0 0 0 0 0 141 60 2 0 0 0 0 2 6 9 10 2 0 0 0 1 4 4 7 2 0 0 0 2 141 5 0 0 0 0 0 29 141 34 9 1 0 3 0 40 4 14 11 2 0 40 26 1 1 2 3 1 0 74 68 3 97 0 0 0 0 0 0 52 141 2 4 1 0 59 111 141 0 1 2 1 0 141 141 2 2 1 0 0 0 85 141 39 7 0 0 0 0 0 0 9 13 0 0 0 0 29 93 63 0 0 0 0 0 62 83 0 0 0 0 0 0 8 37 2 
36 41 19 21 7 0 0 0 0 86 128 28 9 0 0 0 0 11 139 38 0 0 0 0 0 0 127 27 0 0 0 0 139 29 5 5 0 0 0 21 139 139 89 8 1 0 0 10 8 19 139 64 0 0 0 0 0 0 139 45 0 0 0 0 139 1 0 0 0 0 0 47 139 6 0 0 0 0 0 72 34 1 8 8 3 0 0 7 0 0 18 6 9 14 0 0 88 0 0 0 0 0 0 31 139 0 0 0 0 0 0 55 45 1 1 0 3 6 0 7 0 0 0 0 13 23 0 0 
131 1 0 0 0 0 0 14 131 5 2 1 0 0 0 13 6 2 15 11 0 0 0 1 0 0 17 13 0 0 0 0 131 2 0 0 0 0 0 15 131 13 1 0 0 2 6 20 5 5 3 0 0 23 38 1 0 0 2 1 0 41 73 1 121 14 1 0 0 0 1 105 91 5 0 0 0 19 129 131 0 0 0 0 0 131 131 4 0 0 0 0 0 121 131 0 28 28 3 0 0 0 17 33 12 11 1 0 0 36 110 40 0 0 0 0 0 82 123 1 0 0 0 0 0 45 53 0 
55 3 0 0 0 0 1 17 86 14 0 0 0 2 103 89 125 0 0 0 0 2 79 142 66 1 0 0 1 1 0 15 16 0 0 0 0 0 10 19 25 0 0 0 0 1 79 67 146 50 0 0 0 0 26 77 126 18 0 0 1 1 2 13 5 0 0 0 0 4 5 8 74 16 0 0 0 0 3 8 146 86 0 0 0 0 15 141 56 5 0 0 0 0 20 130 6 2 0 0 0 1 0 2 54 10 0 0 0 0 2 12 58 13 0 0 0 0 39 125 65 0 0 0 0 0 9 146 
50 3 0 34 137 9 0 5 137 20 3 8 14 30 25 45 15 7 12 7 2 34 72 80 7 5 3 2 0 19 82 8 67 0 0 36 137 21 3 16 53 0 0 3 60 58 137 102 27 0 0 0 0 36 137 81 1 0 0 0 0 32 137 7 64 0 0 11 137 35 0 8 77 2 0 5 96 12 12 9 88 1 0 0 0 0 1 7 3 0 0 0 0 0 0 0 17 0 0 34 137 2 0 2 54 1 0 14 74 1 0 2 67 0 0 0 0 0 0 2 1 0 0 0 0 0 0 0 
0 0 0 0 2 0 0 0 0 0 0 9 73 0 0 0 97 0 0 6 43 0 0 27 133 1 0 5 35 0 0 53 0 0 0 0 3 0 0 0 0 0 1 15 88 0 0 0 110 9 16 15 66 0 0 9 133 17 2 17 59 0 0 28 0 40 121 3 1 0 0 0 0 43 133 68 23 0 0 0 49 67 133 100 47 0 0 5 133 12 5 26 55 0 0 69 0 36 92 5 3 9 3 0 4 33 86 77 10 6 13 2 8 34 31 50 133 11 12 6 125 10 0 10 60 2 1 42 
7 14 37 37 11 4 12 7 47 18 28 25 13 12 29 34 122 7 0 0 0 0 7 115 16 0 1 0 0 0 14 28 3 25 50 52 122 37 2 1 19 10 29 11 74 53 22 53 53 11 26 0 0 0 45 122 5 2 12 0 0 0 122 111 10 6 8 12 122 122 34 5 31 94 112 12 33 10 0 4 18 122 122 0 0 0 1 15 2 14 122 21 0 0 15 14 57 2 0 0 0 42 44 25 122 54 1 0 0 0 0 17 36 88 9 1 1 0 0 0 0 4 17 6 6 1 0 0 
0 0 0 0 3 22 37 1 1 0 0 0 88 125 12 2 125 44 0 0 26 36 3 8 33 19 3 3 0 0 0 1 4 0 0 0 3 82 125 23 21 0 0 0 20 125 83 8 125 13 0 0 1 23 13 87 24 3 2 0 0 0 12 83 26 34 23 22 28 30 24 15 39 13 79 70 18 39 22 7 125 10 22 8 0 3 31 84 3 0 0 0 0 5 115 95 38 47 16 6 3 10 9 15 45 46 125 82 0 0 2 20 8 6 80 125 60 14 21 10 0 0 0 9 26 19 91 8 
12 1 0 0 0 0 0 6 88 3 0 0 0 0 0 26 160 45 0 0 0 0 0 25 85 13 0 0 0 0 0 1 28 10 8 1 0 0 0 7 61 18 7 1 0 0 0 23 160 10 0 0 0 0 0 160 123 3 0 0 0 0 0 56 29 14 26 10 0 0 0 4 25 45 51 5 0 0 0 2 160 31 36 4 0 0 0 97 160 3 1 0 0 0 0 67 12 11 33 47 0 0 0 1 77 45 20 22 0 0 0 3 123 96 44 4 0 0 0 5 160 27 0 0 0 0 0 13 
8 16 9 0 0 2 0 0 3 28 96 13 0 0 1 0 0 6 133 18 0 0 0 0 0 0 67 13 0 0 0 0 104 24 5 0 0 0 0 9 155 155 146 13 0 0 0 19 13 32 155 70 2 1 0 1 0 0 155 107 6 1 0 0 104 1 0 0 0 0 0 23 155 8 1 0 0 0 0 67 61 3 18 8 13 29 2 9 0 0 15 24 16 13 0 0 65 0 0 0 0 0 0 7 155 0 0 0 0 0 1 47 45 0 1 3 5 9 3 17 0 0 5 4 3 1 0 0 
130 13 0 0 0 0 0 12 140 52 11 3 0 0 0 14 5 8 17 9 0 0 0 0 5 3 2 0 0 0 0 0 140 0 0 0 0 0 0 29 140 6 4 2 0 4 11 68 10 4 17 21 0 43 68 2 0 1 3 5 1 81 78 0 85 1 0 0 1 0 0 40 140 1 0 0 0 39 120 140 1 0 0 0 0 140 140 8 0 0 0 0 0 120 140 0 14 0 0 3 0 0 4 10 16 0 1 0 0 20 90 30 0 0 0 0 0 49 69 1 0 0 0 0 0 12 18 0 
92 79 0 0 0 0 0 5 124 64 0 0 0 0 0 11 47 5 0 0 0 0 0 7 4 0 0 0 0 3 9 5 95 97 0 0 0 36 14 38 124 11 0 0 0 11 16 112 22 1 0 0 0 32 95 24 0 0 0 0 0 64 107 13 104 10 0 0 1 98 23 33 124 0 0 0 0 73 39 111 5 0 0 0 0 124 124 21 0 0 0 0 0 72 124 35 43 0 0 0 0 21 9 20 59 0 0 0 0 68 96 44 0 0 0 0 0 82 67 28 0 0 0 0 0 15 34 20 
0 0 0 0 0 37 56 2 0 0 0 0 76 124 25 0 124 18 0 0 24 55 4 16 78 15 0 0 0 0 0 13 4 0 0 0 10 93 124 26 4 0 0 0 19 124 100 4 124 7 0 0 2 33 23 53 59 0 0 0 0 0 12 123 19 40 17 17 54 22 14 15 19 6 43 74 37 37 22 9 124 11 17 5 0 0 14 68 19 0 0 0 0 4 76 73 27 42 19 6 20 22 2 3 25 43 124 92 2 0 0 6 15 7 124 124 12 1 10 18 0 0 0 27 17 10 76 11 
20 0 0 0 0 10 87 59 160 0 0 0 0 0 10 132 38 0 0 0 8 1 0 4 8 1 0 0 1 0 0 0 85 1 0 0 0 3 38 62 160 36 0 0 0 0 1 66 65 6 0 0 8 2 2 3 12 3 0 0 1 0 0 0 148 20 0 0 0 0 0 16 160 72 0 0 0 0 17 96 23 1 0 0 0 1 44 69 10 0 0 0 0 0 4 12 92 20 0 0 0 0 5 7 90 13 0 0 0 2 93 152 42 0 0 0 0 0 75 160 16 0 0 0 0 0 4 41 
0 1 6 9 0 0 0 0 24 3 5 6 0 0 0 3 123 10 10 4 0 0 0 35 45 9 40 82 0 0 0 17 14 2 35 46 0 0 0 15 9 7 61 54 0 0 0 2 123 17 11 2 0 0 0 72 123 7 13 24 0 0 0 101 84 4 11 10 0 0 0 29 123 15 123 123 0 0 0 12 36 44 123 123 0 0 0 9 123 63 39 3 0 0 0 37 55 34 2 0 0 0 0 2 123 55 24 11 0 0 0 11 48 23 123 92 0 0 0 2 9 46 102 23 0 0 0 0 
74 13 0 0 1 66 9 5 1 0 0 0 1 136 72 18 136 0 0 0 0 16 48 136 67 0 0 0 0 15 18 17 41 10 0 0 1 136 46 8 15 0 0 0 1 136 36 27 136 4 0 0 0 15 39 95 54 1 0 0 0 104 136 28 2 0 0 0 0 97 54 3 43 2 0 0 0 28 14 15 136 7 0 0 0 59 59 34 4 0 0 0 0 114 113 11 6 2 0 0 0 8 6 1 38 5 0 0 0 0 0 3 49 4 0 0 6 42 10 8 0 0 0 0 2 18 9 1 
76 27 0 0 0 0 0 7 135 157 26 0 0 0 0 3 81 89 19 1 0 0 0 0 4 6 6 1 0 0 0 0 139 6 0 0 0 0 0 46 157 72 12 0 0 0 0 88 33 38 22 10 0 0 0 3 9 3 4 7 0 0 0 1 63 31 15 0 0 0 0 19 157 19 6 0 0 0 0 157 83 1 2 7 0 2 2 40 5 0 2 8 1 1 1 2 21 69 69 1 0 0 0 0 157 116 72 1 0 0 0 48 108 13 0 1 1 1 0 34 1 0 0 1 1 0 0 0 
29 7 3 0 0 0 0 1 133 10 7 2 0 0 0 45 90 71 91 20 0 0 0 29 93 66 12 0 0 0 0 6 15 5 8 5 2 0 0 7 138 3 0 0 0 0 0 68 142 40 59 6 0 0 0 142 39 49 37 2 0 0 0 7 5 4 10 10 4 0 0 3 79 58 8 0 1 0 0 11 142 75 4 0 0 0 0 124 83 5 6 1 0 0 0 28 7 27 61 6 0 0 0 0 19 142 94 1 0 0 0 0 105 142 44 0 0 0 0 3 44 20 0 0 0 0 0 6 
26 12 1 67 109 0 0 9 31 42 49 2 6 0 0 6 1 15 95 0 0 0 0 0 0 6 59 6 0 0 0 0 111 24 2 88 115 0 0 41 109 115 115 9 19 1 0 20 2 30 115 15 5 23 2 2 0 27 103 32 19 12 0 0 115 0 0 63 115 1 0 70 115 8 2 23 34 11 8 98 21 30 2 0 5 68 17 19 8 27 2 0 48 57 2 0 89 0 0 39 62 0 0 51 110 8 1 36 52 8 4 64 43 18 0 7 6 15 9 10 2 1 0 0 43 85 1 1 
50 63 0 2 5 1 0 0 9 7 12 24 48 12 5 6 59 2 4 99 90 3 3 60 40 0 0 77 78 0 0 50 57 50 2 0 12 22 1 0 9 65 18 20 25 25 1 0 35 8 9 112 112 11 2 35 106 0 0 103 107 0 0 89 31 14 0 0 2 37 82 21 8 27 1 2 2 50 112 11 7 1 0 25 94 112 112 10 112 0 0 47 89 29 2 112 1 0 0 0 0 13 72 5 0 0 0 0 1 28 97 0 0 0 0 7 25 38 46 1 70 0 0 13 23 10 1 64 
6 3 0 0 0 0 0 1 67 14 1 0 0 0 0 6 86 21 57 47 0 0 0 6 0 1 23 61 1 0 0 0 15 10 9 1 0 0 0 2 86 11 3 1 0 0 0 18 137 26 22 45 0 0 0 56 25 18 91 137 1 0 0 2 3 14 137 32 0 0 0 0 17 48 96 24 0 0 0 2 137 64 36 1 0 0 0 85 123 16 50 73 0 0 0 33 0 11 137 56 0 0 0 0 0 31 137 97 0 0 0 0 53 89 137 0 0 0 0 6 82 26 11 1 0 0 0 12 
59 40 0 0 0 0 0 12 126 87 0 0 0 23 32 27 26 9 0 0 0 113 126 16 32 0 0 0 0 14 50 58 80 67 0 0 0 21 44 20 37 34 0 0 0 126 126 24 32 0 0 0 0 126 126 84 126 5 0 0 0 1 13 126 15 1 0 0 0 35 83 12 1 0 0 0 0 66 83 4 66 4 0 0 0 7 18 52 126 39 0 0 0 0 0 51 0 0 0 0 0 4 13 2 2 0 0 0 0 8 14 2 56 1 0 0 0 1 14 27 126 3 0 0 0 0 0 66 
26 23 26 64 84 0 0 1 22 56 139 19 5 0 0 0 0 17 139 2 0 0 0 0 0 12 139 2 0 0 0 0 124 10 0 34 139 3 0 26 139 36 51 6 17 0 1 68 2 4 89 4 0 0 2 14 0 2 55 9 2 0 1 0 105 1 0 39 139 2 0 27 139 0 0 11 39 2 0 94 9 0 0 0 0 0 7 33 0 0 0 0 1 3 11 4 43 0 0 20 122 2 0 13 139 0 0 10 64 1 0 60 17 0 0 0 0 1 4 6 0 0 0 0 0 1 6 4 
134 1 0 0 0 0 0 26 40 7 2 1 1 0 0 3 0 0 1 4 12 4 0 0 0 0 0 1 6 4 0 0 134 0 0 0 0 0 0 42 78 2 0 0 4 14 2 8 0 0 0 0 9 33 10 0 0 0 0 1 3 9 27 0 134 8 0 0 0 0 18 70 56 7 10 0 2 77 132 37 0 19 43 0 1 126 134 0 0 22 67 4 0 82 134 0 37 82 61 0 0 1 22 26 1 52 134 1 0 37 112 12 0 56 134 0 0 40 100 1 0 30 102 2 0 14 44 0 
61 81 58 55 9 0 0 0 5 40 138 29 3 0 0 0 0 23 138 1 0 0 0 0 0 18 138 0 0 0 0 0 138 19 7 39 47 1 0 37 99 44 87 23 20 1 1 52 2 10 138 6 0 0 3 8 0 7 86 2 0 0 2 0 138 0 0 26 53 0 1 55 136 0 0 27 58 0 6 99 20 0 0 0 0 1 14 19 0 0 0 0 0 1 14 3 138 0 0 11 37 0 0 55 119 0 0 34 69 3 1 67 37 0 0 0 1 3 4 14 0 0 0 0 0 1 7 2 
9 27 9 0 1 29 35 9 7 9 0 23 22 97 104 66 18 1 2 76 126 29 44 71 83 1 1 0 16 1 0 67 2 0 0 0 2 96 126 79 2 0 0 0 13 126 126 62 93 15 20 1 45 33 92 126 77 20 46 27 9 0 0 87 44 15 0 2 5 8 31 75 22 5 14 10 10 12 25 20 126 70 9 0 0 0 1 21 91 35 12 52 5 0 0 6 22 24 0 0 0 0 0 1 24 4 3 0 0 0 0 13 126 44 4 0 0 0 0 32 49 12 0 2 3 1 0 3 
14 58 23 0 0 0 0 0 2 105 134 0 0 0 0 0 1 70 134 1 0 0 0 0 3 114 80 0 0 0 0 0 134 91 6 0 0 0 0 27 90 134 98 0 0 0 0 38 1 36 134 5 0 0 0 2 0 35 64 3 5 2 0 0 104 4 0 0 0 0 0 115 118 10 0 0 0 0 2 134 24 1 2 1 1 4 8 66 0 0 2 3 7 4 1 0 58 7 0 0 0 0 0 15 134 24 0 0 0 0 0 46 93 12 0 0 0 0 0 22 3 3 2 1 0 0 0 0 
112 6 0 0 0 0 1 51 132 19 1 0 0 0 0 36 6 4 9 6 2 0 0 0 2 4 1 0 0 0 0 1 132 38 0 0 0 0 0 13 132 53 0 0 0 1 1 18 4 3 0 4 4 34 23 2 0 0 0 0 0 9 39 15 132 2 0 0 0 0 4 82 97 1 0 0 0 40 103 132 0 0 0 0 0 132 132 18 0 0 0 0 0 13 132 82 15 0 0 0 0 0 17 65 1 0 0 0 0 29 132 80 0 0 0 0 0 58 132 15 0 0 0 0 0 3 85 37 
21 21 5 43 99 0 0 3 32 46 71 1 0 0 0 3 0 23 117 0 0 0 0 0 0 14 88 4 0 0 0 0 107 34 8 69 120 0 0 24 111 96 120 1 0 0 0 34 5 41 120 5 2 20 3 3 1 28 98 16 12 27 0 0 120 0 0 64 120 0 0 55 120 11 0 7 13 2 3 117 17 15 1 0 4 77 17 29 10 43 2 0 6 30 4 0 62 0 0 62 108 0 0 33 120 4 7 24 33 3 5 65 37 21 3 7 1 13 13 14 7 7 0 0 7 12 2 1 
11 1 0 0 0 0 0 6 110 5 2 0 0 0 0 21 91 18 41 90 1 0 0 21 16 19 61 29 0 0 0 0 17 9 9 5 1 0 0 5 110 20 4 0 0 0 0 29 132 30 39 54 0 0 0 104 22 40 119 65 0 0 0 3 2 26 130 49 0 0 0 0 21 74 128 21 0 0 0 2 132 96 24 4 0 0 0 78 76 12 34 23 0 0 0 18 0 18 126 65 0 0 0 0 0 48 132 57 0 0 0 0 51 117 91 9 0 0 0 3 43 14 3 0 0 0 0 4 
42 2 0 0 0 5 42 55 78 16 0 0 0 21 18 48 9 1 0 0 0 76 89 17 5 0 0 0 0 6 31 49 114 52 0 0 0 22 33 25 61 25 0 0 0 121 121 23 20 0 0 0 0 121 121 112 119 4 0 0 0 1 14 121 26 19 0 0 0 95 92 2 2 0 0 0 0 121 91 5 67 0 0 0 0 8 29 78 121 7 0 0 0 0 0 121 0 0 0 0 0 15 21 0 0 0 0 0 0 20 13 2 44 5 0 0 0 4 10 29 121 25 0 0 0 0 0 27 
27 24 49 8 2 9 1 5 125 14 7 2 0 0 2 63 64 0 0 0 0 0 11 82 0 0 0 0 0 4 20 5 2 26 70 45 62 21 8 0 41 17 18 5 22 23 65 125 22 15 20 0 0 0 125 125 1 9 28 0 0 13 125 20 6 15 28 38 125 97 19 5 39 125 88 12 28 9 6 17 23 125 125 0 0 0 18 16 1 32 125 9 2 0 21 1 37 3 0 0 6 71 43 30 125 49 0 0 0 1 1 30 56 61 3 2 1 2 1 1 0 1 1 6 8 2 0 0 
0 0 0 0 10 11 10 0 0 0 0 0 102 80 4 1 116 42 0 0 68 42 1 3 26 14 6 1 0 0 0 0 0 0 0 0 0 33 123 21 13 0 0 0 46 123 71 9 123 16 0 0 20 51 8 77 24 5 6 2 1 0 5 46 30 20 1 3 7 13 123 43 35 13 27 35 39 104 39 17 123 7 11 5 0 11 39 106 3 0 0 0 0 2 101 121 74 33 5 6 4 2 3 13 47 57 120 58 6 2 2 13 14 9 74 114 65 16 34 14 0 0 0 1 14 14 85 36 
5 0 0 0 0 48 65 43 25 0 0 0 0 56 96 148 111 2 0 0 0 63 101 113 80 2 0 0 0 0 0 46 17 0 0 0 0 32 13 16 51 5 0 0 0 41 79 46 148 43 0 0 0 17 19 33 148 16 0 0 0 1 0 22 8 1 0 0 1 9 3 3 82 5 0 0 2 12 10 9 148 18 0 0 0 0 0 73 148 7 0 0 8 45 2 32 1 0 0 0 0 3 4 6 42 7 0 0 1 2 2 12 148 45 0 0 0 0 2 55 83 11 0 0 21 92 5 29 
40 38 20 17 8 0 0 0 0 71 115 28 11 0 0 0 0 8 141 41 0 0 0 0 0 0 98 24 0 0 0 0 141 28 7 4 2 0 0 21 127 141 103 12 2 0 0 5 6 20 141 90 0 0 0 0 0 0 141 59 0 0 0 0 141 2 0 0 0 0 0 44 141 11 2 0 0 0 0 68 32 2 18 15 3 0 0 6 0 0 34 11 12 10 0 0 91 0 0 0 0 0 0 30 141 0 0 0 0 0 0 63 45 1 1 0 3 3 0 8 0 0 0 0 16 20 0 0 
132 0 0 0 0 0 0 18 132 7 3 0 0 0 0 20 11 3 18 6 0 0 0 1 0 0 17 7 0 0 0 0 132 1 0 0 0 0 0 13 132 13 0 0 0 1 5 23 13 7 2 0 0 29 37 2 0 0 0 0 0 61 77 0 110 11 0 0 0 0 1 86 113 6 0 0 0 13 123 132 2 0 0 0 0 132 132 9 0 0 0 0 0 132 132 0 31 25 2 0 0 0 16 25 15 15 1 0 0 37 102 38 0 0 0 0 0 87 117 3 0 0 0 0 0 44 46 0 
124 68 0 0 0 0 0 14 91 24 0 0 0 43 36 28 2 0 0 0 0 57 113 42 9 0 0 0 0 0 15 56 124 11 0 0 0 3 29 107 24 0 0 0 0 124 124 70 53 0 0 0 0 80 97 124 124 1 0 0 0 0 1 100 20 0 0 0 0 7 53 42 21 5 0 0 0 38 90 32 124 28 0 0 0 3 5 50 124 10 0 0 0 0 0 21 6 4 0 0 0 0 2 6 34 43 0 0 0 0 3 5 102 43 0 0 0 0 9 13 124 4 0 0 0 0 0 23 
12 9 10 1 0 0 0 0 9 26 4 0 0 0 0 0 43 19 1 0 0 0 0 2 59 28 35 8 0 0 0 6 47 9 55 23 0 0 0 10 13 25 50 49 0 0 0 1 37 21 15 3 0 0 0 4 126 25 16 6 0 0 0 41 126 18 13 13 0 0 0 39 71 27 126 126 0 0 0 32 36 40 126 120 0 0 0 0 126 126 45 2 0 0 0 5 63 9 2 0 0 0 0 33 126 8 79 40 0 0 0 126 33 18 126 126 0 0 0 17 60 90 67 17 0 0 0 0 
68 87 80 31 6 0 0 1 7 44 143 10 2 0 0 0 0 27 143 1 0 0 0 0 0 20 143 1 0 0 0 0 143 25 6 36 34 0 0 46 90 37 82 16 16 0 1 59 2 9 114 6 0 1 8 6 0 6 64 3 0 3 4 0 143 0 0 25 42 1 3 78 143 0 2 24 36 3 11 88 10 0 0 0 0 2 22 9 0 0 0 0 5 36 12 3 143 0 0 15 19 1 0 59 109 0 3 33 34 2 1 77 22 0 0 0 3 16 6 11 0 0 0 0 8 76 3 0 
72 13 13 14 0 0 0 44 38 58 124 24 0 0 0 8 108 90 111 9 0 0 0 0 52 37 50 0 0 0 0 1 124 63 0 0 0 0 0 37 124 62 71 5 0 0 0 83 44 50 124 29 0 0 0 5 58 26 9 0 0 0 0 7 72 39 23 0 0 0 0 56 124 36 28 1 0 0 0 124 95 16 28 24 0 0 0 69 17 11 5 5 1 0 0 1 67 65 53 6 0 0 0 0 75 109 124 0 0 0 0 17 93 33 27 4 0 0 0 23 2 2 6 5 0 0 0 0 
3 0 1 0 0 0 0 5 85 6 0 0 0 0 0 25 153 83 0 0 0 0 0 18 102 37 0 0 0 0 0 0 10 6 14 10 0 0 0 1 62 19 8 2 0 0 0 27 153 23 0 0 0 0 0 153 142 18 0 0 0 0 0 56 22 9 18 17 0 0 0 5 13 36 76 15 0 0 0 1 153 15 23 11 0 0 0 119 153 1 0 0 0 0 0 102 31 10 5 25 0 0 0 2 54 47 40 15 0 0 0 2 112 50 61 30 0 0 0 7 153 20 1 0 0 0 0 19 
104 1 0 0 0 0 0 12 134 16 0 0 1 0 0 3 25 9 0 0 82 74 6 1 2 0 0 3 109 33 4 2 134 1 0 0 2 2 0 26 134 13 1 0 15 7 5 21 12 4 1 1 134 134 5 2 9 0 0 2 64 61 9 3 134 0 0 0 7 1 0 25 134 0 0 0 6 33 103 76 2 0 0 7 132 134 70 9 8 0 1 14 39 24 13 9 27 0 0 0 7 0 0 27 25 0 0 0 0 19 100 69 2 0 0 11 19 18 68 53 5 0 2 14 10 1 3 8 
13 0 0 0 3 10 37 131 10 0 0 16 131 29 29 79 28 4 0 4 131 28 1 14 131 33 0 0 0 0 0 66 0 0 0 3 57 13 23 62 0 0 0 4 58 68 131 131 81 16 0 0 38 69 35 17 131 77 0 0 2 0 0 21 0 0 0 4 87 1 0 0 6 7 1 3 46 1 9 10 131 34 0 0 0 0 5 23 131 70 0 0 3 0 0 27 0 0 0 7 53 0 0 0 2 4 2 8 34 0 0 5 68 11 0 0 0 0 0 34 131 3 0 0 0 0 0 75 
133 0 0 1 43 40 2 17 91 11 0 2 22 34 2 20 10 2 2 0 0 0 4 12 0 0 0 0 0 0 5 7 133 13 0 0 133 44 0 16 133 2 2 0 71 23 0 28 8 3 1 0 1 2 6 7 3 0 0 1 3 30 16 11 133 1 0 2 133 41 2 34 133 2 1 1 56 25 60 79 2 1 1 0 0 99 133 3 0 0 0 0 2 133 111 3 55 0 0 0 34 28 27 32 33 0 0 0 13 24 87 51 0 0 0 0 0 52 117 1 0 0 0 0 0 23 30 0 
0 0 0 0 0 36 102 0 11 3 0 0 0 120 50 4 53 42 7 14 8 22 9 12 5 75 59 13 4 0 0 0 3 1 1 2 0 15 64 6 61 6 0 3 12 42 28 25 120 57 9 0 9 11 3 50 120 105 23 7 3 3 0 22 4 9 77 18 1 0 0 1 40 2 45 69 33 2 0 19 120 23 6 15 12 4 5 109 120 7 0 3 4 6 10 120 0 0 120 39 0 0 0 0 3 6 120 120 2 0 0 0 61 93 70 62 19 3 1 3 120 28 0 26 34 10 4 24 
20 23 6 3 3 15 46 97 7 1 2 21 35 65 97 28 18 46 43 39 31 6 15 15 0 70 101 0 0 0 0 0 5 90 110 16 0 0 1 3 39 23 33 128 31 3 7 11 128 128 26 22 2 0 1 12 18 128 61 0 0 0 0 0 1 16 128 12 0 0 0 1 14 6 60 128 33 0 0 0 128 38 1 104 18 0 0 59 68 27 0 0 0 0 0 19 2 1 4 1 1 1 2 9 0 0 3 56 34 7 3 2 79 0 0 100 68 0 0 63 58 0 0 0 1 0 0 49 
82 17 14 1 0 0 0 20 127 6 0 0 0 0 4 108 20 0 0 0 0 1 32 65 0 0 0 0 0 7 36 1 20 23 43 31 34 27 18 8 49 20 17 0 1 10 126 127 3 51 33 0 0 1 127 115 0 23 54 1 0 24 127 8 9 22 24 34 110 61 16 13 48 127 94 2 2 5 14 25 20 127 118 0 0 0 23 7 0 43 109 7 3 0 7 1 43 7 0 0 4 33 22 41 127 49 0 0 0 0 0 32 62 40 1 0 0 2 3 3 0 1 1 3 4 7 2 0 
0 0 0 0 12 12 5 1 2 0 0 0 108 85 1 1 128 53 0 0 70 49 0 6 19 12 7 2 0 0 0 0 0 0 0 0 1 42 130 17 28 2 0 0 75 130 42 6 130 25 0 0 29 51 5 68 18 5 3 3 5 2 4 29 7 6 0 0 3 23 130 43 64 7 3 11 39 130 50 18 130 7 1 0 1 12 45 117 3 0 0 0 0 2 71 123 56 32 4 5 2 2 14 15 30 37 95 69 20 3 1 6 26 5 29 34 31 27 73 26 0 0 0 0 0 7 69 83 
11 22 23 2 0 1 1 1 6 40 33 2 0 1 2 2 4 48 10 4 5 8 2 0 14 6 2 3 7 7 5 8 51 4 2 0 0 50 36 35 52 5 1 0 0 24 51 75 22 4 0 0 12 140 38 17 105 1 0 0 29 59 30 37 32 0 0 0 5 104 64 64 35 0 0 0 1 68 95 140 73 1 0 0 7 140 75 34 140 10 0 6 16 37 14 27 3 0 0 0 1 35 73 34 13 0 0 0 10 77 54 101 125 7 0 0 19 140 29 24 140 19 0 0 3 4 2 11 
36 18 40 12 0 0 0 36 61 79 90 5 0 0 0 9 99 61 64 20 0 0 0 26 13 7 97 94 0 0 0 2 130 20 37 120 0 0 0 52 133 99 114 10 0 0 0 28 56 82 126 33 0 0 0 7 34 20 16 18 13 9 1 2 50 7 74 133 0 0 3 13 133 41 47 70 0 0 0 68 47 22 29 32 12 0 0 9 2 3 2 10 46 25 3 0 3 0 16 55 0 0 32 47 50 21 66 85 0 0 2 36 27 5 7 11 17 2 8 16 0 0 0 5 58 12 4 0 
14 57 9 0 0 0 0 0 2 67 27 1 0 0 0 0 8 72 12 2 4 6 3 2 14 6 1 2 31 11 3 6 56 44 9 0 0 14 6 20 19 33 10 0 0 27 26 34 36 12 0 0 23 127 27 26 74 0 0 19 57 33 19 33 78 0 0 0 0 79 37 85 5 0 0 0 2 123 111 107 123 2 0 0 22 127 48 44 127 6 0 6 52 55 9 30 24 0 0 0 0 46 78 26 0 0 0 0 8 97 71 59 127 2 0 0 21 116 16 39 127 2 0 0 33 75 10 35 
48 11 25 19 0 0 0 26 87 85 65 4 0 0 0 9 96 61 71 59 0 0 0 5 2 1 95 111 3 0 0 0 96 14 41 134 2 0 0 25 134 97 82 19 0 0 0 26 75 65 77 18 4 3 0 2 9 3 8 43 49 19 0 0 77 6 32 134 8 0 3 44 134 35 55 128 1 0 0 37 48 11 20 21 42 11 0 7 0 0 0 3 59 34 1 0 34 0 3 20 0 0 30 103 35 10 42 66 0 0 9 58 16 3 5 15 52 10 6 9 0 0 0 5 45 15 8 4 
107 0 1 20 51 4 2 22 73 6 4 12 26 6 86 76 9 2 18 16 0 76 121 28 0 0 10 6 5 95 73 0 121 0 0 22 121 13 5 43 37 0 0 9 121 34 121 57 21 0 0 0 0 38 121 19 5 0 0 0 0 16 23 2 121 0 0 23 121 3 9 32 88 2 0 31 121 3 3 18 52 0 0 0 0 0 0 5 8 0 0 0 0 0 0 0 121 0 0 31 74 0 0 18 76 0 0 42 121 4 0 12 45 0 0 0 0 0 0 5 5 0 0 0 0 0 0 0 
0 0 0 0 5 0 0 0 0 0 0 8 46 0 0 0 120 1 0 17 76 0 0 58 59 1 0 26 120 0 0 33 0 0 0 0 8 0 0 0 0 0 0 7 53 0 0 0 120 1 4 26 82 2 0 43 120 0 10 48 120 0 0 33 0 12 15 2 5 0 0 0 0 43 112 19 19 0 0 0 120 35 120 58 33 0 0 13 120 10 6 56 120 0 0 29 3 101 68 0 0 0 10 4 0 94 120 22 9 2 19 13 23 6 95 72 71 6 4 9 54 1 3 24 96 3 0 19 
87 12 0 0 0 0 2 9 139 49 0 0 4 107 9 9 24 1 0 0 8 139 93 52 11 0 0 0 0 1 69 138 130 28 0 0 0 1 2 38 139 38 0 0 8 139 85 59 9 0 0 0 9 139 57 68 25 0 0 0 0 0 79 139 78 7 0 0 0 18 26 32 16 1 0 0 0 113 78 33 21 0 0 0 0 13 40 27 47 0 0 0 0 3 30 45 15 0 0 0 0 7 15 11 11 0 0 0 0 7 22 16 13 0 0 0 0 2 17 17 15 0 0 0 0 2 7 17 
99 3 1 9 5 1 1 17 104 26 51 131 8 1 0 16 2 0 16 131 10 0 0 1 6 0 1 13 1 0 0 1 131 8 0 7 12 3 0 23 131 13 2 27 12 5 5 88 12 4 12 131 76 67 15 9 3 0 1 49 79 22 0 1 131 3 0 4 42 15 0 17 68 1 0 4 56 65 73 131 9 0 0 0 24 131 131 31 6 0 0 0 28 44 5 1 94 0 0 2 54 6 0 13 36 0 0 2 99 17 28 33 17 0 0 0 0 9 21 8 7 0 0 0 0 0 0 0 
38 74 73 123 0 0 0 0 39 84 123 123 0 0 0 0 117 66 123 53 0 0 0 8 123 27 5 0 0 0 0 17 84 49 93 93 0 0 0 20 60 84 113 83 0 0 0 0 14 41 123 103 0 0 0 0 59 45 21 3 0 0 0 2 123 8 12 6 0 0 0 102 23 8 15 14 0 0 0 6 5 1 13 37 7 0 0 3 13 2 3 11 5 0 0 10 123 1 0 1 0 0 0 75 18 1 2 10 0 0 0 4 3 1 1 4 7 2 0 2 2 0 0 8 6 1 0 2 
50 91 0 0 0 0 0 6 122 122 0 0 0 29 38 10 36 30 0 0 0 122 122 15 32 0 0 0 0 26 58 84 96 59 0 0 0 13 41 36 89 16 0 0 0 122 122 50 46 0 0 0 0 119 122 46 122 7 0 0 0 3 11 122 16 2 0 0 0 8 65 19 34 0 0 0 0 25 64 23 74 3 0 0 0 0 11 42 122 9 0 0 0 0 0 88 11 2 0 0 0 1 6 7 23 8 0 0 0 0 10 14 41 11 0 0 0 0 8 22 46 0 0 0 0 0 6 63 
64 29 0 0 0 0 0 1 157 157 0 0 0 0 0 0 98 63 3 1 0 0 0 1 4 4 4 1 0 0 0 0 133 5 0 0 0 0 0 32 157 90 0 0 0 0 0 70 41 49 11 7 0 0 0 4 11 1 4 6 1 0 0 3 66 10 0 0 0 0 0 30 157 4 0 0 0 0 0 157 90 2 2 2 1 4 1 48 1 0 1 3 5 4 1 1 22 30 2 0 0 0 0 2 157 83 4 0 0 0 0 93 140 8 0 1 1 0 0 64 1 0 0 1 3 0 0 0 
1 5 14 15 0 0 0 0 31 17 16 3 0 0 0 0 40 31 44 64 0 0 0 0 0 7 18 58 1 0 0 0 6 10 20 22 0 0 0 0 36 34 36 11 0 0 0 1 141 87 73 54 0 0 0 36 11 14 65 141 28 0 0 4 7 31 30 11 0 0 0 0 9 39 80 17 0 0 0 0 141 52 40 13 0 0 0 82 132 20 42 141 4 0 0 38 0 39 96 22 0 0 0 0 0 79 141 23 0 0 0 0 91 103 141 16 0 0 0 15 126 36 15 28 0 0 0 24 
49 44 0 0 0 0 0 8 126 126 0 0 0 40 30 13 54 35 0 0 0 126 126 25 31 0 0 0 0 27 55 119 94 76 0 0 0 3 29 34 83 42 0 0 0 126 126 58 28 0 0 0 0 126 108 69 126 0 0 0 0 1 10 126 28 8 0 0 0 15 56 17 21 0 0 0 0 26 77 26 51 5 0 0 0 1 26 36 55 0 0 0 0 0 18 124 5 0 0 0 0 2 12 8 28 10 0 0 0 0 9 13 17 6 0 0 0 0 18 14 39 2 0 0 0 0 9 20 
7 3 6 2 0 0 0 4 120 27 1 0 0 0 0 51 137 116 0 0 0 0 0 39 42 38 0 0 0 0 0 0 6 8 63 12 0 0 0 0 77 13 49 19 0 0 0 59 137 18 1 0 0 0 0 137 78 13 0 0 0 0 0 45 41 46 55 17 0 0 0 1 15 29 114 79 0 0 0 1 137 53 47 19 0 0 0 64 137 7 0 0 0 0 0 41 5 51 72 33 0 0 0 0 4 45 137 43 0 0 0 0 55 130 71 15 0 0 0 0 82 38 0 0 0 0 0 3 
55 2 3 34 119 0 0 22 64 0 0 19 78 0 0 11 17 0 0 0 0 0 0 1 5 0 0 0 0 0 0 0 119 3 1 53 119 1 0 54 70 1 0 42 119 2 0 27 33 1 0 0 0 0 0 4 7 1 0 0 0 0 0 0 119 2 0 46 114 5 1 51 52 69 59 92 119 2 0 9 26 44 119 7 0 0 0 2 2 6 119 10 0 0 0 0 118 1 0 13 52 2 0 38 98 61 32 25 91 3 6 28 26 29 119 12 0 11 41 33 0 3 104 11 0 46 28 1 
0 37 28 1 0 2 108 17 0 11 41 32 20 24 120 20 86 2 7 26 100 60 38 16 58 2 0 29 118 2 0 8 0 0 0 0 2 4 118 13 0 0 0 1 25 36 120 13 120 3 0 7 53 66 73 75 120 5 0 39 120 2 0 37 0 0 0 0 7 1 0 0 0 0 0 3 35 2 0 0 120 4 0 23 70 2 0 34 120 2 0 43 120 3 0 40 0 0 0 0 5 0 0 0 0 0 0 1 19 0 0 0 98 2 0 7 66 1 0 18 120 0 0 18 68 10 0 25 
92 118 0 0 0 1 1 6 75 76 0 0 0 52 56 7 13 1 0 0 0 86 111 38 25 0 0 0 0 2 15 54 118 51 0 0 0 62 60 28 33 4 0 0 0 118 118 9 82 0 0 0 0 66 98 118 118 1 0 0 0 0 5 117 33 4 0 0 0 59 90 18 24 1 0 0 0 44 62 14 118 7 0 0 0 1 6 68 118 22 0 0 0 0 1 67 17 1 0 0 0 1 9 6 20 2 0 0 0 0 7 17 92 7 0 0 0 0 0 29 76 3 0 0 0 0 1 68 
10 8 11 4 0 0 0 2 91 23 6 1 0 0 0 9 132 122 97 0 0 0 0 11 71 78 50 0 0 0 0 0 14 26 12 4 0 0 0 1 95 11 20 16 0 0 0 26 145 46 28 0 0 0 0 140 58 40 51 0 0 0 0 9 30 28 19 4 0 0 0 12 23 29 54 22 0 0 0 2 145 36 15 1 0 0 0 145 122 4 2 0 0 0 0 61 71 14 14 7 0 0 0 39 36 34 63 59 0 0 0 12 134 107 32 2 0 0 0 15 118 16 0 0 0 0 0 26 
22 72 80 125 0 0 0 0 21 78 125 125 0 0 0 0 114 45 125 89 0 0 0 8 125 26 10 0 0 0 0 20 61 38 84 86 0 0 0 20 33 78 107 105 0 0 0 0 13 34 125 125 0 0 0 0 84 61 40 5 0 0 0 3 125 6 8 7 0 0 0 77 19 5 10 17 0 0 0 7 4 2 19 45 5 0 0 3 14 8 8 13 4 0 0 6 125 1 0 1 0 0 0 39 10 1 4 8 0 0 0 2 2 0 1 4 7 2 0 1 2 0 0 8 6 1 0 2 
0 1 0 0 0 21 29 2 10 6 0 0 0 18 23 8 5 21 2 0 0 2 0 0 1 6 2 0 0 0 0 1 43 0 0 0 0 134 136 80 136 12 0 0 0 3 24 74 20 12 0 0 1 14 2 0 7 3 0 0 0 6 3 2 136 6 0 0 0 44 39 105 136 19 0 0 0 3 59 66 31 6 0 0 0 17 30 18 5 5 0 0 0 118 19 1 133 1 0 0 0 0 30 63 136 22 0 0 0 3 136 101 89 8 0 0 5 100 27 27 0 0 0 0 13 136 20 0 
105 52 0 0 0 8 10 12 36 20 0 0 0 78 100 5 13 0 0 0 0 95 117 44 46 0 0 0 0 3 13 58 108 30 0 0 0 117 83 19 6 0 0 0 0 117 117 10 102 0 0 0 0 46 78 107 117 0 0 0 0 0 5 113 14 4 0 0 0 74 78 20 28 2 0 0 0 24 51 14 117 5 0 0 0 1 5 69 117 23 0 0 0 0 2 56 17 1 0 0 0 0 6 6 22 3 0 0 0 0 3 15 98 14 0 0 0 0 0 24 117 20 0 0 0 0 0 38 
25 9 11 0 0 4 8 8 13 22 17 2 0 3 10 9 6 28 5 3 6 14 3 2 17 3 0 2 8 9 5 8 63 0 0 0 1 61 47 56 69 0 0 0 0 27 56 112 29 1 0 0 5 138 52 24 113 3 0 1 37 53 26 36 19 0 0 0 3 67 86 74 32 0 0 0 1 67 87 138 106 2 0 0 2 138 82 32 138 10 0 9 23 25 10 17 10 0 0 0 1 17 53 45 25 0 0 0 11 68 37 85 138 8 0 0 17 109 22 22 138 18 0 1 6 4 0 6 
93 21 0 0 0 23 20 6 7 2 0 0 0 95 119 3 20 0 0 0 0 95 111 53 59 0 0 0 0 1 7 53 67 16 0 0 0 119 84 11 1 0 0 0 0 119 119 20 117 3 0 0 0 35 54 119 119 1 0 0 0 0 11 93 7 0 0 0 0 100 64 18 30 1 0 0 0 30 46 23 119 8 0 0 0 0 9 77 119 5 0 0 0 0 13 78 8 2 0 0 0 2 6 9 33 7 0 0 0 1 2 8 79 11 0 0 0 0 0 36 119 41 0 0 0 0 0 11 
11 6 17 2 0 0 0 0 18 16 8 1 0 0 0 0 27 9 9 0 0 0 0 6 42 5 1 0 0 0 0 13 38 23 44 10 0 0 0 2 16 17 66 82 0 0 0 1 34 25 13 16 0 0 0 1 67 6 13 4 0 0 0 24 105 9 10 12 1 0 0 26 138 50 106 138 0 0 0 21 26 90 99 138 0 0 0 0 27 24 97 69 0 0 0 7 53 0 1 29 6 0 0 23 138 36 22 75 1 0 0 121 54 65 111 138 1 0 0 8 22 43 104 130 0 0 0 0 
3 0 0 0 7 136 9 2 105 0 0 0 2 22 24 74 148 16 0 0 0 9 143 106 80 9 0 0 41 94 8 14 3 0 0 0 9 59 8 5 33 2 0 0 0 21 62 33 148 47 0 0 0 56 88 72 63 7 0 0 50 148 47 22 0 0 0 0 1 31 11 6 43 6 0 0 0 17 13 13 148 10 0 0 2 97 57 66 14 8 0 0 14 148 22 4 0 0 0 0 0 4 13 5 8 0 0 0 0 16 19 18 13 0 0 0 0 24 35 36 7 0 0 0 0 16 10 7 
126 46 0 0 0 20 39 49 36 8 0 0 0 126 98 63 21 2 1 7 47 92 107 116 8 2 5 70 66 20 2 1 110 1 0 0 0 17 88 93 1 0 0 0 0 126 119 45 94 0 0 0 0 27 76 126 43 0 0 18 56 44 11 21 21 6 0 0 1 7 46 28 4 0 0 0 0 66 67 29 126 17 0 0 0 27 22 55 45 1 0 1 9 20 2 14 0 0 0 0 6 11 11 2 27 10 0 0 1 14 22 6 126 69 0 0 0 1 1 2 17 3 0 0 1 1 0 1 
131 12 0 0 0 55 46 77 11 0 0 0 9 131 131 62 11 1 4 39 60 55 100 93 5 1 3 59 40 6 1 8 70 1 0 0 0 26 104 119 1 0 0 0 2 131 131 35 118 0 0 0 6 31 63 131 17 0 1 10 29 18 7 19 14 11 2 3 13 16 34 13 22 2 0 0 1 47 73 11 131 36 0 0 0 13 7 30 35 2 0 1 3 2 0 7 3 1 0 2 35 11 1 0 43 12 0 0 6 5 3 0 131 56 0 0 0 0 0 1 15 1 0 1 1 0 0 1 
2 17 9 1 2 0 0 0 2 85 120 0 0 0 0 0 17 45 120 33 0 0 0 2 23 26 73 16 0 0 0 2 82 76 6 1 1 0 0 0 120 120 98 0 0 0 1 30 21 35 120 107 36 0 5 12 26 27 76 67 41 2 3 38 120 32 0 0 0 0 0 3 120 16 0 0 0 0 4 120 72 3 0 28 26 0 13 72 12 0 0 109 94 2 2 39 84 4 0 0 0 0 0 16 107 10 0 0 0 0 0 39 89 6 0 2 1 0 2 48 15 0 0 56 54 0 2 9 
129 34 0 0 0 0 0 5 83 12 0 0 0 4 3 9 0 0 0 0 0 15 11 0 0 0 0 0 0 7 11 0 129 6 0 0 0 0 0 58 87 0 0 0 0 6 14 55 0 1 2 0 0 24 29 0 0 0 0 0 0 33 50 0 128 18 11 4 1 7 31 117 39 1 0 0 0 25 129 129 1 10 13 0 0 125 129 2 0 23 30 0 0 107 129 0 9 32 9 2 6 14 26 40 7 129 57 0 0 7 87 41 0 89 125 1 1 18 49 0 0 46 80 1 0 4 5 0 
12 37 10 66 38 0 2 6 30 134 92 17 7 2 3 8 0 16 134 26 4 0 0 0 0 0 134 66 0 0 0 0 64 29 7 92 118 0 0 1 134 134 43 1 1 0 0 8 12 41 134 2 0 0 0 2 3 7 126 42 0 0 0 1 64 0 0 35 134 3 0 9 134 4 0 3 11 0 0 57 33 2 0 0 1 0 0 14 11 1 1 1 0 0 0 11 22 0 0 23 101 1 0 6 134 0 0 4 14 0 0 57 39 0 0 0 0 0 0 9 12 0 0 0 0 0 0 3 
20 20 110 118 0 0 0 7 22 22 127 121 0 0 0 2 127 52 59 31 0 0 0 29 45 21 69 22 0 0 0 3 127 20 72 59 0 0 0 111 6 30 127 127 0 0 0 1 127 52 127 127 0 0 0 17 77 14 10 5 0 0 0 12 127 41 28 7 0 0 0 84 44 5 14 17 0 0 0 12 6 7 39 46 5 0 0 1 14 6 6 6 2 0 0 6 46 39 46 7 0 0 0 2 30 7 2 1 0 0 0 2 0 0 1 8 8 0 0 0 2 0 0 5 2 0 0 4 
8 3 0 0 0 5 3 3 4 4 0 0 0 17 19 3 4 15 1 0 0 6 1 0 1 8 0 0 0 0 0 0 36 0 0 0 0 141 93 32 141 10 0 0 0 63 81 68 37 13 0 0 0 3 2 3 2 1 0 0 0 6 8 1 87 1 0 0 0 141 124 36 141 20 0 0 0 16 27 95 45 5 0 0 1 71 17 20 10 0 0 0 0 107 89 24 62 0 0 0 0 10 12 31 141 20 0 0 1 13 15 141 58 5 0 0 23 141 26 17 45 1 0 0 2 104 49 39 
132 26 0 0 0 0 0 2 51 14 1 0 0 3 1 2 0 0 0 0 0 8 10 2 0 0 0 0 0 6 13 0 132 9 0 0 1 0 0 69 50 2 0 0 0 15 19 39 0 0 0 0 0 30 37 0 0 0 0 0 0 38 64 0 132 22 7 1 2 5 33 132 27 4 3 0 0 39 132 117 0 23 21 0 1 132 132 0 0 36 48 0 0 106 128 0 4 49 11 3 14 12 40 36 6 132 56 0 0 11 103 31 0 89 116 4 3 19 37 0 0 39 63 2 0 1 2 0 
20 30 9 89 44 0 6 4 38 135 113 17 7 1 3 6 0 28 135 31 2 0 1 2 0 0 135 81 0 0 0 0 71 21 5 103 130 2 1 3 135 126 28 7 9 0 0 17 18 39 88 4 0 0 0 7 1 2 94 45 1 0 0 1 51 0 0 32 135 5 1 8 135 2 0 7 20 0 0 67 44 0 0 0 0 0 0 15 8 3 0 1 0 0 0 4 16 0 0 18 93 4 0 4 135 0 0 7 30 1 0 49 49 0 0 0 0 0 0 7 13 2 0 0 0 0 0 2 
44 0 0 0 0 0 0 64 110 1 0 0 0 0 25 125 122 2 0 0 0 1 6 49 10 5 0 0 0 1 2 2 64 9 0 0 0 0 0 28 125 108 0 0 0 0 1 38 125 28 0 0 0 0 11 62 25 1 0 0 0 0 3 23 120 59 0 0 0 0 0 7 125 125 0 0 0 10 52 23 42 10 0 0 0 8 79 124 49 1 0 0 0 0 2 67 62 12 0 0 0 0 10 46 25 5 0 0 0 7 125 66 54 0 0 0 0 4 122 99 111 1 0 0 0 0 2 54 
107 30 0 0 0 12 14 10 13 5 0 0 0 57 113 5 20 0 0 0 0 74 103 40 48 0 0 0 0 1 8 35 85 27 0 0 0 120 79 14 2 0 0 0 0 120 120 19 120 2 0 0 0 41 69 117 120 1 0 0 0 0 2 64 11 2 0 0 0 106 72 20 29 1 0 0 0 36 59 32 120 15 0 0 0 1 8 81 120 3 0 0 0 0 6 75 7 1 0 0 0 3 9 10 46 7 0 0 0 2 4 6 110 8 0 0 0 0 1 48 120 18 0 0 0 0 1 16 
133 2 0 0 0 0 0 6 110 0 0 0 0 2 5 22 0 0 0 0 0 15 11 2 0 0 0 0 0 4 6 0 133 22 2 1 0 0 0 27 133 6 1 0 0 0 2 40 2 8 12 0 0 16 18 1 0 0 3 2 1 47 36 0 120 17 7 5 2 8 30 110 94 3 0 0 0 21 133 133 2 3 1 0 0 133 133 5 0 0 0 0 0 130 133 0 33 1 0 0 0 7 25 66 18 21 8 0 0 8 123 59 0 39 44 0 0 36 93 4 0 39 48 0 0 19 23 0 
19 58 46 8 3 0 0 1 33 110 131 11 4 4 0 8 0 27 136 90 8 5 1 0 0 0 136 53 0 0 0 0 104 64 5 24 32 0 0 1 136 132 99 3 0 0 0 5 2 29 136 26 1 0 0 0 2 8 136 32 0 0 0 0 122 3 0 15 61 0 0 23 136 8 1 2 2 0 0 61 16 2 4 6 11 1 0 6 17 6 5 0 0 0 0 9 56 0 0 11 38 0 0 17 136 0 0 0 0 0 0 76 21 0 0 0 3 2 1 14 10 0 0 0 0 0 0 4 
65 0 0 0 1 15 68 76 12 0 0 0 4 52 115 94 15 0 0 0 15 110 55 115 104 1 0 0 13 98 14 22 115 14 0 10 39 18 13 54 115 6 0 4 52 45 26 81 46 0 0 0 44 89 26 80 115 1 0 0 27 44 5 40 115 40 0 14 78 11 0 10 102 7 0 9 70 81 13 43 44 0 0 0 22 53 32 40 115 0 0 0 10 17 9 59 33 8 0 0 27 16 7 11 46 6 2 4 63 56 2 11 61 5 0 0 7 12 4 21 32 5 0 0 1 2 1 13 
130 70 0 0 0 14 22 24 65 15 0 0 1 130 77 53 14 1 1 11 64 118 81 96 6 1 4 68 67 20 0 2 130 3 0 0 0 26 79 95 6 0 0 0 1 130 107 55 73 2 0 2 2 37 69 130 30 2 1 26 67 41 2 20 38 5 0 0 0 4 43 35 3 0 0 0 0 69 66 27 130 6 0 0 0 29 25 71 33 0 0 2 14 23 0 17 1 1 0 0 2 11 17 5 20 6 0 0 0 23 28 8 130 50 0 0 0 4 2 5 17 2 0 0 1 1 0 2 
17 39 50 5 2 0 3 28 11 46 96 0 0 0 36 95 6 3 74 14 0 0 92 39 0 1 22 8 0 0 72 11 76 116 48 4 11 4 0 11 71 138 138 7 0 0 0 0 3 12 138 94 1 0 1 1 0 1 138 65 0 0 5 1 138 10 0 0 1 3 2 82 138 49 3 3 1 0 0 7 5 5 14 23 21 5 0 0 0 0 25 13 8 3 0 0 138 0 0 0 0 0 0 77 138 11 0 5 1 0 0 16 4 1 0 22 24 1 0 0 0 0 0 6 5 1 0 0 
52 4 0 1 53 1 0 0 137 20 1 0 0 0 0 0 11 8 9 2 0 0 0 0 0 10 7 0 0 0 0 0 87 5 0 0 102 11 4 7 137 51 1 0 0 0 3 17 11 22 20 3 0 0 11 4 1 26 15 0 0 1 16 2 74 0 0 0 70 70 17 35 137 3 0 0 0 2 80 137 3 2 1 0 0 23 137 22 1 2 0 0 0 63 137 3 28 1 0 0 8 49 21 30 51 3 9 0 0 8 62 133 0 0 5 6 1 107 137 11 0 0 0 0 0 119 124 0 
131 3 0 0 0 0 0 15 131 0 0 0 0 2 2 22 0 1 3 0 0 8 3 1 0 0 0 1 1 4 2 0 131 46 14 9 3 0 1 35 131 9 0 0 0 2 7 71 6 9 9 1 0 52 40 2 0 0 1 1 2 116 62 0 93 15 10 14 10 39 34 66 131 1 0 0 0 30 131 131 2 0 0 0 0 131 131 8 0 3 2 0 0 127 89 0 38 0 0 0 9 24 19 41 43 21 4 0 0 8 87 49 1 53 39 0 0 32 55 6 0 67 51 0 0 14 9 0 
8 34 59 13 6 0 1 4 40 66 124 8 2 0 5 20 7 24 135 101 22 19 14 3 0 0 129 83 11 3 0 0 60 49 15 27 41 0 0 1 137 137 121 5 0 0 0 3 9 40 137 55 0 0 0 0 0 1 137 97 0 0 0 0 83 3 0 16 67 1 0 17 137 12 2 1 0 0 0 57 41 3 12 11 10 2 0 11 8 5 23 4 1 0 0 4 37 0 0 11 43 0 0 11 137 0 0 0 0 0 0 72 43 0 0 0 2 2 2 26 5 0 0 0 0 0 0 3 
136 13 0 0 9 3 0 8 46 7 0 0 0 2 4 10 0 0 0 0 0 3 27 10 0 0 0 0 0 0 24 8 136 11 0 0 32 7 3 44 53 1 0 0 0 21 18 14 0 0 0 0 0 21 41 0 0 0 0 0 0 21 65 4 136 19 12 3 14 4 20 127 42 0 0 0 0 57 127 69 0 12 10 0 0 136 136 0 1 45 25 0 0 96 136 0 12 38 7 7 23 10 40 66 6 119 46 0 0 38 122 49 0 89 106 2 0 45 47 0 3 75 45 0 0 3 5 0 
24 68 3 83 31 4 7 6 30 122 138 26 13 4 6 4 2 11 138 59 0 1 23 25 0 1 138 80 0 1 21 23 97 30 0 68 115 3 1 15 138 68 34 0 0 0 0 30 24 14 86 11 0 0 0 11 1 5 105 45 0 0 0 1 73 0 0 45 134 3 0 21 138 1 0 5 8 0 0 68 46 2 0 0 0 0 0 9 14 18 1 0 2 0 0 1 29 0 0 51 78 0 0 5 138 5 0 10 16 0 0 31 35 15 0 0 0 0 0 0 17 17 0 0 1 0 0 0 
38 3 0 0 0 0 0 1 132 11 5 9 0 0 0 45 75 25 102 65 0 0 0 23 57 63 47 12 0 0 0 0 44 26 0 0 0 0 0 0 135 63 0 0 0 0 0 25 135 57 68 39 0 0 0 42 91 50 80 57 0 0 0 5 50 30 7 0 0 0 0 1 127 51 11 0 0 0 0 46 135 24 7 9 0 0 0 135 70 30 29 40 0 0 0 29 66 15 7 0 0 0 0 5 66 56 66 19 0 0 0 6 135 50 61 3 0 0 0 84 95 9 7 12 0 0 0 51 
3 28 12 6 12 2 44 121 0 33 60 0 0 7 135 73 0 10 85 0 0 28 135 0 0 7 58 0 0 10 110 0 81 135 37 10 30 13 7 30 36 135 135 9 5 0 10 7 0 12 135 17 6 0 7 0 0 14 119 5 0 0 0 0 135 8 0 0 0 6 6 75 129 17 1 9 12 4 2 11 0 0 4 16 13 7 0 0 2 2 5 3 2 4 0 1 135 2 0 0 0 0 0 13 102 4 7 1 1 4 1 15 0 0 22 8 4 7 0 0 0 0 10 4 1 1 0 0 
49 3 0 1 137 4 0 1 137 13 1 0 10 0 0 6 6 4 1 3 0 1 2 2 6 3 0 2 0 0 1 0 77 5 0 7 137 10 0 2 137 33 5 0 13 0 0 3 4 16 13 7 0 0 0 0 16 11 3 8 0 0 0 0 69 1 0 0 137 120 7 29 137 11 5 0 4 7 39 129 1 7 13 5 4 2 112 22 9 4 1 5 2 5 70 5 25 11 24 7 20 98 11 27 45 10 25 19 9 31 106 105 0 0 0 2 4 43 137 23 0 0 0 0 0 4 137 21 
0 24 12 1 2 0 0 0 0 99 115 0 0 0 0 0 18 58 115 34 0 0 0 1 18 43 79 9 0 0 0 1 95 112 10 1 0 0 0 2 115 115 106 2 1 0 2 28 6 32 115 113 54 1 4 6 25 33 46 40 40 2 5 72 115 42 0 0 0 0 0 11 115 13 0 0 0 0 8 115 52 3 0 46 48 1 9 43 12 0 0 99 96 1 3 47 81 8 0 0 0 0 0 12 102 12 0 0 0 0 0 37 71 2 0 9 6 0 0 35 9 0 2 74 52 0 0 5 
59 19 0 0 0 0 24 24 98 49 43 3 0 33 27 35 0 35 116 3 0 61 41 0 5 42 92 0 0 10 5 0 119 37 0 0 0 0 9 28 119 102 68 3 2 5 10 20 0 32 102 1 5 27 51 5 0 15 43 1 0 10 61 6 119 0 0 0 0 0 2 66 119 1 1 0 1 22 119 119 0 0 0 0 3 92 119 30 0 0 0 0 0 21 110 26 16 1 2 0 0 0 3 24 9 0 0 0 0 1 80 119 0 0 0 0 0 9 104 69 0 0 0 0 0 4 70 14 
4 8 2 0 0 33 117 26 4 5 0 8 8 117 117 66 1 0 3 72 98 19 100 117 61 1 6 7 42 4 4 67 17 4 0 0 0 30 117 112 1 0 1 2 10 80 117 33 95 13 4 2 15 18 88 117 96 36 58 23 11 2 6 49 37 48 0 0 0 1 2 23 14 4 4 6 5 5 4 10 117 74 9 2 0 0 0 17 117 58 7 15 3 0 0 1 7 13 0 0 0 0 0 0 7 0 0 0 0 0 0 4 117 14 0 0 0 0 0 59 78 12 1 1 1 0 0 32 
15 44 47 9 17 0 0 13 19 45 108 2 0 0 16 78 4 6 71 19 0 0 67 47 0 0 15 8 0 0 59 17 97 86 27 3 40 15 1 13 95 136 136 9 0 0 0 0 5 15 136 117 0 0 1 0 0 0 136 87 0 0 5 2 136 4 0 0 3 13 8 84 136 36 2 2 1 0 0 11 14 6 14 25 19 4 0 0 0 0 33 19 8 3 0 0 136 0 0 0 0 0 0 76 136 10 2 3 1 0 0 23 9 2 2 18 24 2 0 0 0 0 0 5 7 1 0 0 
96 2 0 0 4 3 0 11 92 6 0 0 4 2 9 49 8 2 1 39 124 15 1 5 0 0 0 10 115 13 3 3 94 1 0 1 16 4 3 46 133 81 11 1 5 5 0 33 10 24 20 31 133 55 0 0 5 0 0 24 133 20 2 7 127 7 2 7 27 3 2 12 133 24 1 0 17 40 11 45 6 6 3 28 133 93 3 4 7 0 0 34 133 4 0 0 57 1 2 8 14 0 0 15 112 5 0 0 1 9 13 66 12 10 1 14 69 12 5 6 1 0 0 17 133 10 0 0 
133 3 0 0 0 0 0 36 40 12 7 13 18 8 1 16 1 9 9 94 110 2 0 0 15 1 0 14 43 2 0 17 133 3 0 1 5 0 0 62 133 80 2 8 9 5 1 38 19 35 5 72 133 14 1 1 29 2 4 25 111 0 0 11 133 10 2 7 7 0 0 47 133 37 0 1 9 20 17 42 6 4 0 47 133 66 11 3 14 2 2 65 90 0 0 1 105 6 3 7 0 0 0 10 133 4 1 3 4 2 2 53 8 2 11 56 63 3 0 3 3 0 0 27 99 0 0 0 
112 17 0 0 0 0 0 38 84 29 11 0 0 0 22 69 15 8 12 2 9 30 27 19 0 0 0 1 24 97 8 0 116 82 4 0 0 0 0 43 82 97 116 25 4 3 36 69 20 8 49 68 41 46 46 10 0 0 9 63 94 112 3 0 116 47 1 0 0 0 1 69 58 24 12 8 6 12 116 116 1 7 22 43 21 55 116 3 0 0 5 44 112 116 19 0 49 24 3 0 0 0 3 25 26 16 12 1 2 0 18 54 15 18 10 10 23 4 11 19 0 0 1 24 111 15 1 0 
