0 5 5 1 0 0 0 0 0 20 63 0 0 0 0 0 0 10 96 12 0 0 0 0 16 4 13 10 0 0 0 0 67 68 10 0 0 0 0 0 90 140 140 3 0 0 0 3 2 37 140 140 39 0 0 1 5 15 87 136 14 0 0 0 140 14 0 0 0 0 0 4 140 30 3 1 1 0 0 32 17 2 4 82 88 0 0 9 23 23 51 59 55 2 2 19 95 1 0 0 0 0 0 23 140 0 0 0 0 0 0 97 30 0 0 17 59 0 0 30 5 0 0 14 89 6 2 21 
11 8 0 0 0 0 12 5 74 135 19 0 0 0 6 11 64 61 54 1 2 16 18 26 0 6 80 8 3 22 13 0 92 10 0 0 0 0 0 6 140 140 45 0 0 1 2 29 4 77 102 1 0 6 15 2 0 12 79 1 0 21 25 0 65 0 0 0 0 0 0 18 140 3 0 0 0 2 95 140 3 1 1 0 0 18 140 32 0 0 0 0 0 81 140 1 5 1 0 0 0 0 0 5 11 0 0 0 0 0 70 66 0 0 0 0 0 1 140 21 0 0 0 0 0 21 107 3 
22 17 10 23 20 0 0 2 51 64 122 31 5 0 0 6 5 4 87 47 0 0 0 0 6 3 20 6 0 0 0 0 84 13 2 22 18 2 0 27 132 52 101 36 7 4 15 75 8 13 132 132 4 16 10 3 1 2 105 73 61 49 0 0 65 4 5 12 17 11 0 14 132 4 4 8 9 11 34 122 26 15 9 1 1 132 70 28 3 1 5 5 31 132 13 1 28 3 2 10 25 1 0 14 48 2 1 9 32 15 89 88 5 0 0 0 0 95 86 26 5 0 0 0 0 20 4 3 
0 19 12 0 0 0 0 0 0 51 123 0 0 0 0 0 0 17 125 31 0 0 0 0 3 5 32 31 0 0 0 0 115 75 11 0 0 0 0 1 124 125 125 3 1 0 0 5 4 24 125 125 41 0 0 1 3 15 92 125 18 0 0 1 125 8 0 0 0 0 0 15 125 2 0 0 0 0 1 69 12 0 0 43 68 0 1 21 10 10 12 33 88 8 3 25 77 0 0 0 0 0 0 36 125 5 0 0 0 0 0 87 48 1 0 13 34 0 0 19 1 0 0 30 92 2 1 6 
30 30 0 0 0 0 3 4 86 126 22 0 0 0 3 10 17 29 85 9 2 23 15 7 0 21 95 3 1 7 2 0 126 29 0 0 0 0 0 13 126 126 46 0 0 1 4 21 0 40 78 0 0 18 12 0 0 12 46 0 0 14 43 1 126 0 0 0 0 0 0 46 126 3 1 0 0 3 126 126 0 0 0 0 0 60 126 4 0 0 0 0 0 74 126 7 13 0 0 0 0 0 1 19 11 0 0 0 0 0 119 71 0 0 0 0 0 12 126 13 0 0 0 0 0 32 86 1 
24 26 9 22 19 0 0 2 50 90 130 16 3 0 0 3 2 5 130 58 0 0 0 0 3 4 52 17 4 0 0 0 91 15 2 22 19 3 0 33 130 61 67 19 6 7 20 86 15 21 130 79 8 52 15 4 1 2 71 46 85 109 0 0 63 4 6 14 17 9 0 20 130 8 4 9 9 22 46 128 19 10 0 0 5 130 74 28 6 0 0 0 17 130 8 2 27 0 2 11 24 2 0 17 46 1 0 11 34 26 89 70 8 0 0 0 0 66 59 16 6 0 0 0 0 6 0 3 
11 15 3 23 35 3 1 0 71 48 48 17 17 0 0 4 17 4 25 7 0 0 0 1 18 1 0 0 0 0 0 1 77 35 25 14 16 1 0 9 132 132 132 66 7 0 0 20 2 3 132 132 24 5 0 0 12 2 30 36 41 5 0 1 95 2 10 14 13 1 14 39 132 4 8 15 10 14 31 132 7 0 31 39 53 132 45 13 11 0 4 14 71 80 1 2 25 3 0 10 20 4 1 15 51 1 1 18 27 26 102 128 8 0 0 0 0 121 88 16 15 0 0 0 0 12 2 4 
32 41 15 22 20 0 0 2 31 33 89 32 0 0 0 2 8 3 27 15 0 0 0 0 12 1 1 0 0 0 0 1 125 31 20 28 13 0 0 32 125 41 125 114 4 6 9 44 1 5 125 125 15 6 2 0 6 2 48 46 43 8 0 0 125 14 3 12 27 5 0 45 125 17 2 2 2 16 38 94 11 15 42 27 31 125 36 9 5 0 7 17 65 115 2 1 45 4 2 16 26 0 8 33 55 3 0 5 12 41 125 87 3 0 0 0 0 125 75 11 8 0 0 0 0 19 2 3 
0 9 8 1 0 0 0 0 0 31 94 0 0 0 0 0 0 11 129 15 0 0 0 0 5 6 34 17 0 0 0 0 84 53 9 0 0 0 0 0 129 129 129 1 0 0 0 4 11 30 129 129 20 0 0 2 3 13 118 129 14 1 0 3 128 6 0 0 0 0 0 23 129 5 0 0 0 0 0 113 37 0 0 33 59 0 2 39 7 6 10 34 103 8 4 28 66 2 0 0 0 0 0 11 129 13 0 0 0 0 0 39 73 4 0 12 23 0 0 13 1 0 0 42 85 0 0 4 
39 18 0 0 0 0 6 6 124 124 14 1 0 3 7 14 7 40 103 7 4 25 9 3 0 48 76 1 0 3 2 0 128 15 0 0 0 0 0 15 128 128 17 0 0 2 11 35 0 34 52 0 2 44 37 0 0 11 16 0 0 17 80 4 91 0 0 0 0 0 0 34 128 1 0 0 0 6 128 128 0 0 0 0 1 125 128 4 0 0 0 0 0 48 128 8 8 1 0 0 0 0 0 9 9 0 0 0 0 0 82 54 0 0 0 0 0 25 126 4 0 0 0 0 0 14 57 0 
17 17 1 28 44 0 0 0 54 65 86 10 8 0 0 5 5 5 114 18 0 0 0 0 1 2 46 8 0 0 0 0 92 16 9 48 68 0 0 20 128 67 102 17 16 3 7 54 9 18 128 55 0 27 16 12 0 19 128 57 3 18 1 0 82 2 6 27 85 0 3 48 128 12 6 12 42 12 24 100 38 34 4 0 0 61 63 30 1 16 10 0 1 128 54 0 45 1 1 15 51 0 0 12 95 2 0 13 44 14 59 86 9 0 0 0 0 74 128 29 0 0 0 0 0 67 34 1 
110 0 0 0 0 0 0 26 111 9 7 47 20 0 0 16 0 1 11 135 89 0 0 0 0 0 0 34 54 1 0 0 135 0 0 0 0 0 0 23 135 11 2 10 20 10 0 24 4 1 2 38 135 97 0 1 0 0 0 5 107 40 0 0 135 1 0 0 0 0 1 18 135 0 0 0 26 60 22 47 1 0 0 0 135 135 6 1 0 0 0 1 60 30 0 0 58 2 0 0 0 0 4 27 35 0 0 0 3 57 87 54 0 0 0 0 58 114 15 0 0 0 0 0 20 10 0 0 
48 7 0 0 0 0 0 3 62 102 38 9 0 0 0 0 1 23 46 114 59 0 0 0 0 0 1 22 25 0 0 0 98 2 0 0 0 0 0 11 135 61 4 11 2 0 0 14 28 21 5 135 135 0 0 0 0 1 1 87 75 0 0 0 92 1 0 0 0 0 0 9 135 4 0 1 0 0 2 76 40 2 0 87 98 5 15 34 0 0 0 135 108 0 0 0 31 0 0 0 0 0 0 14 72 0 0 0 0 0 26 135 14 0 0 9 12 3 59 135 4 0 0 77 49 0 1 12 
60 0 0 0 0 0 0 11 149 6 3 14 13 0 0 35 12 4 9 149 108 3 0 0 0 0 0 37 76 5 0 0 64 0 0 0 0 2 2 13 149 7 1 3 6 5 0 34 43 5 3 27 149 117 0 5 0 0 0 3 132 51 0 0 64 1 0 0 0 3 4 9 149 1 0 0 7 44 32 57 19 0 0 0 149 149 22 10 0 0 0 0 68 32 0 0 22 6 0 0 0 0 1 7 39 0 0 0 0 25 69 50 0 0 0 1 34 94 31 2 0 0 0 3 18 6 0 0 
26 9 0 0 0 0 0 8 28 75 53 19 2 0 0 0 0 7 34 71 44 0 0 0 1 4 1 3 5 0 0 0 100 5 0 0 0 0 0 11 141 107 17 50 16 0 0 7 10 14 11 141 141 0 0 0 0 6 2 31 21 0 0 0 101 0 0 0 0 0 0 15 141 6 1 12 8 0 3 69 26 1 1 141 141 2 7 16 0 0 0 99 64 0 0 0 42 0 0 0 0 0 0 12 108 0 0 0 0 0 27 141 20 0 0 48 41 4 38 106 2 0 0 105 56 0 0 1 
37 7 0 0 0 0 0 6 82 127 20 0 0 0 0 0 7 53 52 120 44 0 0 0 0 0 1 67 35 0 0 0 85 1 0 0 0 0 0 12 136 51 3 0 0 0 0 21 62 23 11 136 70 0 0 2 0 0 0 136 82 0 0 0 73 1 0 0 0 0 0 10 136 1 0 0 0 0 10 100 53 1 0 27 29 13 78 63 0 0 0 136 63 2 7 6 27 0 0 0 0 0 0 9 48 0 0 0 0 0 45 118 21 0 0 0 0 0 116 129 33 2 3 28 5 0 5 45 
90 6 0 0 0 0 0 5 32 4 3 41 68 0 0 1 13 0 3 94 120 3 0 30 60 0 4 6 1 0 0 101 120 18 0 0 0 0 0 6 59 19 8 47 30 0 4 5 2 0 46 120 66 0 9 2 36 6 49 82 3 0 2 52 120 55 0 0 0 1 0 8 46 11 2 8 16 53 41 11 0 0 24 67 30 109 120 26 0 0 23 85 29 31 120 35 32 11 0 0 0 11 83 46 1 2 0 0 4 120 120 7 0 0 0 0 33 120 69 3 0 0 3 4 10 14 73 19 
37 12 35 74 1 0 0 16 6 50 107 114 0 0 0 6 0 72 114 16 0 0 0 0 0 12 112 106 0 0 0 0 47 3 8 25 33 5 8 103 60 27 99 104 0 0 0 114 8 67 114 35 9 12 0 6 0 9 48 47 20 45 9 0 55 6 0 7 104 9 7 46 114 28 2 2 1 1 3 83 16 3 3 6 36 66 9 15 0 0 0 0 68 114 12 0 49 30 0 11 56 0 0 0 114 45 0 0 4 8 2 2 4 0 0 0 39 77 3 0 0 0 0 0 60 95 0 0 
79 43 36 12 0 0 0 9 0 9 121 51 0 0 0 1 0 8 121 15 0 0 0 0 0 7 88 4 0 0 0 0 121 6 2 2 0 0 5 121 39 11 48 11 2 7 17 52 4 5 59 17 9 49 30 0 0 2 30 3 2 48 70 0 66 2 0 0 0 0 33 121 121 20 0 0 25 62 32 113 9 2 2 0 52 121 61 1 2 32 14 0 3 99 116 2 71 16 0 0 3 4 9 15 121 32 0 0 23 81 27 36 1 53 33 5 52 82 3 1 0 105 57 0 4 6 0 0 
21 28 15 9 32 0 0 0 46 46 105 9 0 0 0 4 3 4 87 13 0 0 0 0 1 1 38 5 0 0 0 0 132 30 9 23 77 0 0 20 132 66 132 20 0 0 2 55 8 8 132 55 0 12 15 8 0 3 132 61 0 14 8 0 132 1 0 32 121 0 0 35 132 10 31 9 9 2 16 104 20 27 11 5 3 55 59 34 4 49 19 7 0 25 18 1 84 1 0 7 95 0 0 19 132 9 3 14 20 23 14 55 38 26 0 6 6 17 23 20 3 5 2 0 0 37 24 3 
123 8 0 0 0 0 0 3 37 6 1 36 81 1 0 1 39 3 2 54 94 8 2 57 58 5 4 0 0 0 0 70 123 25 0 0 0 0 0 3 64 20 5 55 41 2 5 4 14 4 36 123 62 2 12 12 43 5 16 32 8 2 6 106 123 52 0 0 0 2 12 22 40 9 1 7 16 104 64 8 0 0 13 63 35 116 123 28 2 1 7 41 38 20 92 55 26 2 0 0 0 5 123 66 0 0 0 0 2 110 123 13 0 0 0 1 16 85 80 14 5 2 4 1 1 1 31 37 
87 66 54 2 0 0 0 5 2 24 123 22 0 0 0 1 0 25 123 3 0 0 0 0 0 17 84 0 0 1 0 0 123 7 3 0 0 0 2 123 34 15 52 6 2 6 20 88 4 6 57 8 10 88 31 2 1 5 17 1 0 84 89 1 65 5 0 0 0 0 16 123 123 3 0 0 16 44 47 123 22 14 13 1 76 123 26 6 3 101 41 2 7 61 45 1 28 28 1 1 3 0 2 7 123 26 1 1 6 32 26 24 27 97 15 1 20 40 12 5 1 86 28 2 2 0 0 0 
132 12 0 0 0 0 0 3 133 43 0 0 0 0 0 11 62 15 0 0 9 6 6 10 1 0 0 0 52 39 38 3 133 2 0 0 0 0 0 24 133 33 0 0 0 1 9 41 23 13 0 0 27 92 37 10 0 0 0 0 71 133 23 0 102 0 0 0 0 0 4 88 79 0 0 0 0 12 133 133 1 0 0 0 15 105 133 16 0 0 0 0 15 133 57 1 3 0 0 0 0 0 4 36 0 0 0 0 0 6 88 51 0 0 0 0 0 20 115 5 0 0 0 0 0 15 62 2 
4 36 3 0 0 0 0 0 4 88 102 0 0 0 0 0 0 20 133 2 0 0 0 0 0 1 130 13 0 0 0 0 88 51 0 0 0 0 0 6 133 133 78 0 0 0 0 11 9 39 133 34 0 0 0 1 0 10 133 47 0 0 0 0 117 6 0 0 0 0 0 19 133 19 2 0 0 0 14 102 38 11 24 14 0 0 25 89 5 11 64 17 0 1 8 6 62 3 0 0 0 0 0 15 57 2 0 0 0 0 15 133 26 0 0 0 0 0 70 133 38 3 1 0 0 1 47 38 
11 18 12 8 28 0 0 0 56 44 98 14 0 0 0 2 15 6 76 9 0 0 0 0 0 1 33 4 0 0 0 0 131 26 6 19 78 0 0 13 136 79 136 29 0 1 0 44 14 21 136 67 0 5 15 22 0 1 136 51 0 12 18 0 136 0 0 13 115 1 0 17 136 10 12 21 5 6 8 67 18 20 12 11 5 26 71 53 4 32 25 4 0 23 33 1 82 0 0 1 68 2 0 13 136 4 2 9 19 64 11 45 35 17 1 5 9 43 37 65 4 8 1 0 0 30 53 5 
1 8 6 2 0 0 0 0 2 28 85 8 0 0 0 0 53 15 37 15 0 0 0 0 21 4 4 0 0 0 0 0 99 43 6 1 1 0 0 0 132 132 132 80 15 0 0 4 16 32 132 132 22 0 0 5 7 16 132 17 0 0 0 1 132 4 0 0 1 0 0 16 132 6 0 13 50 0 0 71 58 15 29 25 106 2 9 67 41 9 79 5 0 0 2 40 86 0 0 0 0 0 0 6 132 4 0 9 22 0 0 21 40 1 1 53 98 0 0 36 43 0 0 2 0 0 2 56 
126 8 0 0 0 0 0 6 126 21 0 0 0 0 0 22 65 10 1 1 4 2 2 13 1 1 2 3 24 23 37 5 126 7 0 0 0 0 0 18 126 57 0 0 0 0 1 20 34 22 0 0 15 55 25 9 0 0 0 0 69 126 30 0 126 0 0 0 0 0 4 81 106 1 0 0 0 11 126 126 4 0 0 0 14 115 126 13 0 0 0 0 15 126 54 0 6 0 0 0 0 0 10 49 1 0 0 0 0 8 125 52 0 0 0 0 0 25 126 3 0 0 0 0 0 22 73 1 
9 50 6 0 0 0 0 0 5 79 127 0 0 0 0 0 0 9 127 10 0 0 0 0 0 2 121 15 0 0 0 0 125 52 0 0 0 0 0 6 127 127 105 2 0 0 0 7 1 15 127 64 1 0 0 0 0 14 127 28 0 0 0 0 127 7 0 0 0 0 0 20 127 17 4 0 0 0 12 108 24 12 35 26 1 0 11 50 0 10 72 13 0 0 2 1 75 3 0 0 0 0 0 23 54 1 0 0 0 0 12 127 40 1 0 0 0 0 64 124 33 8 3 1 2 4 17 19 
4 10 7 5 11 0 0 0 40 34 90 13 0 0 0 1 48 13 38 7 0 0 0 1 0 0 11 1 0 0 0 0 106 26 5 7 28 0 0 10 148 81 148 63 15 0 1 29 27 30 148 75 5 0 3 21 0 0 148 79 0 0 4 0 123 0 0 3 44 0 0 12 148 4 2 39 34 0 1 55 42 11 23 43 24 4 46 112 1 10 50 17 0 14 84 10 73 0 0 0 18 0 0 5 148 4 2 20 12 34 5 34 28 12 2 32 31 74 34 42 18 27 6 0 0 2 12 15 
36 8 0 0 0 18 37 38 5 6 0 0 1 110 93 36 65 0 0 2 63 73 29 103 30 5 0 4 102 41 3 0 32 0 0 0 0 46 115 100 25 0 0 0 0 115 115 26 115 0 0 1 35 90 62 115 115 11 0 4 53 68 14 6 24 0 0 0 0 7 64 63 40 7 2 6 12 46 22 17 115 43 9 13 6 7 10 50 104 14 15 37 10 4 3 17 52 5 0 0 0 0 4 18 57 45 7 11 8 0 0 3 102 115 6 6 3 0 0 0 21 15 7 36 29 0 0 5 
127 3 0 0 0 0 0 18 63 3 0 17 22 0 0 15 4 1 4 71 109 4 5 16 34 3 3 8 6 1 3 88 127 1 0 0 0 0 0 19 127 14 2 11 5 0 0 6 8 4 21 127 66 2 3 2 24 2 55 86 10 2 1 45 127 20 0 0 0 0 0 10 127 21 0 1 0 15 10 12 9 2 13 35 15 127 59 5 0 0 25 43 16 65 127 3 86 7 0 0 0 0 36 69 19 8 0 0 0 55 127 29 0 0 0 0 6 127 111 0 0 0 0 0 5 51 49 5 
122 7 0 0 0 0 0 3 133 29 0 0 0 0 0 18 73 16 0 0 1 1 2 12 4 1 0 0 29 33 14 4 133 5 0 0 0 0 0 18 133 51 0 0 0 0 5 29 36 28 0 0 13 56 33 9 0 0 0 0 39 133 27 1 108 0 0 0 0 0 5 75 103 0 0 0 0 16 133 133 4 0 0 0 6 108 133 12 0 0 0 0 9 133 102 0 3 0 0 0 0 0 9 36 0 0 0 0 0 7 104 44 0 0 0 0 0 28 111 1 0 0 0 0 0 16 59 0 
7 37 2 0 0 0 0 0 5 77 108 0 0 0 0 0 0 5 134 13 0 0 0 0 0 0 98 20 0 0 0 0 101 45 0 0 0 0 0 4 134 134 97 2 0 0 0 7 5 21 134 70 1 0 0 0 0 4 134 48 0 0 0 0 130 4 0 0 0 0 0 17 134 21 4 1 0 0 4 76 34 8 38 40 1 0 7 41 0 6 87 23 0 0 0 0 75 3 0 0 0 0 0 13 100 2 0 0 0 0 7 134 49 1 2 0 0 0 34 134 15 6 11 3 0 0 17 16 
132 2 0 0 0 0 0 11 41 2 0 60 101 0 0 4 70 6 6 51 60 0 0 70 31 0 0 0 0 0 4 64 132 9 0 0 0 0 0 10 82 14 12 76 45 1 7 4 12 4 54 132 46 11 16 18 9 5 5 23 13 5 44 95 132 22 0 0 0 0 0 12 82 8 4 10 45 74 33 11 0 0 12 54 69 132 132 5 30 14 8 16 21 17 51 45 132 15 0 0 0 6 14 17 17 4 0 0 50 132 32 6 1 1 3 2 56 93 29 9 38 4 2 0 0 0 10 37 
1 7 9 2 0 0 0 0 1 18 98 7 0 0 0 0 43 9 48 16 0 0 0 0 34 5 2 0 0 0 0 0 90 40 11 1 0 0 0 10 134 106 137 55 12 0 0 37 16 21 137 137 31 5 3 16 18 22 137 30 0 0 1 11 121 1 0 0 0 0 0 16 137 2 0 11 25 0 0 53 44 6 14 84 118 9 8 48 46 8 46 14 1 1 13 104 76 0 0 0 0 0 0 6 137 4 1 3 1 0 0 18 35 3 25 96 22 35 10 4 7 1 14 34 13 21 26 34 
8 36 19 0 0 0 0 0 1 62 138 3 0 0 0 0 0 5 138 25 0 0 0 0 0 0 115 31 0 0 0 0 133 43 6 0 0 0 0 18 138 133 125 4 0 0 0 16 7 12 138 49 8 12 0 1 0 0 138 98 6 2 0 0 138 0 0 0 0 0 0 28 138 1 0 0 0 3 2 64 16 0 3 6 12 32 2 12 0 0 10 10 7 5 0 0 94 3 0 0 0 0 0 13 138 3 0 0 0 0 0 58 30 0 3 2 5 2 0 8 0 0 1 2 8 3 0 0 
131 25 0 0 0 0 0 6 119 46 6 2 0 0 0 2 8 4 8 3 0 0 0 0 1 3 8 1 0 0 0 0 131 2 0 0 0 0 0 30 131 18 13 12 0 2 5 30 3 4 16 24 1 25 18 0 2 1 2 0 0 37 53 0 131 0 0 0 0 0 0 81 128 0 0 0 0 36 131 131 0 0 0 3 0 131 131 1 0 0 0 0 0 121 131 1 19 0 0 0 0 0 3 34 10 0 0 0 0 26 113 65 0 0 0 0 0 68 114 0 0 0 0 0 0 23 56 0 
1 14 6 0 0 3 0 0 0 35 95 0 0 1 0 0 0 3 146 9 0 0 0 0 0 0 55 27 0 0 0 0 90 56 5 0 0 0 0 7 130 146 146 2 0 0 0 10 3 17 146 69 9 3 0 0 0 0 146 143 0 0 0 0 141 1 0 0 0 0 0 31 146 14 5 0 1 3 3 72 16 3 14 17 21 17 3 8 0 0 27 35 8 1 0 0 79 2 0 0 0 0 0 12 146 3 0 0 0 0 0 67 33 1 1 3 9 2 0 9 0 0 0 3 8 1 0 0 
114 26 0 0 0 0 0 1 140 64 1 0 0 0 0 0 13 11 10 1 0 0 0 0 0 7 8 0 0 0 0 0 140 6 0 0 0 0 0 35 140 40 12 3 0 1 3 66 11 11 24 13 0 30 21 3 1 2 4 0 0 60 65 1 80 0 0 0 0 0 0 50 140 0 1 0 0 20 107 140 4 0 1 3 0 140 140 17 0 0 0 0 0 140 140 0 5 0 0 3 0 0 0 11 6 0 0 1 0 9 79 69 0 0 0 0 0 61 98 4 0 0 0 0 0 20 32 0 
2 19 8 0 0 2 0 0 0 45 114 1 0 0 0 0 0 3 141 15 0 0 0 0 0 0 63 32 0 0 0 0 103 52 5 0 0 0 0 11 141 141 141 3 0 0 0 13 4 15 141 75 9 5 0 0 0 0 141 140 1 0 0 0 141 0 0 0 0 0 0 30 141 8 2 0 1 3 4 77 15 2 8 15 18 14 4 9 0 0 20 28 8 2 0 0 79 3 0 0 0 0 0 10 141 4 0 0 0 0 0 59 34 1 1 4 9 1 0 9 0 0 0 4 8 1 0 0 
129 28 0 0 0 0 0 1 136 53 1 0 0 0 0 0 9 9 11 1 0 0 0 0 0 7 7 0 0 0 0 0 136 7 0 0 0 0 0 39 136 37 15 4 0 1 3 56 7 10 19 11 2 31 19 2 0 2 4 0 0 62 69 1 99 0 0 0 0 0 0 62 136 1 1 0 0 29 115 136 1 0 1 2 1 136 136 10 0 0 0 0 0 136 136 0 7 0 0 2 0 0 1 16 6 0 0 0 0 14 91 71 0 0 0 0 0 68 93 2 0 0 0 0 0 20 31 0 
45 61 23 15 23 0 0 2 44 62 129 102 1 0 0 2 14 4 47 70 0 0 0 0 14 1 1 1 0 0 0 0 129 27 14 5 7 6 0 31 129 23 64 97 1 6 6 49 2 1 89 129 94 71 7 0 11 1 3 15 48 9 0 1 115 0 3 29 16 10 6 58 107 0 0 9 5 76 129 129 6 0 0 6 45 129 106 5 18 0 0 0 20 17 1 3 37 0 0 20 50 16 9 38 46 0 0 7 42 21 71 54 18 0 0 0 0 10 22 9 19 0 0 0 0 0 0 3 
0 5 3 0 0 6 0 0 0 25 68 0 0 3 0 0 0 5 117 9 0 0 0 0 0 0 40 19 0 0 0 0 72 48 4 0 0 2 0 4 131 153 153 2 1 0 0 8 2 22 153 83 9 1 0 0 0 0 153 153 0 0 0 0 126 3 0 0 0 0 0 28 153 20 7 1 3 4 2 94 17 2 21 22 23 8 2 9 0 0 28 60 8 1 0 0 65 6 0 0 0 0 0 9 153 9 0 0 0 0 0 65 39 0 0 5 12 1 0 11 0 0 0 2 10 4 0 0 
106 20 0 0 0 0 0 0 144 80 0 0 0 0 0 0 12 15 9 0 0 0 0 0 0 8 11 1 0 0 0 0 144 4 0 0 0 0 0 29 144 30 8 0 0 0 2 71 14 16 20 3 3 35 22 3 0 4 4 0 0 81 79 0 52 0 0 1 0 0 0 39 144 1 1 0 0 15 107 144 6 0 3 1 3 144 144 25 0 0 0 0 0 144 144 1 1 0 1 4 0 0 0 3 3 0 1 2 0 5 59 54 0 0 0 0 0 46 85 5 0 0 0 0 1 15 17 0 
100 5 2 1 47 24 0 9 149 4 0 0 2 2 0 12 10 3 2 2 7 3 0 1 6 8 1 0 0 0 0 0 112 30 7 2 38 25 3 21 149 18 4 1 0 1 1 22 16 8 12 9 6 11 12 4 11 17 3 1 0 8 26 8 83 5 0 0 7 15 16 91 149 1 0 0 0 22 118 149 6 0 0 1 3 124 149 14 1 0 0 0 0 62 149 9 28 9 0 0 1 1 3 15 12 0 0 0 0 15 119 49 0 0 0 0 0 42 139 1 0 0 0 0 0 14 69 0 
4 15 21 9 0 0 0 0 14 80 103 7 0 0 3 11 7 24 93 35 7 2 30 31 1 5 67 16 2 3 63 32 127 43 9 0 0 0 0 11 136 150 150 2 0 0 0 17 1 15 150 49 2 1 0 0 1 8 150 32 0 0 1 1 150 1 0 0 0 0 0 26 150 17 6 1 0 1 3 81 9 4 18 11 10 9 5 9 1 1 15 3 1 1 8 4 98 0 0 0 0 0 0 11 150 20 3 1 0 0 0 34 10 7 9 18 4 1 0 3 0 0 5 7 1 0 0 0 
74 1 0 0 90 68 17 20 140 6 0 1 3 2 5 19 11 3 0 2 4 1 0 1 10 1 0 0 0 0 1 4 128 19 1 6 98 67 1 11 140 17 3 3 2 1 0 13 14 14 5 5 4 2 2 3 6 9 4 3 2 7 9 3 92 5 0 0 33 39 13 76 140 4 1 1 1 21 115 140 6 2 1 2 3 63 140 13 2 1 0 0 0 76 140 4 34 8 0 0 3 5 4 15 14 0 0 0 0 14 128 50 0 0 0 0 0 31 140 1 0 0 0 0 0 17 86 1 
4 16 28 9 0 0 0 3 14 70 105 8 0 0 20 34 4 14 100 33 0 5 80 81 20 10 58 6 0 0 116 73 134 44 11 0 0 0 0 10 130 133 141 7 0 1 1 16 0 8 141 43 3 3 2 1 9 15 141 19 0 1 4 3 141 2 0 0 0 0 0 16 141 20 5 3 1 2 3 35 1 3 13 16 5 5 4 2 0 1 11 5 0 2 6 1 110 2 0 0 0 0 0 15 141 10 1 2 0 1 2 49 4 3 6 10 4 3 2 2 0 3 13 2 0 0 0 0 
101 5 1 0 47 24 0 10 148 3 0 0 2 1 0 12 9 3 2 2 7 3 0 1 6 8 1 0 0 0 0 0 113 33 6 3 41 25 3 18 148 17 4 1 0 1 1 23 16 8 12 9 6 11 13 4 12 15 2 1 0 10 31 7 80 6 0 0 7 16 18 90 148 1 0 0 0 25 117 148 6 0 0 1 2 137 148 13 2 0 0 0 0 74 148 7 29 9 0 0 1 1 3 16 13 0 0 0 0 18 118 48 0 0 0 0 0 45 131 1 0 0 0 0 0 14 60 0 
5 16 21 9 0 0 0 0 14 78 106 7 0 0 3 10 6 24 88 38 7 2 29 34 2 4 59 18 1 3 65 39 129 40 9 0 0 0 0 12 141 144 150 3 0 0 0 17 1 13 150 59 2 1 0 0 2 7 150 42 0 0 1 0 150 1 0 0 0 0 0 25 150 17 6 1 0 1 2 79 9 4 18 11 10 9 5 9 1 1 18 4 1 2 8 4 98 0 0 0 0 0 0 10 150 19 4 1 0 0 0 34 11 6 10 18 4 1 0 3 0 0 5 7 1 0 0 0 
47 3 0 0 76 117 18 17 110 16 3 2 6 14 5 22 18 3 1 0 0 0 0 11 4 0 0 0 0 2 3 12 129 10 2 1 129 85 2 11 129 7 3 1 2 3 0 23 14 13 3 2 1 1 1 3 4 3 2 1 1 6 12 11 89 5 1 0 122 97 2 44 129 7 2 1 1 21 66 108 6 5 1 1 1 78 129 12 0 0 0 0 1 104 129 4 34 3 0 0 21 40 4 19 32 1 0 0 0 22 118 64 0 0 0 0 0 51 129 1 0 0 0 0 0 28 60 0 
8 17 36 9 0 0 0 10 17 37 112 11 0 0 35 100 3 2 88 41 1 0 120 128 22 5 44 22 0 0 80 127 128 45 15 0 0 0 0 5 108 77 128 21 0 0 0 7 0 3 128 77 1 1 11 5 25 15 128 41 2 1 15 47 128 9 0 0 0 0 0 12 128 19 6 6 1 1 1 20 0 1 15 17 2 1 1 0 0 2 22 15 3 1 1 0 128 1 0 0 0 0 0 14 128 10 2 1 1 0 2 24 1 10 7 3 1 0 0 1 0 13 13 1 0 0 0 0 
123 2 0 0 0 0 0 19 78 4 0 9 8 0 0 19 3 1 1 96 93 2 2 7 18 2 10 29 13 1 3 63 123 1 0 0 0 0 0 32 123 12 0 2 0 0 0 15 18 8 32 108 29 13 16 4 5 2 95 88 5 24 48 7 123 17 0 0 0 0 0 19 123 34 0 0 0 14 13 20 17 2 7 3 38 123 48 4 0 0 12 9 30 122 113 0 86 3 0 0 0 0 26 59 30 7 0 0 0 59 123 36 0 0 0 0 4 123 123 0 0 0 0 0 4 49 38 3 
96 3 4 17 47 53 11 8 46 53 10 9 24 21 8 10 19 22 10 0 0 0 1 17 1 1 3 0 0 1 9 7 128 8 0 0 128 83 11 22 128 5 2 0 28 20 9 48 18 6 3 0 0 2 2 8 1 1 1 0 0 16 19 11 128 5 0 0 128 76 9 29 128 5 1 0 22 25 42 122 10 3 2 1 0 103 128 11 0 0 0 0 0 123 128 3 40 0 0 0 42 69 24 16 44 0 0 0 4 23 79 70 0 0 0 0 0 62 118 3 0 0 0 0 0 22 37 0 
0 6 3 0 0 8 0 0 0 38 83 1 0 5 0 0 0 9 142 19 0 2 0 0 0 0 42 29 0 0 0 0 88 68 5 0 0 4 0 9 110 142 142 13 0 0 1 18 0 15 142 97 3 0 0 0 0 0 137 142 4 0 0 0 142 6 0 0 0 0 0 39 142 13 2 4 3 0 1 106 10 0 9 18 24 3 0 3 0 1 20 56 20 7 0 0 88 34 0 0 0 0 0 2 142 32 1 2 0 0 0 63 25 1 2 5 20 2 0 13 0 0 0 3 15 2 0 0 
97 39 0 0 0 0 0 0 142 119 6 1 0 0 0 0 7 15 19 3 0 0 0 0 1 10 13 0 0 0 0 0 142 12 1 0 0 0 0 34 142 35 3 0 0 0 0 49 6 21 17 1 0 20 15 0 3 6 7 0 1 79 46 0 67 0 1 3 0 0 0 55 142 6 0 0 0 21 84 142 4 3 1 0 2 142 142 18 2 0 0 0 0 117 142 11 2 0 3 6 0 0 0 4 6 0 2 4 0 8 75 73 0 0 0 1 0 69 103 8 0 0 0 1 0 15 37 0 
104 14 2 1 9 3 0 2 148 8 0 0 0 0 0 5 10 2 7 3 6 3 0 1 8 6 2 0 0 0 0 0 97 43 11 1 8 3 6 18 148 19 1 0 0 0 0 29 22 9 16 7 7 20 11 2 11 3 1 2 4 18 45 10 68 5 0 0 0 1 34 87 148 0 0 0 0 17 100 148 11 0 0 0 1 148 148 20 0 0 0 0 0 117 148 3 26 8 0 0 0 0 3 18 17 0 0 0 0 18 120 50 0 0 0 0 0 64 126 1 0 0 0 0 0 17 41 0 
6 18 20 6 0 0 0 0 16 77 103 7 0 0 0 0 10 32 67 44 11 1 4 4 0 0 43 30 7 2 16 9 137 43 9 0 0 0 0 10 125 148 150 2 0 0 0 10 0 12 150 71 1 0 0 0 0 1 150 73 0 0 0 0 150 1 0 0 0 0 0 38 150 18 10 1 0 0 1 107 9 2 32 13 15 9 4 13 0 1 38 6 4 2 5 6 89 0 0 0 0 0 0 12 150 10 1 0 0 0 0 42 16 7 9 7 3 3 3 7 0 0 3 5 2 1 1 1 
0 8 4 0 0 8 0 0 0 41 97 2 0 8 0 0 0 5 128 30 0 3 0 0 0 0 38 28 0 0 0 0 90 54 7 0 0 5 1 21 113 128 128 10 1 0 0 50 1 7 128 107 5 0 0 1 0 0 124 128 1 0 0 0 128 16 0 0 0 1 1 25 128 25 1 3 1 0 0 126 9 0 3 19 27 3 1 34 0 0 12 45 14 26 0 0 126 23 0 0 0 0 0 2 113 42 6 56 5 0 3 55 2 0 0 16 9 13 31 91 0 0 0 0 17 80 13 1 
130 36 0 0 0 0 0 0 139 69 5 3 0 0 0 0 1 11 40 30 4 2 0 0 3 5 12 45 39 12 0 0 139 8 1 0 0 0 0 38 139 32 5 0 0 1 0 44 1 26 12 1 26 74 6 0 23 46 1 2 52 70 16 5 79 1 4 4 0 0 0 66 139 5 0 0 0 60 46 139 3 3 0 0 5 139 139 13 8 13 0 0 5 99 139 11 2 0 5 6 0 0 0 6 8 0 3 5 0 21 70 87 0 0 1 3 1 88 71 8 0 0 0 2 0 13 26 0 
0 6 3 0 0 6 0 0 0 35 78 0 0 3 0 0 0 9 129 20 1 0 0 0 0 0 39 27 0 0 0 0 86 78 6 0 0 3 0 5 95 146 146 9 2 1 0 8 0 19 146 107 3 0 0 0 0 0 138 146 1 0 0 0 146 7 0 0 0 0 0 41 146 19 5 4 5 0 2 94 6 0 14 25 21 2 1 2 0 0 24 69 17 7 0 0 93 13 0 0 0 0 0 11 146 12 0 0 1 0 0 53 18 0 2 6 17 5 0 5 0 0 1 4 12 6 0 0 
89 35 0 0 0 0 0 1 141 116 2 0 0 0 0 1 11 18 14 5 1 0 0 1 3 7 12 0 0 0 0 0 141 9 0 0 0 0 0 28 141 37 4 0 0 0 0 50 9 23 16 0 1 14 10 0 1 6 8 1 0 54 50 1 62 0 1 1 0 0 0 51 141 7 2 0 1 11 77 141 5 5 3 0 4 141 141 31 0 0 0 0 0 141 141 2 1 0 3 4 0 0 0 5 5 0 1 3 0 4 71 78 0 0 0 0 0 66 120 12 0 0 0 0 0 24 29 0 
0 7 4 0 0 7 1 0 0 29 93 3 0 10 1 0 0 1 123 21 1 7 0 0 0 0 30 20 1 2 0 0 74 34 6 0 0 4 3 25 129 122 135 9 0 0 0 79 4 4 135 110 3 0 0 10 0 0 135 135 2 0 0 0 117 6 0 0 0 1 1 19 135 48 6 14 0 0 5 95 6 0 6 26 12 5 36 93 0 0 23 31 16 50 15 2 101 0 0 0 0 1 0 10 135 29 16 34 2 0 1 21 3 2 14 80 15 23 25 26 13 29 5 9 9 34 27 6 
127 22 0 0 0 0 0 0 136 46 13 10 0 0 0 0 7 7 26 59 34 6 7 7 11 28 22 32 12 1 12 7 136 11 2 2 0 0 0 34 136 41 2 0 4 12 1 55 17 24 7 10 72 76 10 3 54 53 11 9 9 39 53 9 73 1 4 8 0 0 0 44 136 1 0 0 1 89 67 136 5 3 1 0 8 136 136 7 8 3 0 0 0 136 136 9 2 0 2 8 0 0 0 4 8 0 1 7 0 28 60 63 0 0 0 5 2 66 55 2 0 0 0 3 0 10 14 0 
0 13 6 0 0 9 0 0 0 53 114 1 0 5 0 0 0 6 135 30 1 2 0 0 0 0 38 42 0 0 0 0 118 77 9 0 0 4 0 16 113 135 135 12 1 0 0 25 0 7 135 105 7 0 0 0 0 0 108 135 3 0 0 0 135 16 0 0 0 0 0 39 135 12 0 5 4 0 0 84 7 1 2 21 33 1 0 2 0 0 17 52 12 5 1 0 115 48 2 2 0 0 0 1 118 33 7 11 5 0 2 89 9 0 0 3 23 7 6 38 0 0 0 1 12 17 1 0 
102 49 0 0 0 0 0 0 135 98 2 0 0 0 0 0 5 14 18 5 0 0 0 0 0 4 22 9 7 4 0 0 135 18 0 0 0 0 0 29 135 45 6 0 0 0 0 32 4 28 17 0 0 18 12 0 1 12 7 3 25 101 13 0 88 1 2 2 0 0 0 78 135 5 0 0 0 37 53 135 4 5 1 0 0 135 135 10 3 11 0 0 2 105 135 21 3 0 3 6 0 0 0 9 8 0 2 3 0 20 82 107 0 0 0 1 0 97 105 8 0 0 0 1 0 17 59 1 
37 30 30 65 79 0 0 2 8 77 139 15 8 0 0 0 0 9 139 3 0 0 0 0 0 3 139 3 0 0 0 0 139 14 2 33 108 0 0 30 120 41 63 5 15 0 0 43 2 11 105 3 0 0 7 4 0 1 78 5 0 1 5 1 139 1 0 16 134 8 4 41 139 0 0 3 34 4 5 62 5 0 0 0 0 6 19 4 0 0 0 0 0 3 17 4 94 0 0 14 96 4 0 25 139 0 0 7 48 5 0 57 7 0 0 0 1 12 6 2 0 0 0 0 0 1 9 1 
135 4 3 29 20 26 6 11 29 60 14 20 17 17 10 7 11 39 29 0 0 0 3 12 0 6 12 1 0 1 6 5 135 4 0 1 82 58 13 20 135 9 0 1 31 33 12 36 17 3 0 0 0 2 7 20 0 0 0 0 0 29 29 12 135 2 0 2 105 42 7 36 135 4 0 2 39 26 49 92 6 3 0 0 0 113 129 7 0 0 0 0 0 135 113 2 69 0 0 0 25 36 39 31 43 0 0 0 8 32 101 69 0 0 0 0 0 70 135 2 0 0 0 0 0 32 28 0 
17 16 20 56 114 0 0 0 8 89 136 19 15 0 0 0 0 7 136 8 0 0 0 0 0 2 136 4 0 0 0 0 89 16 2 30 135 0 2 13 136 60 63 5 18 0 2 38 5 9 133 2 0 0 2 7 0 1 105 4 0 0 4 1 88 0 0 14 136 9 2 20 136 0 0 2 37 6 2 65 16 0 0 0 0 2 9 9 0 0 0 0 0 2 16 2 40 0 0 11 129 9 0 15 136 0 0 3 48 5 0 48 17 0 0 0 1 9 2 3 0 0 0 0 0 3 8 0 
134 0 0 0 0 0 0 11 87 2 0 1 6 1 0 4 0 0 0 3 17 1 0 0 0 0 0 4 7 0 0 0 134 1 0 0 0 0 0 19 123 0 0 0 3 8 4 15 0 0 0 2 9 9 18 0 0 0 1 9 2 5 25 0 134 15 8 0 0 0 6 101 65 7 14 0 2 45 127 66 0 4 44 4 2 88 134 0 0 7 63 2 0 69 134 0 21 75 100 0 0 1 13 22 2 47 128 0 2 17 87 18 0 26 134 5 2 25 89 0 0 15 125 5 0 19 36 0 
107 12 4 13 6 1 0 7 133 26 52 133 13 4 5 17 3 2 32 133 19 1 0 0 11 1 5 11 0 0 0 0 133 1 0 5 30 9 0 18 133 25 7 21 11 8 26 54 8 14 52 133 69 75 10 2 7 0 9 44 77 27 0 0 86 0 0 8 38 9 4 43 110 6 0 2 8 38 117 133 5 2 0 1 20 133 133 9 14 0 0 0 24 50 4 2 20 0 0 3 48 9 8 11 49 0 0 1 19 11 43 60 11 0 0 0 0 14 28 6 16 0 0 0 0 0 0 1 
0 0 0 24 60 0 0 0 2 0 0 9 14 0 0 0 86 0 0 0 0 0 0 10 59 0 0 0 0 0 0 9 0 3 1 62 136 0 0 0 1 0 3 17 30 0 0 0 98 3 5 1 0 0 0 13 100 1 0 0 0 0 0 10 4 4 0 84 136 4 0 0 80 46 72 21 31 0 0 11 105 60 136 116 0 0 0 12 64 20 91 64 0 0 0 4 1 0 0 13 136 14 0 0 136 11 3 2 29 1 0 38 136 16 79 76 10 1 0 49 14 8 118 94 3 1 0 8 
1 0 0 6 101 9 0 0 139 10 0 0 5 0 3 32 139 6 4 14 11 135 39 27 1 0 2 6 2 95 93 41 0 0 0 17 139 12 0 0 139 2 0 1 10 13 89 68 94 0 0 0 1 139 139 63 52 0 0 0 0 60 52 34 0 0 0 8 139 19 0 0 0 0 0 0 23 18 21 3 59 0 0 0 0 5 33 24 105 0 0 0 0 0 0 18 0 0 0 0 96 12 0 0 0 0 0 2 18 6 0 0 45 0 0 1 1 1 0 5 79 0 0 0 0 0 0 7 
21 2 1 18 130 8 0 3 130 2 0 3 22 34 11 49 60 0 0 6 13 130 98 42 3 0 0 0 0 94 97 15 38 2 0 29 130 9 0 5 127 1 0 5 39 56 120 79 80 0 0 0 6 112 124 46 10 0 0 0 0 10 23 7 36 1 0 22 130 13 6 5 13 0 0 2 73 15 14 7 130 0 0 0 0 1 4 32 23 0 0 0 0 0 0 4 6 0 0 5 102 20 13 7 7 0 0 2 53 5 0 1 115 0 0 0 0 0 0 16 23 0 0 0 0 0 0 3 
132 8 0 13 31 39 1 19 44 47 5 8 13 13 1 15 8 16 13 0 0 0 6 18 0 1 4 1 0 2 8 6 132 4 0 0 113 55 1 26 132 7 0 0 25 13 0 30 11 1 0 1 1 8 13 18 0 0 0 0 2 89 33 10 132 1 0 0 110 72 0 41 132 5 0 0 25 30 81 78 4 1 0 0 1 132 132 3 0 0 0 0 0 132 92 0 58 0 0 0 17 56 11 49 28 0 0 0 4 34 119 51 0 0 0 0 0 67 93 1 0 0 0 0 0 18 13 1 
0 0 0 26 65 0 0 0 0 0 0 9 18 0 0 0 64 1 0 0 0 0 0 7 61 0 0 0 0 0 0 9 2 4 1 73 135 0 0 0 0 1 12 20 34 0 0 0 70 6 38 4 1 0 0 8 100 3 1 0 0 0 0 9 10 1 2 64 135 8 1 1 105 39 44 17 41 0 0 15 135 63 135 135 0 0 0 19 44 26 130 101 0 0 0 2 2 0 0 17 135 10 1 0 134 0 0 3 37 1 0 25 135 6 27 43 4 0 0 51 14 11 79 81 5 0 2 27 
0 0 0 12 115 8 0 0 136 5 0 1 8 0 2 27 136 3 5 5 9 131 50 29 1 0 3 4 5 131 83 21 0 0 0 21 136 19 0 0 132 1 0 2 16 11 67 50 96 0 0 0 2 136 136 62 65 0 0 0 0 63 38 29 0 0 0 14 136 22 0 0 0 0 0 0 33 19 13 1 41 0 0 0 1 7 24 19 114 0 0 0 0 0 0 20 0 0 0 1 113 14 0 0 0 0 0 3 23 6 0 0 31 0 0 1 2 2 0 3 83 0 0 0 0 0 0 7 
0 0 0 26 49 0 0 0 5 2 0 3 6 0 0 3 51 2 0 0 0 0 0 11 135 3 0 0 0 0 0 32 0 0 0 61 84 0 0 0 4 9 18 22 19 0 0 0 48 11 16 1 0 0 0 6 135 1 0 0 0 0 0 90 2 15 8 54 60 0 0 0 13 135 135 70 43 0 0 0 9 36 95 117 121 0 0 3 135 2 0 0 3 0 0 51 7 85 82 12 5 0 0 1 51 135 44 47 70 0 6 8 1 5 10 135 135 3 0 0 38 0 0 4 18 1 0 21 
43 6 0 10 46 2 0 14 129 10 0 15 76 15 60 106 31 1 0 0 0 129 129 37 1 0 0 0 0 129 39 1 67 5 3 11 60 5 1 17 77 2 3 26 129 30 103 79 91 0 0 0 0 41 116 66 8 0 0 0 0 7 7 4 45 1 1 3 47 11 23 19 76 1 1 13 129 27 24 22 129 1 0 0 4 1 0 33 13 0 0 0 0 0 0 3 8 5 0 7 24 3 2 4 42 5 0 30 129 4 2 8 129 1 0 0 7 0 0 21 10 0 0 0 0 0 0 2 
3 0 0 0 0 2 32 98 4 0 0 0 2 56 130 76 25 0 0 4 10 33 113 71 12 12 4 19 15 0 0 9 26 0 1 1 8 7 15 59 14 1 0 3 111 79 86 24 130 11 0 0 9 16 59 122 98 21 1 3 2 1 0 22 22 34 40 5 7 2 0 18 19 34 56 73 119 18 0 6 130 118 26 9 10 1 3 9 100 12 0 0 0 4 12 23 0 72 45 2 0 0 0 0 0 42 130 66 1 0 0 0 24 102 102 17 0 0 0 0 19 33 19 0 0 0 1 2 
137 2 0 0 2 1 1 16 64 2 0 0 0 6 9 11 0 0 0 0 0 14 23 0 0 0 0 0 0 2 22 1 137 13 0 0 13 2 0 56 76 0 0 0 0 7 21 49 0 0 0 0 0 31 39 0 0 0 0 0 0 32 74 2 136 32 10 8 5 2 37 88 39 1 1 0 0 34 137 108 0 15 14 0 0 137 137 0 0 42 29 0 0 94 137 0 2 26 7 13 37 6 33 17 6 128 60 0 0 8 102 21 0 85 116 2 0 20 41 0 1 62 55 0 0 2 3 0 
22 17 3 52 21 10 21 6 41 110 88 28 9 7 8 4 0 13 141 51 4 2 13 6 0 2 141 34 0 0 7 5 77 19 4 95 111 1 0 3 141 127 34 4 3 0 0 18 17 46 118 1 0 0 0 3 7 12 122 14 0 0 0 3 54 0 0 46 140 2 0 10 141 1 0 6 13 0 0 92 47 0 0 0 0 0 0 18 25 1 0 0 0 0 0 8 13 0 1 48 77 0 0 3 141 1 0 14 23 0 0 51 58 4 0 0 0 0 0 7 22 3 0 0 0 0 0 1 
47 8 2 4 89 16 1 26 116 25 47 2 9 5 3 49 2 2 87 4 0 4 25 2 0 0 33 2 0 3 26 0 103 15 4 15 116 5 0 31 116 0 2 2 32 11 18 116 4 1 0 0 0 85 88 8 1 18 9 0 0 86 98 0 85 9 12 94 116 1 0 3 72 33 11 67 30 22 102 85 9 105 29 0 0 94 103 9 8 105 23 0 0 23 18 5 24 10 18 49 34 64 9 0 58 46 7 57 34 67 20 21 32 60 20 4 2 0 0 3 6 8 2 0 0 0 0 3 
0 0 0 29 111 3 0 0 141 9 1 4 14 1 0 14 142 18 3 1 2 60 39 49 11 0 3 2 7 142 49 6 0 0 0 25 142 26 0 0 73 1 0 4 28 7 22 23 134 0 0 0 0 137 142 71 59 0 0 0 0 133 83 30 0 0 0 25 142 24 0 0 0 0 0 2 47 22 5 0 5 0 0 1 5 14 23 6 91 0 0 0 0 0 1 23 0 0 0 3 128 20 0 0 0 0 0 3 32 7 0 0 4 0 0 1 5 4 0 0 55 0 0 0 0 0 0 5 
0 0 0 10 26 0 0 0 10 3 0 0 0 0 0 3 63 3 0 0 0 0 0 10 138 8 0 0 0 0 0 23 0 0 1 39 66 0 0 0 10 14 14 4 3 0 1 2 64 13 5 0 0 0 0 8 138 4 0 0 0 0 0 84 1 77 23 55 60 0 0 0 2 138 138 76 68 0 0 0 20 9 40 53 81 0 0 6 138 4 0 0 0 0 0 61 15 138 30 12 8 0 2 0 16 138 54 102 138 6 2 1 4 0 1 85 138 13 0 2 48 0 0 0 0 0 0 39 
132 1 0 0 21 15 3 18 82 4 0 0 0 4 8 9 0 0 4 0 0 5 30 5 0 0 1 0 0 0 26 3 132 4 0 0 79 14 3 52 104 0 0 0 0 13 22 35 0 0 0 0 0 25 46 1 0 0 0 0 0 28 79 2 132 35 10 19 53 4 15 64 72 0 0 0 0 53 132 82 0 17 7 0 0 132 132 0 0 53 29 0 0 92 131 0 8 17 6 33 32 5 27 26 5 102 42 1 1 28 120 28 1 110 75 1 0 35 42 0 4 81 36 0 0 2 4 2 
19 33 0 45 21 14 30 5 24 80 134 49 5 18 30 5 0 4 134 66 1 2 68 48 1 2 134 34 0 0 49 55 90 27 0 67 104 1 0 10 134 85 56 3 0 0 0 27 19 26 134 13 0 0 0 4 5 6 134 37 0 0 0 1 61 0 1 73 104 0 0 16 134 1 0 7 8 0 0 76 53 3 0 0 0 0 0 10 24 7 2 1 6 1 0 2 19 0 3 51 78 0 0 3 134 2 0 12 20 0 0 34 50 13 0 0 0 0 0 1 17 12 0 0 5 1 0 0 
30 0 1 6 27 7 9 6 94 1 5 19 131 59 25 28 131 0 0 2 23 2 0 21 36 0 0 0 0 0 0 4 3 0 0 3 47 21 6 2 76 0 0 61 131 50 8 19 131 1 0 6 19 1 0 36 55 0 0 0 0 0 0 10 10 2 1 8 23 3 1 7 64 17 30 131 131 0 0 5 131 38 59 38 36 0 0 13 45 2 5 0 0 0 0 6 17 5 1 1 2 0 0 4 103 57 62 39 19 0 1 24 80 88 131 129 5 0 7 26 10 4 64 104 0 0 1 0 
18 46 12 2 3 2 2 12 22 2 0 0 1 19 77 57 57 2 0 0 0 2 49 120 62 19 0 0 0 7 9 22 0 28 18 9 73 29 1 0 16 3 0 3 71 119 59 29 120 37 0 0 0 10 38 120 91 7 0 0 0 9 60 73 0 1 27 79 79 6 0 0 25 105 62 114 103 19 0 2 109 120 24 13 15 8 8 10 47 21 3 2 2 4 16 47 0 6 86 37 2 0 0 0 1 88 120 73 4 1 0 0 1 79 38 71 49 2 0 0 28 43 4 10 9 0 0 1 
12 3 0 0 0 6 31 56 0 0 0 0 0 40 100 66 62 2 0 0 0 6 46 126 14 3 0 0 2 21 29 34 16 33 6 10 46 21 7 11 13 0 0 5 73 110 78 55 126 12 0 0 2 7 56 126 27 2 0 0 1 8 69 76 2 18 13 61 76 1 0 0 32 38 44 126 106 9 1 8 126 126 33 28 8 3 2 15 49 19 16 23 6 2 4 15 0 15 39 36 17 0 0 0 3 71 126 58 2 0 0 0 35 126 85 32 8 1 0 2 11 6 17 53 23 0 0 0 
