0 14 9 0 0 0 0 0 0 36 97 0 0 0 0 0 11 17 114 19 0 0 0 0 44 10 9 5 0 0 0 1 104 96 16 0 0 0 0 2 78 137 137 9 2 0 0 3 1 21 137 137 33 0 0 0 8 20 104 85 4 0 0 0 137 6 0 0 0 0 0 22 137 18 2 2 3 0 0 49 7 1 5 71 93 1 0 4 23 23 65 33 27 2 1 21 128 0 0 0 0 0 0 19 137 0 0 0 0 0 0 71 13 0 0 14 65 2 1 17 13 0 0 8 53 4 3 27 
0 16 11 0 0 0 0 0 0 33 112 1 0 0 0 0 26 17 97 19 0 0 0 0 44 8 5 2 0 0 0 1 114 82 14 0 0 0 0 5 101 133 133 20 4 0 0 8 3 15 133 133 32 0 0 0 10 26 133 45 0 0 0 0 133 3 0 0 0 0 0 23 133 7 0 3 7 0 1 73 7 2 8 53 107 6 2 13 35 18 61 12 18 4 1 48 117 1 0 0 0 0 0 11 133 7 0 0 0 0 0 42 18 2 0 22 81 1 1 7 28 0 0 10 39 2 1 38 
44 38 16 27 72 4 5 22 36 61 126 53 3 0 0 2 5 5 114 61 1 0 0 0 5 3 18 12 7 0 0 0 126 14 18 39 36 5 2 60 126 40 59 44 9 7 24 65 4 19 126 85 57 87 2 0 2 0 17 27 88 52 0 0 107 5 0 20 57 4 8 79 126 8 0 7 20 40 45 126 10 8 2 0 42 126 26 12 10 0 0 0 18 61 0 6 59 1 3 30 25 9 7 20 31 0 3 27 25 41 94 78 7 0 0 0 3 69 36 11 11 0 0 0 0 1 0 5 
41 34 18 45 77 6 2 17 28 45 126 38 5 0 0 3 6 7 88 40 0 0 0 0 7 4 17 7 2 0 0 0 126 23 11 23 68 13 0 71 126 36 103 46 10 8 16 61 2 19 126 100 28 62 2 0 1 1 37 33 75 55 0 0 126 4 1 41 47 7 8 43 126 11 0 10 14 42 41 118 9 13 3 0 17 126 27 9 8 0 0 0 19 84 3 4 58 0 0 20 54 1 9 33 32 1 0 11 28 50 99 71 6 0 0 0 1 78 37 8 10 0 0 0 0 2 0 5 
43 23 4 11 119 5 0 23 51 58 103 25 17 1 0 2 1 4 105 36 0 0 0 0 2 4 36 10 0 0 0 0 119 11 5 42 83 7 0 40 119 24 76 29 16 2 7 61 4 19 119 81 7 11 7 6 0 10 119 48 26 32 0 0 93 5 3 28 81 2 0 69 119 3 0 11 35 3 20 95 26 28 5 0 0 75 38 23 0 6 9 1 24 119 16 0 60 1 0 21 43 8 0 16 80 0 0 18 33 14 43 100 6 0 0 0 0 103 97 27 1 0 0 0 0 57 14 1 
1 29 27 0 0 0 0 0 0 35 130 1 0 0 0 0 5 7 130 33 0 0 0 0 33 11 18 12 0 0 0 0 130 87 26 0 0 0 0 11 90 121 130 8 1 0 0 9 1 6 130 130 32 0 0 0 4 14 103 115 8 0 0 0 130 1 0 0 0 0 0 35 130 1 0 1 2 0 1 73 5 0 0 46 76 1 2 10 10 12 35 33 49 3 3 25 124 1 0 0 0 0 0 18 130 6 0 0 0 0 0 52 20 2 0 11 40 0 1 12 2 0 0 14 69 3 2 12 
22 12 0 0 0 3 31 11 121 97 5 0 0 0 6 15 23 34 52 3 5 24 13 7 0 27 67 1 1 7 1 0 127 30 0 0 0 0 7 14 127 127 21 0 0 0 1 12 0 51 62 0 3 13 5 0 0 12 23 0 2 17 28 2 127 1 0 0 0 0 0 43 127 9 1 0 0 13 73 127 0 1 1 0 1 99 127 3 0 0 0 0 1 76 127 2 23 0 0 0 0 0 0 28 27 0 0 0 0 15 127 105 0 0 0 0 0 57 127 1 0 0 0 0 0 30 102 0 
21 31 35 1 14 2 0 0 64 45 110 30 0 0 0 2 15 7 56 11 0 0 0 0 0 0 20 3 0 0 0 0 139 36 21 1 27 2 0 18 139 43 139 75 21 0 5 30 18 12 139 74 0 0 4 18 0 0 139 62 0 1 6 0 139 0 0 5 37 0 0 15 139 3 4 63 34 3 4 48 28 8 15 23 2 9 54 73 1 13 33 7 0 15 52 0 139 0 0 0 13 1 0 17 139 2 2 19 22 57 13 31 37 11 3 11 13 39 29 62 8 15 6 0 0 0 7 9 
3 15 15 0 0 0 0 0 1 21 132 6 0 0 0 0 28 7 92 24 0 0 0 1 50 6 4 2 0 0 0 2 126 40 12 0 0 0 0 9 135 106 135 24 1 0 0 28 7 10 135 135 22 0 0 3 17 17 135 70 2 0 0 1 135 4 0 0 0 0 0 15 135 6 0 1 1 0 1 80 22 2 5 49 89 3 3 18 32 7 56 25 34 3 5 55 99 3 0 0 0 0 0 3 135 7 0 0 0 0 0 25 33 2 0 29 49 0 0 7 14 0 0 33 42 0 0 27 
24 28 4 14 121 7 0 2 42 61 88 9 5 0 0 2 2 4 107 10 0 0 0 0 0 2 51 7 0 0 0 0 117 18 1 30 121 11 0 29 121 45 95 10 2 2 3 36 4 7 121 23 0 29 9 9 0 16 111 45 2 10 1 0 121 1 0 38 121 4 0 25 121 10 0 9 20 11 12 58 25 32 2 2 1 26 24 16 0 22 13 0 0 72 27 0 65 2 0 16 121 2 0 19 121 0 0 3 24 34 17 77 16 2 0 0 2 69 81 40 0 0 0 0 0 97 46 0 
127 9 0 0 0 0 0 3 127 26 0 0 0 0 0 19 47 8 1 1 1 1 0 9 3 0 4 18 4 13 21 2 127 9 0 0 0 0 0 30 127 56 3 0 0 0 1 26 28 22 3 0 7 48 12 5 0 0 0 0 46 123 33 1 127 4 0 0 0 0 3 65 127 2 0 0 0 19 127 124 4 0 0 0 5 120 127 13 0 0 0 0 9 127 74 5 16 0 0 0 0 0 11 55 2 0 0 0 0 21 127 47 1 0 0 0 0 35 127 10 8 0 0 0 0 9 45 31 
12 54 15 0 0 0 0 0 5 60 129 4 0 0 0 0 0 23 129 11 0 0 0 0 0 1 122 15 0 0 0 0 129 44 2 0 0 0 0 18 129 118 129 3 0 0 0 16 1 21 129 62 3 0 0 0 0 14 129 35 0 0 0 0 129 17 2 0 0 0 0 28 129 19 4 1 0 0 4 113 12 5 30 24 4 0 5 44 0 8 52 10 0 1 0 0 44 34 7 0 0 0 0 9 73 5 0 0 0 0 9 129 39 2 1 0 0 0 40 117 18 2 3 1 2 19 4 8 
55 31 30 22 64 12 5 16 36 32 127 81 1 0 0 4 7 5 85 57 1 0 0 0 7 2 12 7 4 0 0 0 127 12 4 53 45 5 5 61 127 23 69 62 4 10 20 52 1 14 127 108 58 81 1 0 2 0 17 24 73 40 0 0 127 3 5 41 29 16 6 53 127 11 2 7 6 69 56 104 6 8 3 1 30 127 24 6 10 0 0 0 18 49 1 5 38 3 0 16 62 2 8 54 24 0 0 6 30 45 106 85 8 0 0 0 1 64 29 6 12 0 0 0 0 0 0 5 
113 5 0 0 0 0 0 4 134 23 0 0 0 0 0 19 50 12 0 4 3 2 0 8 1 0 7 27 10 18 18 0 134 3 0 0 0 0 0 31 134 54 0 0 0 0 3 43 44 27 0 0 7 72 18 10 0 0 0 0 41 134 34 0 100 0 0 0 0 0 2 56 134 1 0 0 0 27 134 134 7 1 0 0 2 134 134 15 3 0 0 0 4 119 95 12 8 0 0 0 0 0 5 28 4 0 0 0 0 16 105 41 5 0 0 0 0 36 95 8 31 0 0 0 0 1 21 22 
6 27 7 0 0 0 0 0 2 49 112 2 0 0 0 0 0 12 136 12 0 0 0 0 0 0 74 15 0 0 0 0 110 35 1 0 0 0 0 10 136 133 136 5 0 0 0 12 3 19 136 87 1 0 0 0 0 2 136 60 0 0 0 0 116 18 13 0 0 0 0 15 136 20 7 3 0 0 0 101 19 8 54 38 2 0 1 45 0 4 69 30 0 1 1 0 24 22 30 1 0 0 0 3 99 12 0 0 0 0 6 120 53 2 2 0 1 6 19 126 8 0 4 3 2 26 16 3 
131 17 0 0 0 0 0 2 130 42 3 0 0 0 0 15 50 13 2 0 0 0 0 12 9 1 0 0 11 14 7 2 131 5 0 0 0 0 0 39 131 41 4 0 0 0 1 25 25 30 6 0 5 22 9 4 2 0 0 0 33 109 17 0 131 9 0 0 0 0 3 58 131 2 0 0 0 18 116 108 6 1 0 0 6 77 131 17 0 0 0 0 12 131 88 3 30 0 0 0 0 0 13 67 6 0 0 0 0 28 131 53 0 0 0 0 0 57 131 5 0 0 0 0 0 16 84 25 
16 66 29 0 0 0 0 0 5 52 133 14 0 0 0 0 0 26 133 7 0 0 0 0 0 0 127 23 0 0 0 0 133 50 4 0 0 0 0 25 127 105 133 5 0 0 0 16 0 18 133 45 5 0 0 0 0 9 133 54 3 0 0 0 133 13 0 0 0 0 0 46 133 27 6 1 0 0 5 69 9 3 27 33 9 0 4 19 0 11 55 15 4 0 0 0 84 30 0 0 0 0 0 17 83 4 0 0 0 0 10 133 23 0 4 1 0 0 29 96 6 3 11 2 0 0 7 10 
19 32 19 4 92 7 0 0 57 42 79 8 0 0 0 2 1 3 58 5 0 0 0 0 0 3 23 2 0 0 0 0 132 41 20 5 124 15 0 22 116 58 132 30 0 0 0 33 6 6 132 58 0 7 7 5 0 2 132 51 1 14 5 0 132 4 0 34 125 0 0 25 132 9 17 3 2 2 11 66 13 24 18 4 1 37 41 25 1 30 41 8 1 27 11 0 132 1 0 9 98 4 0 20 132 7 10 3 22 46 4 40 28 23 0 0 4 20 25 38 1 5 2 0 0 33 36 1 
61 0 0 0 0 0 0 8 130 17 4 26 2 0 0 21 15 0 1 28 6 1 2 45 0 0 0 61 29 4 3 3 76 0 0 0 0 0 0 12 130 2 0 16 7 7 2 31 9 3 1 45 32 36 12 24 2 2 20 21 24 59 27 10 59 0 0 0 0 9 40 26 130 5 0 0 1 46 68 80 11 7 1 0 8 130 130 12 7 7 28 13 6 93 130 2 14 9 31 0 0 9 33 26 33 18 109 0 0 42 130 57 0 73 106 0 0 76 130 0 0 65 109 0 0 30 58 0 
5 17 19 1 1 0 0 0 21 26 124 18 0 0 0 1 74 13 29 13 0 0 0 4 5 2 2 0 0 0 0 0 131 41 16 0 1 0 0 11 131 64 131 105 15 2 0 30 24 24 131 131 14 4 0 15 5 4 131 62 0 0 0 1 131 3 0 0 1 0 0 13 131 4 0 19 39 2 0 42 48 5 23 50 69 4 1 82 28 3 69 25 0 0 3 50 124 1 0 0 0 0 0 5 131 5 0 10 7 0 0 16 20 1 10 84 32 6 3 16 11 0 3 10 6 2 26 45 
3 12 18 2 5 0 0 0 56 21 79 12 0 0 0 3 54 8 9 2 0 0 0 3 0 1 1 0 0 0 0 0 132 44 21 1 5 0 0 11 130 69 132 121 8 1 1 21 23 20 132 118 3 1 1 8 0 0 132 64 0 0 0 0 132 2 0 1 7 0 0 15 132 3 4 30 46 2 1 41 50 8 59 48 27 3 3 106 5 0 104 51 0 0 17 17 128 1 0 0 3 0 0 9 132 4 1 25 9 3 0 23 15 2 12 56 29 19 19 39 4 6 3 0 2 2 39 27 
132 11 0 0 0 0 0 6 132 58 4 0 0 0 0 7 41 26 5 0 1 2 1 6 5 1 0 0 31 30 4 0 132 2 0 0 0 0 0 38 132 12 1 0 0 0 6 47 25 16 2 0 14 47 29 8 0 0 0 0 42 132 13 0 132 12 0 0 0 0 2 57 124 4 0 0 0 29 128 119 3 0 0 0 5 90 132 19 0 0 0 0 12 125 91 9 22 0 0 0 0 0 6 52 4 0 0 0 0 23 111 54 0 0 0 0 0 53 108 7 2 0 0 0 0 6 50 33 
1 0 0 0 0 21 116 36 4 0 0 0 0 89 121 38 52 0 0 3 35 36 55 121 13 1 0 6 73 52 5 5 14 0 0 0 1 11 118 103 21 1 0 0 11 107 109 39 121 5 0 2 14 49 36 121 73 5 9 13 33 66 8 19 74 4 1 4 4 4 5 51 50 34 7 27 35 14 0 13 121 121 9 3 2 2 0 23 45 37 35 66 7 1 0 9 70 7 4 4 2 0 0 6 69 100 21 21 2 0 0 5 56 121 5 0 0 0 0 0 5 22 5 29 21 0 0 0 
0 0 0 23 52 0 0 0 16 1 0 4 4 0 0 2 126 0 0 0 0 0 0 21 33 0 0 0 0 0 0 5 0 1 0 25 112 35 0 0 8 9 46 15 6 0 0 0 140 10 26 2 0 0 0 18 65 1 0 0 0 0 0 8 18 7 1 19 86 10 0 1 140 99 140 39 0 0 0 22 90 50 140 140 0 0 0 11 39 11 77 62 0 0 0 2 17 0 0 3 45 6 0 3 140 6 1 2 0 0 0 49 140 9 47 99 15 0 1 24 12 12 94 95 5 0 1 18 
0 0 0 39 102 2 0 0 3 0 0 8 15 0 0 0 82 0 0 0 0 0 0 10 66 0 0 0 0 0 0 10 0 0 0 27 135 78 0 0 0 4 28 17 19 1 0 0 84 8 37 3 0 0 0 8 108 1 0 0 0 0 0 13 1 1 0 29 135 14 0 0 135 54 82 11 5 0 0 16 120 53 135 135 0 0 0 16 61 14 90 102 0 0 0 3 1 0 0 5 87 12 0 1 135 3 0 0 3 0 0 30 135 12 31 53 7 0 0 37 12 4 64 104 10 2 0 8 
133 12 0 0 0 0 0 9 75 5 6 20 28 0 1 17 11 4 27 59 68 3 4 24 24 12 48 13 1 0 1 54 133 31 0 0 0 0 0 6 118 27 3 15 7 0 0 9 6 4 21 133 46 4 5 9 25 6 22 39 9 5 7 80 133 15 0 0 0 0 0 32 107 21 0 1 0 26 22 21 4 1 9 29 11 133 62 2 1 1 8 20 22 60 121 16 80 1 0 0 0 1 47 97 16 2 0 0 0 71 133 37 3 0 0 0 4 133 133 16 4 1 0 0 4 21 40 16 
143 4 0 0 0 0 0 3 143 9 0 8 24 0 0 5 62 0 0 40 103 0 0 30 61 0 0 11 3 0 0 27 143 1 0 0 0 0 0 21 143 12 0 4 13 0 0 26 45 6 3 84 127 0 0 18 90 3 2 11 5 0 0 50 143 3 0 0 0 0 0 19 143 16 0 2 2 0 0 28 29 2 2 94 62 5 9 10 44 1 2 33 23 1 1 72 136 0 0 0 0 0 0 24 143 15 0 0 4 4 0 28 9 2 0 10 61 41 44 11 5 0 1 17 38 6 25 38 
25 7 0 8 105 30 0 1 129 98 34 1 3 5 3 14 28 54 66 3 12 75 49 11 6 7 12 0 0 29 100 23 24 0 0 22 129 27 2 12 129 1 0 0 3 52 129 119 46 1 1 0 4 129 129 45 9 0 0 0 0 25 93 13 0 0 0 36 129 9 2 2 12 0 0 2 16 9 63 19 129 0 0 0 0 6 26 33 34 0 0 0 0 0 0 6 0 0 0 71 126 3 0 0 7 1 0 11 24 2 0 1 102 0 0 0 0 0 0 11 32 0 0 0 0 0 0 3 
0 0 0 9 39 0 0 0 0 0 0 21 81 0 0 0 32 1 0 0 4 0 0 21 126 0 0 0 0 0 0 93 0 0 0 11 36 0 0 0 0 8 23 50 114 0 0 0 20 13 69 21 9 0 0 3 126 6 3 4 0 0 0 62 0 24 63 11 10 0 0 0 4 126 126 48 37 1 0 1 2 79 126 126 126 2 0 0 126 15 2 17 32 0 0 30 0 45 101 14 10 4 2 0 12 93 60 12 13 52 39 9 1 8 2 34 126 112 34 4 84 19 0 3 37 15 0 10 
69 10 0 2 89 27 1 3 150 12 0 0 0 0 0 7 17 2 1 0 4 1 0 1 6 6 0 0 0 0 0 0 73 35 7 5 57 41 7 24 150 44 3 0 0 0 0 25 21 9 8 6 4 8 9 4 9 9 2 1 0 6 25 5 53 5 0 0 17 26 22 109 150 3 0 0 0 16 100 150 8 0 0 0 2 114 150 18 1 0 0 0 0 59 150 5 21 7 1 0 3 1 2 16 20 0 0 0 0 14 119 57 0 0 0 0 0 47 150 2 0 0 0 0 0 16 83 0 
3 14 21 6 1 0 1 0 15 104 69 5 1 0 10 23 9 34 57 34 10 4 46 50 0 2 44 12 2 3 95 47 128 51 17 0 0 0 0 11 110 150 150 4 0 0 0 12 1 22 150 72 3 0 0 0 0 4 150 40 1 0 2 1 150 2 0 0 0 0 0 32 150 19 7 1 0 0 2 77 7 4 24 11 8 7 4 7 0 1 26 4 1 1 5 2 112 0 0 0 0 0 0 10 150 11 1 0 0 0 0 32 13 6 7 11 3 0 1 3 0 0 6 5 1 0 0 0 
0 0 0 30 95 0 0 0 38 2 0 2 10 0 0 3 111 1 0 0 0 0 0 10 9 1 0 0 0 0 0 0 0 0 1 82 131 28 0 0 37 6 35 12 22 0 0 4 131 12 14 0 0 0 0 15 18 1 0 0 0 0 0 1 15 6 3 34 131 51 0 0 131 98 131 27 10 1 0 10 60 54 131 99 0 0 0 5 8 5 123 61 0 0 0 1 13 0 0 24 117 16 0 7 131 9 3 1 6 1 19 97 57 13 47 22 7 27 96 39 4 4 74 45 0 5 45 34 
0 0 0 0 0 0 1 0 26 0 0 0 0 2 8 6 127 10 0 3 15 6 4 42 6 2 1 74 97 11 0 5 0 0 0 0 0 36 41 0 28 0 0 0 0 63 85 20 127 3 0 0 0 29 75 117 13 2 1 37 79 127 95 9 0 0 0 0 0 47 56 0 17 10 4 0 0 33 38 6 87 15 18 0 0 31 116 102 0 26 37 1 2 104 95 1 0 15 14 0 0 2 2 0 0 127 58 0 0 0 0 0 0 126 127 12 0 0 2 2 0 96 127 3 0 0 1 0 
0 2 24 35 4 1 74 69 9 19 90 41 44 7 59 32 2 1 27 80 133 8 7 1 103 16 1 7 22 0 0 14 0 0 0 0 8 4 93 60 0 0 0 2 60 45 133 122 7 2 0 4 133 97 133 36 133 52 0 0 20 7 3 17 0 0 0 0 21 2 0 0 0 0 0 5 133 13 13 0 27 1 0 1 34 7 38 14 133 39 0 0 0 0 1 59 0 0 0 0 13 1 0 0 0 0 0 3 118 5 0 0 16 0 0 1 30 2 0 2 122 1 0 0 0 0 0 28 
85 16 6 6 24 3 0 0 144 19 0 0 0 0 0 3 13 3 5 2 3 1 0 1 7 6 1 0 0 0 0 0 76 46 12 2 12 8 8 39 144 41 2 0 0 0 1 32 18 7 9 8 6 16 10 3 12 4 0 0 1 9 36 10 62 3 0 0 1 6 26 129 144 0 0 0 0 16 96 144 7 0 0 0 1 144 144 16 0 0 0 0 0 80 144 4 31 7 1 0 0 0 3 19 24 0 0 0 0 20 129 58 0 0 0 0 0 65 144 2 0 0 0 0 0 22 71 0 
6 18 31 6 0 0 0 0 14 116 90 5 0 0 0 3 11 59 57 44 12 2 8 10 0 0 39 27 8 7 31 9 146 51 17 0 0 0 0 14 112 146 146 1 0 0 0 11 1 26 146 76 3 0 0 0 0 0 146 68 1 0 0 0 146 1 0 0 0 0 0 43 146 15 7 0 0 0 1 94 9 2 24 8 10 8 5 12 0 0 28 5 4 3 3 2 112 0 0 0 0 0 0 12 146 9 1 0 0 0 0 30 16 8 12 7 1 1 1 3 0 0 6 6 1 0 0 0 
119 44 0 0 0 0 0 1 48 13 0 16 52 0 0 1 34 1 1 42 120 7 3 37 72 6 4 6 0 0 0 53 120 52 0 0 0 0 0 8 55 24 0 27 32 0 2 2 19 1 14 120 105 0 3 8 87 3 10 31 1 0 1 86 120 55 2 0 0 1 9 29 32 14 1 6 8 70 42 8 0 0 7 85 34 82 120 31 8 1 5 48 42 10 57 76 32 1 0 0 0 4 120 84 0 0 0 0 2 99 120 42 0 0 0 3 22 101 102 25 10 2 2 6 7 5 45 61 
35 1 0 1 31 6 0 2 145 10 0 0 0 2 5 26 110 3 5 7 15 145 31 11 0 0 3 4 4 119 68 18 22 0 0 4 68 16 3 16 145 0 0 0 0 36 145 145 64 0 0 0 2 145 145 58 49 0 0 0 0 48 35 26 0 0 0 12 96 12 1 3 1 0 0 0 2 9 56 18 110 0 0 0 0 9 36 23 111 0 0 0 0 0 0 12 0 0 0 8 42 4 0 0 2 1 0 3 4 1 0 0 81 1 0 0 0 0 0 6 83 0 0 0 0 0 0 6 
53 0 0 0 75 86 29 20 137 6 0 1 2 4 9 25 11 3 1 2 1 0 0 1 9 1 0 0 0 0 0 3 113 25 2 5 128 65 0 5 137 27 2 1 1 0 0 6 15 11 4 2 2 0 0 0 5 7 2 1 1 2 1 1 79 15 2 2 36 51 14 88 137 16 2 1 0 15 71 122 7 4 2 2 1 44 137 10 2 2 0 1 1 51 137 4 25 5 0 0 5 8 6 39 25 0 0 0 0 22 137 82 0 0 0 0 0 46 137 1 0 0 0 0 0 27 137 0 
8 35 30 5 1 0 2 3 20 92 90 17 1 1 21 44 1 3 89 39 2 4 109 83 22 14 45 2 0 0 94 102 139 69 24 0 0 0 0 17 84 108 139 21 1 1 0 13 0 2 139 58 3 1 1 1 11 23 139 17 0 1 2 10 139 4 0 0 0 0 0 23 139 16 6 5 2 2 1 23 0 0 15 12 4 2 2 1 0 0 12 5 0 2 2 0 139 3 0 0 0 0 0 17 139 7 2 3 1 1 2 32 1 1 6 8 2 1 1 0 0 2 11 1 0 0 0 0 
81 5 0 14 37 51 10 9 53 47 6 8 17 19 10 13 15 17 9 0 0 0 1 10 0 1 2 0 0 1 5 5 127 12 0 0 127 64 9 19 127 7 0 1 31 14 9 46 17 5 1 0 0 1 2 4 1 0 1 0 0 10 15 5 127 9 0 0 127 90 7 28 127 9 1 0 18 27 43 117 10 3 1 0 0 92 127 9 0 0 0 0 0 124 127 2 41 1 0 0 37 91 16 18 37 1 0 0 3 28 91 83 0 0 0 0 0 69 127 3 0 0 0 0 0 27 51 2 
35 6 0 8 126 43 0 4 126 72 15 1 19 24 9 19 16 34 23 0 1 58 110 20 4 1 3 0 0 70 92 6 48 2 0 29 126 15 1 21 126 1 0 2 35 59 126 104 41 0 0 0 0 89 126 30 2 0 0 0 0 29 46 3 39 0 0 53 126 8 0 9 52 0 0 13 73 4 32 21 126 0 0 0 0 0 5 29 7 0 0 0 0 0 0 1 19 9 0 75 126 3 0 3 32 1 0 32 87 4 0 5 109 1 0 0 0 0 0 15 8 0 0 0 0 0 0 0 
0 0 0 1 11 0 0 0 0 0 0 25 104 0 0 0 98 1 0 5 22 0 0 49 110 1 0 6 28 5 6 80 0 0 0 2 8 0 0 0 0 0 5 41 122 0 0 0 76 4 38 23 44 0 0 18 122 7 1 14 37 0 0 70 0 23 30 3 2 0 0 0 2 91 122 29 37 0 0 0 29 68 122 104 121 0 0 4 122 12 2 26 46 3 0 44 1 92 81 5 1 2 1 0 3 66 116 21 9 28 16 1 14 26 11 30 122 76 13 1 122 31 1 5 46 8 0 14 
44 2 0 0 86 85 12 18 132 9 0 0 5 16 8 29 14 3 0 0 0 0 0 5 2 0 0 0 0 1 1 7 115 13 0 4 132 69 0 8 132 13 1 1 12 2 0 17 16 9 2 1 0 1 3 2 3 1 1 1 1 8 14 6 73 6 0 2 117 107 6 48 132 10 0 1 1 26 64 126 6 2 0 0 1 83 132 10 0 0 0 0 0 96 132 2 21 3 0 0 20 44 7 24 28 1 0 0 0 26 109 73 0 0 0 0 0 55 132 1 0 0 0 0 0 21 67 2 
9 19 31 6 0 0 1 12 17 49 88 11 0 0 34 121 1 3 72 41 0 0 119 131 9 5 43 18 0 0 81 100 131 47 19 0 0 0 0 12 106 91 131 24 0 0 0 13 0 3 131 90 0 0 16 8 16 16 131 30 0 0 20 49 131 7 0 0 0 0 0 11 131 20 4 3 0 1 0 20 0 2 19 14 1 1 0 1 0 1 26 11 1 0 0 0 127 4 0 0 0 0 0 11 131 8 1 0 0 0 0 25 1 5 4 2 1 0 0 1 0 7 8 0 0 0 0 0 
8 2 0 7 72 30 0 0 133 43 3 0 2 1 3 25 133 34 19 4 2 96 59 22 1 0 6 3 1 133 67 4 4 0 0 18 133 28 3 5 125 0 0 0 3 14 119 109 61 0 0 0 0 133 133 59 67 0 0 0 0 69 47 32 0 0 0 38 133 13 0 0 0 0 0 4 15 4 28 4 58 1 0 0 0 2 25 14 122 0 0 0 0 0 0 20 0 0 4 75 94 2 0 0 0 0 1 12 22 3 0 0 34 3 0 0 0 0 0 5 83 1 0 0 0 0 0 8 
73 21 1 0 0 0 0 4 88 68 15 12 8 0 0 3 5 3 3 64 92 4 0 0 0 0 0 24 67 3 0 0 132 2 0 0 0 0 0 25 132 38 16 29 15 0 0 28 2 3 4 95 132 24 0 0 0 0 0 6 110 30 0 0 105 0 0 1 0 0 0 24 132 1 0 8 5 0 0 93 18 0 0 132 132 3 0 7 0 0 0 52 127 18 0 0 57 2 0 1 0 0 0 3 132 0 0 0 0 0 0 30 27 0 0 28 105 21 2 10 0 0 0 49 122 4 0 0 
115 4 0 0 0 0 0 24 139 32 0 4 12 0 0 24 2 4 0 10 139 20 0 0 0 0 0 0 82 12 0 0 115 34 0 0 0 0 0 18 139 9 0 3 13 0 0 90 10 0 0 37 139 6 0 7 0 0 0 6 130 5 0 1 103 48 0 0 0 0 0 3 139 37 0 0 2 6 5 62 14 0 0 7 139 50 13 22 0 0 0 6 139 3 0 0 75 4 0 0 0 0 0 19 93 6 0 0 11 11 4 42 4 0 0 0 91 90 22 4 0 0 0 0 64 16 0 0 
0 0 0 0 0 21 121 25 8 0 0 0 0 100 121 57 51 0 0 6 43 40 42 121 17 1 0 6 65 53 5 4 12 0 0 0 1 13 110 91 30 1 0 1 11 109 81 50 121 8 1 3 19 41 36 121 79 6 12 14 33 47 12 16 79 4 0 8 5 3 4 48 51 48 10 32 30 10 0 9 121 121 10 3 1 0 0 19 38 37 35 71 9 0 0 10 75 10 2 6 1 0 0 8 69 117 25 17 1 0 0 5 51 121 4 0 1 0 0 0 3 16 5 28 22 0 0 0 
134 17 0 0 0 0 0 5 92 8 1 12 24 0 0 14 13 2 8 57 70 4 3 26 32 6 9 3 1 0 1 70 134 27 0 0 0 0 0 8 131 30 3 10 4 0 0 11 7 3 27 130 32 18 9 4 20 2 24 40 19 10 24 54 134 14 0 0 0 0 1 38 112 26 0 0 0 38 32 28 4 0 4 9 24 134 58 2 3 1 3 8 25 65 105 24 81 0 0 0 0 2 42 91 16 2 0 0 0 85 134 39 6 0 0 0 3 121 134 18 5 1 0 0 2 14 27 20 
12 42 21 0 0 0 0 0 2 61 138 2 0 0 0 0 0 5 138 25 0 0 0 0 0 0 120 39 0 0 0 0 138 45 6 0 0 0 0 17 138 120 121 1 0 0 0 14 8 12 138 40 4 7 0 1 0 0 138 101 2 1 0 0 138 0 0 0 0 0 0 38 138 0 0 0 0 1 0 50 18 0 2 4 7 17 1 10 0 0 11 9 4 3 0 0 106 3 0 0 0 0 0 20 138 3 0 0 0 0 0 59 30 0 1 1 3 1 0 8 0 0 0 1 5 3 0 0 
130 27 0 0 0 0 0 3 123 45 3 1 0 0 0 1 7 2 6 2 0 0 0 0 0 2 5 1 0 0 0 0 130 2 0 0 0 0 0 29 130 15 8 7 0 2 6 31 2 3 9 12 2 19 20 1 1 0 1 0 0 34 48 0 130 0 0 0 0 0 0 82 118 0 0 0 0 31 125 130 0 0 0 1 0 122 130 0 0 0 0 0 0 121 130 1 23 0 0 0 0 0 5 39 10 0 0 0 0 27 130 64 0 0 0 0 0 78 125 0 0 0 0 0 0 34 61 0 
0 0 0 57 132 0 0 0 2 0 0 10 26 0 0 0 74 0 0 0 0 0 0 12 59 0 0 0 0 0 0 10 0 0 0 36 134 92 0 0 0 2 16 16 39 3 0 0 77 8 30 2 0 0 0 8 100 1 0 0 0 0 0 13 0 0 0 56 134 24 0 0 109 41 54 7 17 1 0 10 122 50 134 128 0 0 0 14 57 12 77 93 0 0 0 5 0 0 0 13 134 25 0 0 134 3 0 1 13 2 0 20 134 9 30 46 6 0 0 40 13 9 54 100 10 0 0 7 
6 1 0 6 5 5 61 113 6 0 0 15 132 15 27 69 7 2 0 9 132 6 0 0 118 28 0 0 0 0 0 5 0 0 0 1 64 14 49 80 0 0 0 5 112 60 132 132 15 1 0 3 122 43 56 10 132 24 0 0 0 0 0 38 0 0 0 5 108 1 0 0 0 0 0 3 74 9 24 2 43 5 0 0 0 2 16 14 132 120 0 0 0 0 0 26 0 0 0 5 69 0 0 0 0 0 0 5 67 1 0 0 37 0 0 0 1 0 0 9 132 5 0 0 0 0 0 47 
3 26 12 0 0 1 0 0 0 57 132 0 0 0 0 0 0 9 134 24 0 0 0 0 0 0 74 41 0 0 0 0 132 89 9 0 0 0 0 7 97 134 134 3 2 1 0 5 0 11 134 80 6 1 0 0 0 0 134 134 0 0 0 0 134 3 0 0 0 0 0 45 134 9 2 1 4 4 0 53 2 0 11 12 14 7 0 3 0 0 14 38 7 2 0 0 120 0 0 0 0 0 0 29 134 0 0 0 0 0 0 59 11 0 0 3 9 1 0 2 0 0 0 2 4 2 0 0 
128 34 0 0 0 0 0 0 131 82 1 0 0 0 0 0 8 11 8 1 0 0 0 0 0 5 5 0 0 0 0 0 131 10 0 0 0 0 0 28 131 35 5 0 0 0 0 30 8 9 14 4 0 7 5 1 0 3 5 0 0 25 29 0 108 0 0 0 0 0 0 79 131 3 2 0 0 11 73 131 2 1 4 3 0 130 131 13 0 0 0 0 0 131 131 0 9 0 0 1 0 0 1 23 9 0 0 0 0 10 108 105 0 0 0 0 0 84 131 5 0 0 0 0 0 45 54 0 
2 18 7 0 0 1 0 0 0 49 127 0 0 0 0 0 0 6 138 17 0 0 0 0 0 0 79 36 0 0 0 0 119 54 6 0 0 0 0 12 138 138 138 2 1 0 0 15 2 12 138 64 5 1 0 0 0 0 138 130 0 0 0 0 138 0 0 0 0 0 0 41 138 2 0 0 1 1 1 91 16 0 6 8 12 3 1 6 0 0 11 21 6 2 0 0 79 24 0 0 0 0 0 8 138 20 0 0 0 0 0 50 31 0 0 2 7 3 0 10 0 0 1 2 5 4 0 0 
136 27 0 0 0 0 0 0 136 56 1 0 0 0 0 0 4 8 8 2 0 0 0 0 2 2 7 2 0 0 0 0 136 5 0 0 0 0 0 34 136 24 5 1 0 1 1 36 3 8 10 1 1 22 20 1 0 2 3 0 0 51 56 0 107 0 0 0 0 0 0 69 136 2 1 0 0 28 120 136 0 0 1 0 1 136 136 3 0 0 0 0 0 111 136 10 7 0 0 1 0 0 0 16 7 0 0 0 0 16 105 73 0 0 0 0 0 74 105 0 0 0 0 0 1 20 40 2 
138 12 0 0 0 0 0 11 97 16 0 0 1 0 0 13 8 3 16 32 20 39 26 1 0 0 13 37 12 45 58 2 138 27 0 0 0 0 0 29 103 44 0 0 8 37 10 17 5 1 0 0 83 138 23 0 3 1 3 4 38 72 72 11 138 1 0 0 0 6 39 106 40 3 0 0 5 138 138 45 4 0 0 0 14 138 138 15 6 3 2 1 2 27 43 19 15 0 0 0 0 7 55 50 2 0 0 0 0 75 114 8 53 0 0 0 0 11 45 29 29 1 0 0 0 0 1 8 
53 24 1 0 0 0 0 4 90 90 130 12 0 0 0 7 2 8 137 79 0 0 0 0 0 0 116 67 0 0 0 0 92 17 17 3 0 0 0 13 137 46 22 3 0 0 0 68 34 15 91 88 3 0 0 27 0 2 135 78 0 0 0 0 29 27 55 12 0 0 0 1 137 27 3 0 0 0 2 137 58 2 10 6 0 1 18 137 13 1 23 19 1 15 12 7 4 14 8 2 2 0 0 0 39 39 4 2 5 6 7 30 132 22 0 0 2 10 25 85 26 1 0 0 6 56 24 7 
5 0 0 9 81 6 0 0 137 9 0 0 2 0 2 28 137 2 0 0 6 125 53 24 3 0 0 0 9 137 28 6 2 0 0 11 137 32 2 3 115 0 0 0 3 9 79 107 74 0 0 0 0 137 137 68 85 0 0 0 0 71 36 32 0 0 0 36 137 19 0 0 0 0 0 2 12 6 24 7 45 0 0 0 0 6 29 10 137 1 0 0 0 0 0 17 0 0 0 15 101 9 0 0 0 1 0 6 13 1 0 0 27 3 0 0 0 0 0 3 93 1 0 0 0 0 0 8 
137 2 1 19 16 20 4 10 29 49 4 18 14 16 7 11 8 27 28 0 0 0 2 6 0 3 15 0 0 0 4 3 137 5 0 1 94 49 5 24 137 7 0 1 46 34 5 44 14 2 0 0 0 3 7 9 0 0 0 0 0 33 30 5 137 2 0 2 110 49 2 41 137 2 0 2 53 38 53 98 5 1 0 0 0 109 137 6 0 0 0 0 0 137 115 0 80 0 0 0 22 46 29 40 31 0 0 0 10 39 81 65 0 0 0 0 0 56 116 3 0 0 0 0 0 22 26 2 
1 6 2 0 0 2 0 0 0 26 69 1 1 0 0 0 0 2 111 17 0 0 0 0 0 0 28 23 1 0 0 0 71 33 2 0 0 1 0 4 144 151 151 3 0 0 0 10 4 23 151 110 4 0 0 0 0 0 145 151 0 0 0 0 103 1 0 0 0 0 1 25 151 18 4 1 1 1 0 88 27 5 23 27 12 4 0 11 0 0 31 99 6 1 0 0 49 2 0 0 0 0 1 12 151 8 0 0 0 0 0 69 49 0 0 3 8 1 0 14 0 0 0 3 6 2 0 0 
113 26 0 0 0 0 0 0 143 75 0 0 0 0 0 0 12 13 7 0 0 0 0 0 0 6 5 0 0 5 3 0 143 4 0 0 0 0 0 30 143 19 4 0 0 1 4 77 12 11 10 0 2 66 35 5 0 1 1 0 0 143 92 0 54 1 1 0 0 0 0 44 127 1 0 0 0 24 106 143 3 0 0 0 0 143 143 22 0 0 0 0 1 143 103 0 1 1 1 0 0 0 0 4 2 0 0 1 0 6 58 42 0 0 0 1 0 44 62 3 0 0 0 1 1 9 4 0 
110 10 4 8 38 1 0 6 121 29 45 126 20 3 4 15 5 3 28 126 10 1 0 0 9 1 5 8 1 0 0 0 126 2 1 3 59 19 0 16 126 24 8 24 23 11 16 54 5 10 63 126 52 69 12 1 2 0 11 38 69 27 0 0 116 0 0 5 79 13 3 39 126 3 1 1 21 49 100 126 7 1 2 2 15 126 117 9 9 0 0 0 22 46 4 2 44 0 0 3 82 10 7 12 50 0 0 1 27 13 45 58 14 0 0 0 0 14 25 6 13 0 0 0 0 0 0 2 
0 0 0 23 98 0 0 0 82 0 0 1 6 0 0 10 75 0 0 0 0 0 0 10 1 0 0 0 0 0 0 0 0 0 0 96 134 0 0 0 89 3 0 8 17 0 0 12 126 1 0 0 0 0 0 17 3 1 0 0 0 0 0 0 16 5 3 43 134 51 0 3 115 96 134 25 17 1 0 8 68 49 134 57 0 0 0 6 1 3 105 30 0 0 0 0 27 1 0 32 134 8 0 3 134 29 33 9 9 2 0 54 38 12 116 42 9 20 27 38 2 2 124 37 0 2 32 18 
0 0 0 0 0 0 1 0 1 0 0 0 0 0 3 2 130 7 0 2 5 3 0 27 67 3 3 24 44 23 2 11 0 0 0 0 0 18 28 0 0 0 0 0 0 46 85 1 130 4 0 0 0 18 65 107 83 5 8 21 12 76 84 28 0 0 0 0 0 54 82 0 0 8 5 0 0 53 82 1 104 21 28 0 0 17 98 106 16 24 39 0 0 96 130 31 0 20 25 0 0 3 6 0 0 130 104 0 0 0 1 0 0 130 130 6 0 3 5 2 0 90 130 4 1 2 3 0 
0 0 12 17 1 0 114 50 4 18 21 35 27 10 115 50 6 2 1 34 136 33 34 9 136 8 0 2 40 2 0 16 0 0 0 0 1 2 82 30 0 0 0 2 66 46 136 64 16 1 0 4 107 104 136 25 136 54 0 2 18 8 5 27 0 0 0 0 4 1 0 0 0 0 0 9 136 3 0 0 23 0 0 6 88 6 2 7 136 3 0 0 1 1 0 76 0 0 0 0 2 0 0 0 0 0 0 5 92 0 0 0 10 0 0 4 77 0 0 1 124 0 0 0 0 0 0 23 
0 3 2 0 1 4 0 0 0 28 64 1 1 2 1 0 0 8 123 19 1 3 0 0 0 0 34 28 1 0 0 0 75 71 5 0 0 2 0 4 81 149 149 5 0 0 0 6 0 21 149 99 1 0 0 0 0 0 126 149 3 0 0 0 149 11 0 0 0 1 0 44 149 29 8 3 2 0 0 89 6 0 18 21 17 2 0 1 0 0 21 101 14 3 0 0 95 21 0 0 0 1 1 11 149 20 0 0 0 0 0 65 18 0 1 4 15 1 0 8 0 0 0 3 9 1 0 0 
86 42 0 0 0 0 0 0 142 137 3 0 0 0 0 0 12 18 11 1 0 0 0 0 1 7 8 0 0 0 0 0 142 13 1 0 0 0 0 32 142 30 1 0 0 0 0 68 12 15 13 0 0 16 11 1 1 4 6 0 0 77 44 0 50 1 2 3 0 0 0 45 142 2 0 0 0 9 65 142 9 2 0 0 0 142 142 44 0 0 0 0 0 142 142 0 1 0 2 3 0 0 0 2 4 0 1 1 0 3 56 63 0 0 1 1 0 63 106 15 0 0 0 3 1 22 21 0 
0 4 2 0 0 5 0 0 0 30 71 1 0 6 1 0 0 5 131 18 4 6 0 0 0 0 37 27 2 2 0 0 69 37 3 0 0 5 0 13 138 138 138 3 0 0 0 37 2 17 138 90 4 0 0 2 0 0 138 138 1 0 0 0 106 14 0 0 0 5 4 22 138 29 1 0 0 0 0 120 21 1 7 14 14 1 0 39 0 0 22 56 8 13 0 0 109 28 0 0 0 0 1 1 135 56 13 38 0 1 0 48 15 0 0 10 4 8 18 91 0 0 0 0 10 55 12 1 
126 40 0 0 0 0 0 1 145 71 2 0 0 0 0 0 3 9 26 19 2 2 0 0 1 3 11 28 37 18 0 0 145 10 3 1 0 0 0 43 145 27 2 0 0 4 0 70 3 12 5 2 11 101 15 1 26 28 1 1 32 96 30 4 58 1 5 6 0 0 0 52 137 0 0 0 0 55 76 145 1 0 0 0 2 145 145 19 11 6 0 0 1 85 145 9 1 0 1 5 0 0 0 2 4 0 2 4 0 11 58 52 0 0 2 5 2 60 56 5 0 0 1 7 1 8 19 0 
1 11 4 0 0 2 0 0 0 44 104 1 1 1 0 0 0 6 142 19 0 1 0 0 0 0 67 32 0 1 0 0 97 45 4 0 0 1 1 11 142 142 142 2 1 0 0 23 4 18 142 74 4 0 0 1 0 0 142 142 1 0 0 0 118 6 0 0 0 0 2 35 142 11 0 0 0 0 0 104 27 0 5 10 13 1 0 11 0 0 18 25 8 3 0 0 75 38 0 0 0 0 1 2 142 35 0 0 0 0 1 59 43 2 1 2 6 3 0 22 0 0 1 2 9 2 0 0 
136 33 0 0 0 0 0 2 141 67 1 0 0 0 0 2 6 7 10 3 0 0 0 0 3 2 7 0 0 0 1 0 141 3 0 1 0 0 0 32 141 21 3 0 0 2 2 44 3 9 9 0 0 38 31 0 1 1 2 0 1 89 58 0 89 1 0 1 0 0 0 61 141 3 0 0 0 38 126 141 0 1 0 0 0 141 141 6 0 0 0 0 0 86 141 16 3 0 1 2 0 0 0 8 4 0 0 1 0 15 83 61 0 0 0 0 2 64 79 2 0 0 0 1 3 9 42 3 
141 7 0 0 0 0 0 1 141 14 0 12 35 0 0 2 72 0 0 34 66 0 0 38 32 0 2 93 10 0 0 15 141 3 0 0 0 0 0 12 141 15 0 17 25 0 0 15 61 7 2 89 83 0 0 28 58 2 1 19 4 0 0 41 141 5 0 0 0 0 0 19 141 21 0 5 7 7 3 18 17 0 1 67 73 28 47 24 20 1 1 10 19 1 7 103 137 0 0 0 0 0 0 28 141 4 0 0 15 35 22 63 6 0 0 1 67 85 51 26 25 7 8 2 6 1 12 51 
0 12 6 0 1 4 0 0 0 56 112 1 1 3 0 0 0 8 136 38 2 2 0 0 0 0 34 48 1 0 0 0 111 109 11 0 0 2 0 11 69 136 136 8 1 0 0 11 0 8 136 122 5 0 0 0 0 0 93 136 2 0 0 0 136 14 0 0 0 1 1 49 136 11 2 3 5 0 0 65 1 0 5 16 21 3 0 0 0 0 14 83 14 5 1 0 123 40 0 0 0 0 0 6 130 16 1 1 2 0 0 79 7 0 0 3 17 8 0 11 0 0 0 1 11 22 1 0 
99 55 0 0 0 0 0 0 130 116 1 0 0 0 0 0 5 12 14 7 0 0 0 0 0 2 21 6 1 1 0 0 130 24 0 0 0 0 0 29 130 42 4 0 0 0 0 33 5 16 15 0 0 10 3 0 1 4 8 1 6 83 11 0 84 1 3 2 0 0 0 83 130 3 0 0 0 10 48 130 4 3 3 0 0 130 130 18 1 0 0 0 0 130 130 2 2 0 2 3 0 0 0 9 7 0 1 1 0 7 80 115 0 0 0 1 0 102 130 18 0 0 1 2 0 33 50 0 
47 5 0 12 128 39 0 4 128 74 26 1 8 30 28 37 11 30 42 0 0 65 124 33 2 4 7 0 0 43 113 19 29 0 0 39 128 27 4 16 88 0 0 0 17 43 128 105 60 0 0 0 0 61 128 50 2 0 0 0 0 19 71 6 13 2 1 82 128 6 0 1 60 0 0 15 44 2 13 11 128 0 0 0 0 0 0 25 9 1 0 0 0 0 0 2 4 4 2 54 128 27 0 0 34 1 0 8 61 9 0 4 117 1 0 0 0 0 0 13 10 1 0 0 0 0 0 0 
0 0 0 2 14 0 0 0 0 0 0 25 111 0 0 0 81 8 0 4 23 0 0 18 125 11 0 2 6 2 10 70 0 0 0 3 11 0 0 0 0 0 1 40 125 0 0 0 44 2 17 16 50 0 0 21 125 2 1 4 14 1 2 99 0 16 49 4 3 0 0 0 0 67 125 46 56 0 0 0 14 57 125 99 89 0 0 0 125 15 6 21 31 0 0 44 0 65 107 15 1 2 3 1 1 68 125 26 7 28 30 1 4 36 31 40 125 83 25 1 124 17 0 10 51 11 0 11 
47 25 6 0 0 0 0 0 133 97 99 16 0 0 0 4 48 8 133 97 1 0 0 12 25 11 81 75 7 0 8 4 116 16 3 0 0 0 0 6 133 45 3 0 0 0 0 21 13 16 33 14 16 19 0 0 21 12 8 13 39 30 6 4 54 3 10 4 0 0 0 22 133 6 1 0 0 4 13 133 19 4 2 0 15 133 57 40 14 2 0 0 11 118 116 10 2 0 5 4 0 0 0 1 17 0 2 3 0 3 42 111 1 0 1 1 0 115 113 41 0 0 1 3 1 48 46 0 
0 25 31 46 23 2 0 0 0 108 68 15 29 11 0 0 0 35 80 46 43 11 0 0 0 0 53 56 10 0 0 0 63 49 15 7 7 12 7 5 21 108 106 48 25 9 0 1 0 107 108 55 103 52 0 0 0 0 19 86 80 3 0 0 108 8 0 0 0 2 5 39 108 75 21 11 18 19 1 29 1 17 103 75 71 42 0 0 0 2 41 75 108 3 0 0 74 1 0 0 0 0 0 48 108 8 4 2 0 0 5 99 41 20 61 56 25 0 0 10 0 0 17 78 108 2 0 0 
20 53 39 5 0 0 0 0 32 93 76 15 0 0 0 0 11 37 112 24 0 0 0 0 2 16 112 53 0 0 0 0 88 22 43 34 0 0 0 33 112 51 73 76 0 0 0 48 53 97 82 90 0 0 0 9 41 88 110 32 0 0 0 3 105 38 31 6 0 0 1 50 105 60 23 11 0 0 27 103 25 27 33 25 2 13 62 91 22 29 4 0 0 17 104 46 7 9 22 22 9 3 4 11 5 0 0 4 15 7 89 69 0 0 0 0 0 14 112 60 0 0 0 0 0 35 112 16 
113 37 0 0 0 0 3 27 90 14 0 0 4 9 50 92 0 0 0 33 113 35 16 17 0 0 0 44 106 8 0 0 113 17 0 0 0 0 18 51 80 75 0 0 0 10 67 98 25 27 0 14 83 89 23 24 0 0 0 18 113 39 0 0 84 11 0 0 0 0 29 84 86 69 0 0 0 66 113 45 22 12 0 1 26 107 108 60 1 8 14 9 83 60 8 0 27 1 0 0 0 0 27 65 50 30 0 0 0 35 79 25 26 8 0 0 0 67 103 35 31 18 3 2 1 13 12 17 
30 10 1 55 120 0 1 12 51 30 26 2 7 0 0 9 3 12 48 0 0 0 0 0 1 8 33 0 0 0 0 0 109 30 2 49 123 2 4 38 118 106 123 7 18 1 0 15 1 36 123 18 10 14 0 0 0 38 123 18 15 7 0 0 112 2 4 52 110 5 0 65 123 13 8 17 27 7 9 109 13 40 14 3 12 43 10 12 1 36 11 2 44 78 0 0 69 1 2 39 61 0 0 36 123 8 0 24 41 4 5 67 36 15 0 0 8 32 6 12 0 1 0 0 39 118 0 0 
119 32 0 0 0 0 0 6 48 40 18 31 25 0 0 1 0 9 74 97 46 0 0 0 9 12 14 39 8 0 0 0 119 34 0 0 0 0 0 35 119 46 54 20 1 2 1 81 6 36 113 69 111 70 2 5 16 27 12 45 85 26 0 3 85 42 0 0 5 3 2 28 99 3 1 0 2 39 108 119 7 2 2 0 48 119 119 34 37 8 1 0 28 58 11 45 13 12 0 0 27 15 2 2 2 0 0 0 40 105 83 20 60 10 0 0 1 48 104 45 27 19 3 2 0 3 7 17 
0 60 24 5 10 2 0 0 1 122 122 13 0 0 0 0 0 8 122 54 12 0 0 0 5 16 22 13 5 0 0 0 122 122 22 2 0 1 2 24 53 122 96 69 17 2 6 20 0 1 30 122 122 4 2 0 15 17 16 33 25 1 2 9 122 11 0 0 0 3 6 57 67 5 0 6 11 71 122 62 0 0 3 57 81 75 122 5 1 0 11 68 16 6 24 8 59 9 5 0 0 2 13 83 6 0 1 6 10 61 54 63 2 0 3 23 7 23 60 23 9 1 1 2 2 2 18 17 
43 47 3 0 0 0 0 0 19 38 52 13 0 0 2 8 9 46 33 5 4 11 16 7 0 18 25 4 10 7 0 0 124 100 5 0 0 0 0 18 42 121 124 25 3 1 0 2 0 38 124 44 89 31 0 0 0 9 6 3 46 58 13 1 124 17 3 2 0 0 3 96 105 40 25 3 10 29 80 124 0 1 15 36 124 82 26 6 0 18 15 23 56 38 5 0 32 10 4 2 3 5 22 28 9 0 0 1 5 10 124 124 1 0 0 8 24 62 124 65 3 3 1 5 12 59 25 4 
29 5 8 7 4 0 0 14 19 5 25 60 10 2 1 12 20 8 42 53 9 1 1 12 5 3 10 35 24 2 1 5 33 16 1 5 12 13 19 20 125 82 56 34 0 0 0 22 15 28 125 125 13 4 0 0 0 7 42 69 106 49 1 1 59 19 0 0 0 1 15 65 125 48 2 2 0 1 51 121 24 5 10 43 68 125 97 26 0 0 4 8 122 125 2 0 2 0 0 0 0 0 25 72 5 0 0 0 0 13 125 103 4 2 0 0 9 70 125 23 1 1 8 9 31 40 14 5 
119 2 0 0 0 0 0 53 42 11 7 22 35 0 0 23 0 2 46 73 71 0 0 0 11 24 21 16 2 0 0 0 128 33 0 0 0 0 0 25 128 65 54 20 3 0 0 61 4 40 128 90 67 41 3 7 16 29 23 54 63 20 0 9 128 36 0 0 0 1 1 18 87 11 4 0 2 32 77 128 13 8 13 1 38 128 128 57 18 8 1 0 34 67 31 47 34 39 0 0 7 3 0 3 4 1 0 11 74 71 40 9 65 3 0 2 25 77 92 31 69 23 4 0 0 1 8 13 
76 54 55 70 23 0 0 1 1 40 140 37 8 0 0 0 0 25 140 0 0 0 0 0 0 22 140 0 0 0 0 0 140 16 15 31 42 1 0 39 59 62 129 14 16 1 0 18 1 24 140 0 0 0 2 1 0 13 112 0 0 0 2 0 140 0 0 13 53 4 0 74 135 1 0 9 37 4 0 68 9 1 0 0 0 3 10 2 0 0 0 0 0 7 9 3 140 0 0 10 34 2 0 46 124 0 0 14 41 6 0 56 17 0 0 0 1 7 3 5 0 0 0 0 2 27 3 0 
1 90 19 5 8 1 0 0 1 123 123 18 1 0 0 0 0 7 107 58 23 0 0 0 12 21 15 8 5 0 0 0 123 123 15 2 0 1 1 26 51 123 77 80 33 3 13 15 2 0 18 123 123 5 3 0 16 15 17 32 15 3 5 17 123 8 0 0 0 5 8 57 61 3 0 6 16 93 123 42 0 0 4 55 67 81 123 5 0 0 11 58 17 10 22 7 71 6 2 0 0 4 17 84 6 0 1 7 14 68 49 54 4 0 3 24 7 20 51 23 10 3 1 2 1 2 12 14 
35 60 7 0 0 0 0 0 19 37 53 20 0 0 2 8 15 30 30 8 7 12 20 8 0 13 36 7 10 5 0 0 129 114 14 0 0 0 0 18 34 86 129 57 4 1 0 0 0 36 129 60 68 35 0 0 0 8 11 4 28 55 12 4 129 17 4 2 0 0 8 101 83 26 36 8 21 39 71 129 0 0 18 36 129 98 12 4 0 15 22 10 46 40 9 1 26 5 3 1 6 6 34 42 3 0 0 0 6 9 129 129 0 0 0 12 49 70 107 63 2 4 4 5 10 45 25 1 
32 7 8 4 0 0 0 14 7 3 35 52 15 3 1 7 20 16 50 35 7 1 0 18 2 7 11 54 26 2 2 2 30 6 9 13 16 8 9 40 128 46 83 31 0 0 0 44 18 41 128 78 16 5 0 0 0 13 41 63 128 68 0 0 50 15 0 0 4 12 20 29 128 43 4 1 0 1 31 85 39 7 20 33 75 125 85 31 0 1 5 10 128 128 5 0 8 0 0 0 0 0 39 49 15 0 0 0 0 18 128 109 4 1 0 0 5 113 128 18 4 2 3 4 30 42 31 6 
14 18 24 62 108 0 0 0 6 65 145 21 11 0 0 0 0 9 145 2 0 0 0 0 0 4 145 2 0 0 0 0 87 14 2 17 145 2 0 19 132 56 60 2 16 0 0 32 5 12 120 1 0 0 0 2 0 4 90 2 0 0 2 1 90 0 0 10 145 10 3 26 145 0 0 1 28 2 3 56 11 0 0 0 0 3 4 3 0 0 0 0 0 2 10 3 42 0 0 8 130 9 3 12 145 0 0 2 29 5 2 40 11 0 0 0 1 7 1 2 0 0 0 0 0 2 4 1 
142 0 0 0 0 0 0 14 73 0 0 1 3 2 0 7 0 0 0 3 10 2 0 0 0 0 0 2 4 0 0 0 142 0 0 0 0 0 0 29 110 0 0 0 1 3 4 18 0 0 0 4 4 3 13 0 0 0 1 6 0 4 17 0 142 15 5 0 0 0 6 75 66 4 13 0 0 38 124 57 0 2 31 4 1 77 142 0 0 5 47 3 0 61 142 0 29 80 97 0 0 0 12 21 2 33 142 1 0 21 85 14 0 19 142 7 2 33 86 0 0 15 132 5 0 17 39 0 
17 12 24 79 98 0 0 0 1 60 136 34 16 0 0 0 0 17 136 1 0 0 0 0 0 9 136 0 0 0 0 0 90 14 6 27 126 0 3 9 106 78 89 7 20 0 3 19 3 20 136 0 0 0 0 2 0 8 122 1 0 0 1 1 104 0 0 9 136 6 1 20 136 1 0 2 44 5 1 66 18 1 0 0 0 1 3 4 0 0 0 0 0 2 9 3 41 0 0 6 119 5 0 16 136 0 0 3 57 2 0 51 22 0 0 0 0 5 1 3 0 0 0 0 0 2 4 0 
135 0 0 0 0 0 0 15 110 0 0 0 1 1 0 11 0 0 0 2 9 2 0 0 0 0 0 2 3 0 0 0 135 0 0 0 0 0 0 27 135 0 0 0 0 2 3 25 0 0 0 2 3 5 19 1 0 0 0 5 1 5 26 0 135 29 13 0 0 0 1 66 93 7 19 0 2 22 104 80 0 3 47 4 1 77 135 0 0 6 61 1 0 60 135 0 29 87 95 0 0 0 16 11 7 34 125 0 2 11 88 15 0 14 135 5 1 25 104 0 0 10 113 4 0 17 39 0 
0 0 0 63 137 0 0 0 7 0 0 11 32 0 0 1 101 0 0 0 0 0 0 18 26 0 0 0 0 0 0 4 3 0 0 48 137 64 0 2 4 2 13 13 67 5 0 0 124 7 18 0 0 0 0 14 50 1 0 0 0 0 0 6 5 0 0 46 137 39 0 2 112 41 63 10 37 3 0 9 104 51 137 121 0 0 0 11 28 9 51 50 0 0 0 2 1 0 0 43 137 5 0 0 137 3 1 6 39 1 0 26 137 6 38 58 10 0 2 36 14 0 80 85 5 0 2 10 
4 0 1 9 12 2 73 92 11 0 1 32 137 8 39 62 34 1 0 22 137 4 1 5 137 7 0 0 1 0 0 37 0 0 0 2 29 9 46 47 0 0 0 10 102 48 137 127 35 3 0 9 114 42 66 10 137 40 0 2 5 0 0 42 0 0 0 5 52 1 0 0 0 0 0 11 124 8 17 0 69 6 0 0 3 3 13 13 137 72 0 2 4 0 0 42 0 0 0 4 29 0 0 0 0 0 0 15 100 1 0 0 36 0 0 0 6 0 0 10 137 0 0 0 0 0 0 57 
100 13 0 0 0 0 0 14 132 26 2 3 36 74 6 21 2 0 0 1 27 132 128 9 3 0 0 0 0 19 94 39 120 11 0 0 0 15 6 55 132 20 0 0 91 132 29 40 68 6 0 0 51 132 53 21 52 9 0 1 1 6 18 14 117 4 0 0 1 37 11 28 65 1 0 0 63 132 14 14 95 1 0 0 12 34 9 62 61 15 0 0 0 3 9 45 44 0 0 0 3 37 13 14 5 0 0 0 20 74 10 3 25 0 0 0 0 1 4 53 77 31 0 0 0 0 2 32 
0 58 22 7 10 1 0 0 1 122 122 15 0 0 0 0 0 7 122 62 13 0 0 0 6 15 19 13 6 0 0 0 122 103 14 2 0 3 4 24 75 122 77 67 19 2 4 21 0 1 24 122 122 3 2 0 17 20 13 26 28 0 2 8 122 8 0 0 0 3 4 47 92 4 0 5 12 60 115 68 0 0 3 63 93 70 122 4 2 0 9 71 21 5 19 8 71 7 6 0 0 1 10 73 13 0 0 4 12 61 52 66 3 0 0 19 9 22 68 22 6 1 0 4 4 2 17 15 
122 4 0 0 0 0 0 54 96 29 23 73 30 1 0 48 0 0 4 121 75 1 0 0 5 4 0 5 10 2 0 0 107 0 0 0 0 0 0 93 124 5 0 25 17 4 7 124 8 0 2 124 124 18 9 18 2 4 4 43 32 1 1 0 105 19 0 0 0 0 0 18 124 46 0 0 1 12 26 56 48 24 24 52 44 30 37 23 3 6 17 106 74 0 0 0 92 37 0 0 0 0 0 2 95 39 0 0 6 27 8 13 124 20 4 18 10 7 7 22 20 9 4 89 84 0 0 1 
67 6 0 0 0 3 4 9 119 94 0 0 4 24 2 7 57 30 0 0 14 85 18 64 57 0 0 0 0 0 10 119 110 66 0 0 0 2 6 6 119 88 0 0 1 119 88 9 11 3 0 0 4 119 98 109 74 0 0 0 0 0 51 119 72 27 0 0 0 45 49 9 15 5 0 0 0 119 109 14 49 18 0 0 0 15 42 66 114 8 0 0 0 0 8 102 3 0 0 0 0 18 23 5 19 4 0 0 0 8 8 11 73 49 0 0 0 1 1 9 13 9 0 0 1 3 1 21 
109 1 0 0 0 0 0 55 124 19 11 55 26 2 1 65 0 0 3 124 89 1 0 1 4 5 1 8 11 0 0 0 94 0 0 0 0 0 0 71 124 1 1 11 9 6 10 124 11 1 9 101 124 25 13 22 1 1 8 51 37 2 1 0 100 17 0 0 0 0 0 12 124 50 0 0 0 17 19 33 83 33 20 48 29 25 29 17 6 8 13 106 96 0 0 0 91 30 0 0 0 0 0 1 106 34 0 0 8 22 10 7 124 14 4 15 14 8 5 24 21 5 4 71 108 0 0 3 
3 3 3 1 0 0 0 0 75 18 12 3 0 0 0 15 38 20 47 99 0 0 0 8 25 10 18 22 0 0 0 2 0 4 66 25 0 0 0 0 112 20 22 17 0 0 0 32 133 29 77 133 1 0 0 85 16 4 87 133 2 0 0 3 1 8 81 53 2 0 0 1 37 32 55 121 5 1 0 5 133 73 30 61 1 0 0 133 39 5 49 133 6 0 0 54 1 5 8 44 3 0 1 2 7 54 52 41 1 1 1 2 84 133 36 5 0 0 0 19 38 62 25 35 0 0 0 24 
65 14 0 0 0 6 10 16 136 56 0 0 17 64 4 23 12 9 0 0 24 126 136 26 10 0 0 0 0 6 136 73 121 16 0 0 0 15 16 38 136 41 0 0 19 136 40 49 42 12 0 0 18 136 110 24 44 14 0 0 1 5 53 51 102 15 0 0 0 43 24 24 28 5 0 0 9 136 45 12 112 11 0 0 2 26 14 49 50 15 0 0 0 5 7 37 11 0 0 0 0 21 25 13 2 0 0 0 1 29 13 3 39 1 0 0 0 0 2 55 49 27 0 0 0 0 0 38 
130 2 0 0 0 0 0 53 113 7 1 50 85 9 3 44 0 0 0 92 129 1 0 0 2 2 0 3 17 3 0 0 130 0 0 0 0 0 0 73 130 2 0 29 36 1 5 130 6 0 0 123 130 2 3 5 3 5 3 17 41 0 0 0 130 18 0 0 0 0 0 14 130 16 0 0 7 6 25 74 3 0 3 36 130 33 27 19 1 0 3 35 56 1 0 0 115 45 0 0 0 0 0 0 72 26 0 0 5 17 15 12 23 29 17 30 25 13 16 10 0 5 10 51 56 0 0 0 
34 29 22 10 0 0 0 11 12 29 98 39 5 3 11 17 57 67 37 26 5 1 1 2 26 11 2 4 29 22 8 4 84 21 6 6 8 5 1 25 123 34 73 89 3 0 0 66 30 22 58 123 14 1 1 4 9 2 5 43 67 26 22 2 35 32 101 14 4 1 0 4 123 18 33 29 8 9 44 123 18 0 5 82 58 84 123 52 0 0 2 37 123 84 43 2 0 13 66 14 3 8 35 17 3 3 23 52 101 66 76 24 4 1 1 17 21 46 123 41 3 0 0 7 20 39 25 20 
37 39 50 41 1 0 0 3 32 78 112 59 4 0 0 0 24 29 65 119 8 3 1 4 27 50 66 24 0 0 0 3 61 57 34 9 2 6 1 10 119 73 44 26 6 11 0 57 30 37 42 119 119 73 5 11 39 41 29 36 15 12 28 96 8 15 5 1 7 75 35 14 119 3 0 0 18 71 28 119 17 7 1 1 119 119 15 25 4 6 1 0 16 31 42 79 5 14 11 2 13 47 21 6 19 7 10 4 17 16 46 94 3 4 1 7 41 59 34 34 1 3 1 0 14 95 12 2 
101 11 0 0 0 0 0 11 37 31 18 18 44 20 0 3 0 0 30 57 93 10 0 0 0 0 0 19 82 1 0 0 126 7 0 0 0 0 0 40 97 21 30 33 9 0 0 34 1 2 33 83 126 9 0 0 0 0 20 55 87 4 0 0 118 0 0 0 0 0 0 58 126 16 11 11 7 0 0 56 19 8 69 126 107 0 0 2 0 0 40 126 60 0 0 0 68 0 0 0 0 0 0 28 126 20 1 0 0 0 0 82 70 37 48 70 40 0 0 4 0 0 6 87 126 0 0 0 
122 3 0 0 0 0 1 45 113 5 0 0 11 22 32 109 1 0 0 18 122 80 9 6 0 0 0 17 104 8 0 0 68 3 0 0 0 0 15 105 122 14 0 0 6 9 26 122 17 0 0 12 122 54 7 21 0 0 0 19 122 12 0 0 116 34 0 0 0 0 5 26 122 45 0 0 0 4 25 68 9 0 0 21 117 43 16 26 0 0 0 17 122 21 0 0 89 12 0 0 0 0 2 10 70 33 0 0 0 4 23 42 22 13 0 1 67 53 7 9 0 0 0 1 85 22 0 0 
4 4 2 17 18 3 13 4 1 1 2 19 41 28 13 14 60 0 0 0 3 9 10 105 104 5 1 0 0 0 1 51 1 0 18 132 70 10 15 5 2 10 9 51 52 89 23 8 119 94 14 1 9 17 3 53 132 35 2 1 2 0 0 30 0 5 29 132 33 4 0 0 0 58 125 132 15 6 0 0 12 132 111 5 1 0 0 0 54 110 53 2 0 0 0 9 6 17 12 18 16 10 0 0 3 25 124 85 3 0 0 0 21 83 69 20 5 0 0 0 20 35 29 14 0 0 0 0 
0 0 0 0 2 11 70 14 1 0 0 0 0 7 127 103 24 1 1 1 0 0 83 127 27 10 1 0 0 0 27 39 1 2 18 46 18 18 12 1 27 2 6 45 37 17 64 39 127 10 1 1 0 0 20 101 127 32 3 0 0 0 1 32 1 10 52 27 20 29 4 1 14 59 127 44 46 9 1 1 127 127 85 2 0 0 0 12 86 67 15 0 0 0 1 25 0 20 122 38 2 1 0 0 6 75 127 11 1 0 0 1 17 111 82 9 1 0 0 9 11 41 21 3 0 0 0 6 
4 2 0 0 17 71 17 4 5 0 0 0 2 28 127 61 12 0 0 0 0 26 106 56 35 6 0 0 0 2 7 26 1 1 0 0 40 130 21 1 1 1 1 0 16 97 130 46 100 1 0 0 0 0 130 130 101 4 1 0 0 5 20 103 0 1 2 6 115 99 0 0 6 43 68 15 41 31 23 5 130 48 36 12 1 0 15 41 130 23 2 0 0 0 6 31 1 4 5 8 32 13 2 1 15 50 24 18 6 1 1 2 89 59 13 24 5 1 0 7 95 47 2 0 0 0 2 11 
43 21 31 8 2 0 0 36 29 35 99 109 0 0 0 7 36 32 24 45 1 1 0 2 8 1 0 22 43 6 3 2 118 12 1 5 8 5 0 26 118 13 24 118 28 6 1 34 3 3 33 118 62 17 4 0 1 0 1 31 69 49 57 1 75 25 61 17 8 1 3 26 97 2 1 5 21 33 118 118 0 0 0 16 59 118 118 3 0 0 0 43 107 79 26 1 1 5 39 35 55 25 14 3 1 0 1 26 75 45 118 15 9 2 1 4 2 29 118 33 2 0 0 7 14 21 11 12 
53 29 28 14 0 0 0 17 18 44 97 33 6 0 0 0 8 7 73 111 9 9 1 4 40 45 33 10 1 0 0 10 61 78 79 29 0 0 0 5 72 118 113 16 0 0 0 20 5 35 118 118 56 10 0 0 66 55 38 49 34 7 13 36 27 18 14 4 8 19 5 16 118 27 2 1 7 15 8 118 38 22 7 17 118 118 2 15 6 4 0 4 57 69 30 29 3 2 0 0 6 56 22 11 68 0 0 0 3 24 49 114 13 2 0 3 102 117 36 35 8 15 4 2 14 17 0 2 
26 2 0 2 17 32 68 50 6 28 61 24 68 34 14 3 1 7 120 26 4 4 9 6 1 27 53 12 16 8 5 1 120 23 1 0 0 20 50 36 120 120 85 6 0 3 20 31 2 18 120 33 10 91 37 9 0 6 58 34 94 107 3 0 111 48 9 3 1 2 2 32 120 7 0 0 0 16 60 120 3 0 3 3 25 120 73 16 0 1 23 42 26 72 4 0 13 6 0 0 0 12 19 21 41 3 0 0 0 30 120 79 53 2 2 0 2 23 56 42 1 4 15 8 1 8 37 5 
80 41 12 18 7 0 0 3 53 35 66 117 11 0 0 19 117 53 32 7 3 0 0 33 20 14 15 81 35 0 0 5 117 47 3 14 22 0 0 14 114 85 117 71 0 0 3 23 55 78 117 94 23 1 16 34 32 16 13 108 30 2 28 78 117 20 5 17 21 0 1 43 73 13 2 1 0 0 45 117 5 3 3 37 53 53 85 87 59 9 1 14 43 34 18 49 49 18 4 11 7 0 0 8 29 14 13 23 0 1 10 63 15 3 7 22 18 53 42 35 48 1 0 2 4 23 13 41 
4 3 3 16 14 4 12 4 2 2 2 14 40 23 15 19 65 0 0 0 1 4 9 116 89 5 2 6 0 0 1 50 0 1 13 116 59 16 18 7 3 11 7 30 55 91 20 11 131 69 12 0 5 11 5 67 131 29 2 3 3 0 0 30 0 4 30 131 38 4 0 0 0 79 119 131 15 8 0 0 25 131 115 0 1 0 0 0 71 94 45 2 0 0 0 14 5 18 19 28 12 9 0 0 1 27 131 93 2 0 0 0 20 101 65 14 3 0 0 0 14 35 36 16 0 0 0 0 
0 0 0 0 0 11 90 14 1 0 0 0 0 6 124 94 14 1 3 2 0 0 91 124 22 9 2 1 0 0 29 38 1 2 14 31 20 21 21 2 21 1 4 32 26 18 93 42 124 8 0 0 0 0 32 123 124 32 2 0 0 0 1 34 1 6 30 30 20 26 1 1 17 44 96 55 51 9 1 2 124 124 63 2 0 0 0 15 97 61 13 0 0 0 1 28 0 22 112 32 3 4 0 0 4 95 124 11 1 0 0 0 20 124 88 7 0 0 0 5 13 50 20 2 0 0 0 5 
7 8 0 0 16 69 11 2 5 0 0 0 5 41 107 60 7 0 0 0 0 24 114 59 33 6 0 0 0 3 9 28 3 2 0 0 34 127 18 0 0 0 0 0 22 127 127 48 71 1 0 0 0 1 127 127 112 2 0 0 0 2 20 122 0 0 1 4 118 99 0 0 3 34 57 17 56 37 16 5 127 41 50 9 1 0 19 35 127 27 2 0 0 0 5 33 0 1 4 5 35 19 3 1 15 46 26 15 8 0 1 2 75 40 19 27 5 0 0 2 108 49 1 0 0 0 2 12 
76 38 11 23 2 0 0 1 43 25 48 120 12 0 0 14 120 48 27 5 0 0 0 32 58 30 25 31 5 1 0 11 120 37 5 8 5 0 0 35 93 86 120 77 0 0 0 7 49 103 120 83 5 1 4 8 55 31 21 49 16 5 42 68 120 25 1 14 7 0 0 39 120 27 3 0 0 0 32 107 14 12 13 42 19 9 75 92 20 3 2 45 82 34 24 24 59 7 3 10 3 0 0 28 26 4 5 6 0 0 36 100 6 0 0 1 5 32 56 75 15 1 0 0 11 65 34 14 
3 0 0 43 139 0 0 0 32 0 0 6 37 0 0 3 102 0 0 0 0 0 0 12 4 0 0 0 0 0 0 0 27 1 0 55 139 24 0 4 27 5 9 12 78 2 0 3 139 7 5 0 0 0 0 15 8 2 0 0 0 0 0 0 28 0 0 12 139 53 0 16 117 65 85 17 54 5 0 5 83 45 139 107 0 0 0 7 6 2 28 22 0 0 0 0 11 0 0 47 139 0 0 1 139 10 5 13 38 0 0 27 111 9 61 81 6 2 0 26 7 1 89 85 0 0 0 6 
0 0 0 7 7 2 90 84 7 2 0 30 113 9 60 80 39 0 0 29 139 10 5 14 139 0 0 1 11 0 0 49 0 0 0 0 6 2 29 23 0 0 0 8 83 45 139 107 55 5 0 6 117 65 84 17 139 51 0 16 28 0 0 12 0 0 0 0 8 2 0 0 0 0 0 17 139 7 5 0 76 2 0 3 28 5 9 12 139 23 0 4 27 0 0 58 0 0 0 0 4 0 0 0 0 0 0 13 101 0 0 0 35 0 0 3 32 0 0 6 139 0 0 0 3 0 0 44 
29 1 3 7 3 5 20 46 25 3 9 0 18 118 77 35 65 41 9 4 15 46 45 50 29 25 3 2 36 26 3 5 9 0 3 36 66 59 24 12 33 11 3 19 34 123 93 36 123 21 2 0 3 27 29 123 59 18 4 6 37 76 17 51 9 8 14 51 90 39 2 4 17 40 123 123 22 13 2 2 117 123 94 12 0 0 1 46 90 68 25 64 18 6 3 23 23 20 11 6 23 3 2 6 47 45 75 40 2 0 3 11 36 41 80 35 30 2 4 17 43 10 1 18 26 4 2 32 
67 29 11 0 0 0 0 18 81 50 50 9 0 0 0 9 99 91 78 20 0 0 0 0 90 69 49 20 0 0 0 1 114 15 10 0 0 0 0 79 114 44 40 12 0 0 0 77 114 82 28 8 0 0 3 32 97 28 6 5 3 3 19 87 102 36 37 18 0 0 0 31 114 37 4 0 0 0 6 112 43 10 3 0 0 20 83 86 5 0 0 0 1 44 114 114 8 32 40 49 0 0 0 0 26 19 12 14 10 1 24 55 1 0 0 0 2 25 113 38 0 0 0 0 1 48 67 8 
48 9 5 3 11 58 21 13 23 11 4 2 26 103 60 57 37 27 19 11 23 84 53 40 12 0 0 0 6 27 63 62 4 8 4 25 115 101 9 3 14 4 9 29 61 101 104 115 54 5 1 6 9 101 115 78 108 10 0 0 1 13 15 54 5 8 9 36 115 52 8 2 4 19 48 97 101 19 7 2 80 28 11 26 39 8 8 19 115 48 0 0 0 0 0 16 0 1 4 19 63 34 20 3 5 5 12 27 65 35 65 23 39 73 28 10 22 4 2 10 71 50 1 0 0 1 0 9 
0 0 1 32 43 24 1 0 30 29 37 19 11 23 6 51 74 34 34 0 1 19 13 72 58 27 4 1 4 2 1 31 0 0 1 58 113 30 1 0 29 8 2 21 28 27 25 77 71 10 6 7 6 30 65 113 113 10 2 1 7 7 6 113 0 0 1 106 104 3 0 0 17 113 93 86 50 4 8 6 50 113 113 70 7 3 7 17 113 107 34 15 12 2 1 16 4 6 27 43 21 1 0 0 56 102 89 43 8 3 2 7 42 46 41 50 31 24 13 9 50 32 9 9 7 1 8 13 
1 0 0 2 0 19 51 47 1 0 2 26 51 68 88 28 29 51 24 19 26 17 21 22 22 44 12 1 4 11 6 4 0 0 0 11 34 31 53 39 12 5 4 16 40 128 128 25 128 53 22 9 1 37 26 128 43 27 63 55 10 8 2 12 0 13 50 73 23 3 2 3 7 57 128 104 34 12 8 1 128 128 80 25 0 2 2 48 62 13 12 11 0 0 9 59 2 18 60 34 3 0 0 0 43 61 107 58 1 0 0 9 22 16 83 111 2 1 0 22 12 5 13 7 0 0 5 43 
33 7 7 11 2 0 6 34 42 13 0 1 8 54 32 27 19 1 0 1 40 80 41 8 61 21 2 0 2 7 3 10 18 5 5 6 8 35 57 52 20 7 6 11 18 128 128 27 128 9 0 3 3 69 128 101 128 33 1 0 2 25 36 47 8 61 42 41 21 27 18 15 2 9 82 128 66 75 10 5 128 66 36 35 7 2 10 71 102 6 0 0 0 4 37 100 8 52 21 20 28 10 1 1 0 2 26 90 87 14 0 0 12 43 33 18 29 9 0 1 72 27 2 0 0 0 0 13 
0 0 8 56 71 9 0 1 72 5 3 11 34 24 21 51 115 7 0 0 0 22 31 72 66 1 0 2 4 0 4 31 0 0 3 71 122 33 0 0 22 2 0 24 116 43 20 78 122 19 0 0 0 4 24 121 91 11 0 1 2 5 9 61 0 1 1 122 107 2 0 0 28 41 15 122 94 2 0 5 122 113 3 5 0 0 3 28 93 35 0 1 8 7 7 21 0 2 3 33 34 1 0 0 2 20 19 93 122 0 0 0 47 49 35 7 3 1 4 17 33 6 6 0 0 1 13 46 
4 4 8 34 28 6 2 0 3 0 8 21 81 48 26 3 95 13 2 0 1 33 36 40 80 13 0 0 0 0 0 22 7 13 2 12 73 54 3 0 0 0 4 11 119 119 5 0 119 3 1 3 18 74 16 119 119 2 0 0 0 1 0 106 2 1 5 46 119 19 0 1 0 3 21 97 119 35 0 0 119 83 4 54 29 4 0 23 119 51 0 0 0 0 0 44 2 2 4 32 82 11 0 0 0 13 33 53 107 30 0 0 61 54 13 19 51 7 4 24 84 16 0 0 0 0 2 40 
2 1 1 5 19 47 28 13 0 0 1 34 29 62 85 3 16 0 3 23 17 45 71 43 36 0 0 0 0 6 17 76 0 0 7 52 80 68 26 10 1 0 3 35 61 114 66 2 110 46 0 12 26 57 76 67 82 55 25 20 0 2 14 32 8 5 23 86 98 24 31 24 4 8 114 114 35 8 0 0 114 96 104 110 13 1 0 14 114 76 30 35 4 4 3 10 50 15 9 21 7 5 14 16 42 15 71 66 17 5 4 15 27 31 70 69 28 10 5 5 59 26 14 9 6 4 4 11 
52 5 4 5 3 10 23 50 15 6 7 2 25 122 78 25 53 26 11 3 12 39 53 70 20 33 8 9 15 9 0 7 16 2 2 24 52 82 49 10 30 14 2 9 42 122 106 30 122 22 0 0 4 18 27 122 35 11 2 4 16 66 32 75 6 9 23 80 64 39 1 3 15 66 122 122 25 21 7 0 104 80 70 15 0 0 1 45 84 79 14 45 7 8 13 31 33 13 12 12 14 8 0 8 31 27 81 75 0 0 0 4 18 55 107 38 8 0 0 4 70 37 4 13 10 3 0 17 
57 36 7 0 0 0 0 5 7 58 36 12 43 21 0 0 0 9 50 38 81 9 0 0 0 1 11 23 69 3 0 0 116 10 0 0 0 0 1 42 55 35 55 15 9 1 1 21 1 8 96 97 116 2 0 0 0 2 106 84 48 1 0 0 103 0 0 0 0 0 3 84 116 23 7 4 0 0 1 84 38 56 116 72 18 0 0 6 0 3 81 116 116 0 0 0 45 0 0 0 0 0 0 50 116 28 0 0 0 0 1 106 111 52 10 7 25 3 0 8 0 0 3 24 116 3 0 0 
0 0 0 0 33 58 28 8 0 0 1 13 39 85 95 11 21 3 1 8 21 47 112 40 49 5 1 1 0 3 8 32 0 0 6 24 71 73 19 6 3 2 9 50 104 100 29 12 112 45 6 36 38 28 25 70 112 86 25 17 1 0 1 23 1 8 37 86 77 11 11 4 1 11 112 112 29 1 0 1 102 57 112 101 13 0 0 24 112 65 16 4 0 2 3 35 50 20 15 4 10 5 15 11 31 19 100 57 10 1 0 8 3 17 94 69 22 8 4 2 46 32 13 5 3 3 5 19 
61 5 2 2 0 21 44 27 5 2 2 2 13 120 95 18 45 11 7 2 6 30 60 83 22 35 22 4 3 1 0 7 5 1 1 10 41 101 78 9 35 28 3 2 21 120 95 30 120 37 0 0 0 16 19 120 81 21 5 0 3 36 16 83 5 9 49 108 50 25 5 0 22 99 120 56 25 31 5 0 102 74 20 10 3 2 0 56 51 34 14 10 5 16 25 69 43 6 30 45 6 0 1 3 0 25 93 67 31 1 0 0 20 65 87 23 5 0 0 3 60 90 16 10 3 1 0 1 
3 7 19 32 26 4 0 0 12 45 113 65 27 9 23 7 12 66 115 31 3 0 5 6 7 6 15 24 9 1 2 5 96 36 24 8 0 0 1 20 84 103 123 39 12 5 2 13 0 43 123 76 123 59 0 0 23 1 5 54 123 11 0 8 123 43 7 0 0 0 0 35 97 15 7 3 20 32 61 118 0 0 2 22 123 94 24 3 4 0 0 44 123 7 1 5 35 9 2 0 0 0 22 75 22 5 2 1 1 3 27 51 0 0 0 9 47 23 18 1 0 0 0 30 76 4 0 0 
14 25 9 2 2 6 7 6 4 58 122 11 0 9 22 1 0 52 122 7 0 5 3 0 0 31 71 4 0 0 0 0 114 33 4 0 5 6 12 67 122 74 122 58 0 0 0 48 2 25 122 89 24 3 0 0 0 10 42 21 20 1 0 0 110 58 25 8 25 6 14 52 122 38 12 5 2 14 82 108 8 3 21 30 62 122 98 15 2 1 1 3 29 53 23 4 19 35 29 4 0 0 2 6 27 10 0 0 2 19 93 36 7 0 0 0 0 37 122 39 2 0 0 0 24 69 39 9 
77 4 0 0 0 0 0 30 47 23 18 1 0 0 0 9 1 4 27 51 22 5 2 1 0 0 21 76 35 8 2 0 123 8 1 5 4 0 0 43 123 95 23 3 0 0 2 21 20 32 61 118 97 15 7 3 0 0 0 34 123 44 7 0 123 11 0 7 23 1 5 54 123 60 0 0 0 42 123 77 12 5 2 13 84 102 123 39 0 0 1 20 96 37 23 8 9 1 2 4 7 6 15 24 3 0 5 6 12 66 115 31 27 9 22 7 12 44 113 66 26 4 0 0 3 7 19 31 
2 2 4 18 18 3 12 8 2 1 2 17 40 24 17 21 72 0 0 0 2 5 9 116 89 5 2 8 3 0 1 47 0 0 13 131 68 10 16 9 3 10 6 40 54 87 22 12 131 65 11 0 6 11 3 66 131 23 3 4 3 0 1 31 0 5 24 131 39 4 0 0 0 67 111 131 20 6 0 0 28 131 110 1 1 0 0 0 81 83 42 1 0 0 0 17 5 16 14 24 15 10 0 0 2 24 131 97 2 0 0 0 19 97 69 16 4 0 0 0 14 36 36 15 0 0 0 0 
1 0 0 0 0 10 81 18 2 0 0 0 0 5 122 99 11 1 5 4 0 0 84 122 19 5 4 2 0 0 28 43 1 2 17 35 20 20 18 1 20 1 4 35 30 13 90 43 122 9 0 1 0 0 36 122 122 34 3 0 0 0 3 34 0 7 47 26 20 28 4 0 15 43 122 51 45 7 1 1 122 122 79 2 0 0 0 11 97 60 14 0 0 0 1 26 0 18 122 35 1 2 0 0 5 71 122 12 0 0 0 1 18 113 95 9 1 0 0 5 11 47 23 2 0 0 0 5 
8 7 0 0 22 58 12 3 5 0 0 0 6 38 115 51 9 2 0 0 0 30 103 58 34 6 0 0 0 2 7 35 4 4 0 0 53 125 11 1 0 1 0 0 31 125 125 31 93 3 0 0 0 5 125 125 108 5 1 0 0 5 21 108 0 0 1 4 125 109 1 0 5 39 45 15 66 43 18 3 125 44 46 10 1 1 18 35 125 23 1 0 0 0 5 37 0 0 4 8 49 20 2 0 19 43 28 14 13 0 1 2 69 39 20 28 7 1 0 8 107 50 1 0 0 0 1 15 
9 29 35 45 15 0 0 0 84 122 95 48 11 0 0 0 4 54 122 101 22 0 0 0 4 48 122 22 0 0 0 0 25 66 24 20 27 2 1 6 122 91 11 27 31 1 1 49 50 36 14 114 77 2 2 21 38 41 43 12 11 20 12 21 15 5 1 6 6 10 81 62 122 3 0 3 1 3 46 122 44 0 1 24 112 37 19 52 27 2 0 0 12 21 39 36 11 6 3 0 1 7 67 29 122 19 5 0 1 4 23 115 48 0 0 9 66 15 7 47 21 3 0 4 12 1 2 23 
2 59 50 4 0 0 0 1 1 16 113 57 0 0 0 0 7 11 97 47 1 0 0 0 54 54 14 15 5 0 2 15 32 18 10 4 7 11 4 5 117 94 98 67 4 0 0 6 5 3 85 122 83 2 0 0 43 6 4 33 62 9 31 83 67 9 0 0 1 14 7 17 122 13 1 19 8 12 19 75 10 0 0 96 122 122 35 10 13 7 7 36 77 27 13 13 14 0 0 0 0 1 27 56 38 1 0 0 0 62 122 71 3 17 15 0 9 122 112 8 31 34 8 2 4 25 20 14 
3 23 13 9 63 64 15 3 13 82 28 8 24 34 10 6 3 31 92 111 17 14 15 6 5 2 23 72 2 2 16 70 54 34 6 3 18 38 56 23 94 123 33 3 5 2 1 9 20 104 109 123 19 56 7 1 0 0 27 123 72 38 5 4 111 4 0 0 0 0 2 51 123 36 0 0 0 20 77 89 13 11 0 0 7 123 123 12 0 0 0 10 58 97 21 0 60 4 0 0 0 0 3 80 24 6 0 0 2 9 41 55 4 4 16 11 4 20 31 5 0 0 9 20 8 12 8 0 
12 4 3 10 33 19 5 6 25 68 102 27 15 15 8 5 0 22 128 50 7 4 21 9 0 0 72 91 17 1 10 1 48 57 0 44 85 23 4 5 128 128 33 0 1 1 0 21 42 34 103 52 110 91 0 4 0 0 15 63 105 49 0 0 34 12 0 4 21 45 28 64 125 9 0 0 1 16 48 128 29 0 0 1 69 128 60 33 0 6 18 6 32 50 1 0 3 0 0 0 0 3 24 61 26 0 0 0 0 2 37 128 8 1 0 1 5 24 58 25 8 12 12 2 1 3 12 11 
75 77 23 2 1 0 0 0 5 42 91 37 0 0 0 0 16 4 32 29 0 1 3 18 1 0 1 9 36 12 4 6 129 40 19 4 16 3 0 53 69 35 129 67 0 9 37 25 1 1 102 129 52 55 26 0 2 1 3 28 69 45 9 0 129 23 13 19 12 2 18 95 40 1 4 1 0 44 129 118 0 0 3 14 59 129 107 10 0 0 0 1 57 123 8 0 6 10 15 12 8 8 10 6 4 50 54 10 9 8 79 30 1 33 53 55 15 39 45 16 0 0 1 26 28 34 1 0 
0 0 8 18 33 21 20 8 77 5 1 1 9 32 51 58 95 2 0 0 3 25 50 73 47 0 0 0 0 1 21 46 0 0 32 75 118 27 0 0 27 4 1 9 79 35 62 83 118 28 0 0 0 5 48 105 105 29 0 0 3 5 11 39 0 0 16 118 118 11 0 0 34 47 56 118 43 10 4 5 118 108 9 3 2 2 8 34 84 15 2 0 0 3 42 57 0 0 13 72 12 0 0 0 3 24 32 118 84 0 0 0 21 118 39 10 3 1 1 3 13 44 45 5 0 0 4 8 
0 1 13 33 30 11 3 2 3 0 6 15 47 50 67 13 33 9 0 0 0 56 82 25 88 34 0 0 0 1 6 24 3 4 9 14 62 81 6 0 2 0 4 15 110 115 7 0 81 8 1 4 6 108 41 112 115 12 0 0 0 0 0 115 0 2 9 32 115 55 0 0 0 5 39 98 115 69 0 0 66 115 10 47 25 12 1 21 115 98 0 0 0 0 0 49 0 5 17 42 69 22 0 0 0 15 48 40 85 54 0 0 44 63 22 22 27 7 7 15 86 22 0 0 0 0 3 31 
9 16 30 5 1 2 5 8 8 47 79 15 5 9 14 11 44 76 46 12 2 3 0 1 30 17 1 5 11 2 4 5 60 33 40 8 3 0 5 56 125 94 125 62 0 0 0 43 11 21 125 125 6 0 0 0 7 5 22 36 46 36 14 2 78 10 4 11 15 7 1 19 125 8 6 12 4 7 27 103 14 1 22 64 66 103 61 14 0 0 7 35 91 125 13 0 13 30 56 11 6 0 0 2 44 9 22 18 34 39 99 56 3 0 0 2 7 125 125 12 1 1 0 1 6 60 45 16 
2 21 26 40 2 2 0 0 28 99 98 43 0 0 0 3 1 7 96 128 23 0 0 0 3 3 3 96 25 6 7 0 14 5 3 2 2 25 66 22 128 65 16 3 0 3 11 40 23 44 61 128 46 56 19 1 8 25 28 128 87 31 4 2 56 8 11 6 0 3 45 60 128 21 0 0 0 51 58 128 14 6 2 1 14 128 128 16 19 11 5 2 24 80 45 41 6 5 12 15 30 18 5 8 33 1 2 1 10 34 35 101 8 12 5 0 16 71 34 18 5 10 10 0 0 9 14 8 
11 8 10 6 40 35 56 19 4 8 84 50 34 8 7 5 3 20 71 29 10 9 17 6 1 11 20 32 27 14 0 0 131 65 18 1 0 3 21 29 59 58 131 80 0 12 15 15 0 13 131 104 112 71 6 0 3 12 16 31 103 37 1 0 131 33 2 1 0 0 3 73 59 4 7 2 12 97 73 76 0 0 5 27 80 131 27 0 13 3 3 33 66 49 6 13 43 3 0 0 0 3 35 63 45 0 0 1 7 39 103 71 11 3 19 38 17 17 8 8 0 0 14 87 21 2 2 2 
1 4 50 81 8 0 5 4 14 86 119 95 7 0 0 0 31 48 42 44 5 1 1 7 2 0 4 21 61 16 1 3 70 18 11 10 7 5 35 61 97 64 107 99 19 6 16 41 0 2 26 119 58 8 5 1 0 0 8 63 107 22 1 1 104 17 0 4 8 10 6 33 109 9 0 3 9 25 49 68 0 0 1 34 93 119 70 5 0 0 3 23 94 64 16 0 92 2 0 0 0 2 3 38 53 4 0 0 36 95 15 18 0 0 0 0 28 119 78 2 0 0 0 0 7 44 58 13 
32 34 9 0 0 0 1 13 7 76 92 42 2 0 0 0 0 25 119 75 2 0 0 0 0 95 86 6 2 3 0 0 73 94 22 2 1 0 0 6 119 119 44 12 0 0 0 10 3 25 119 71 17 18 1 0 0 14 46 7 40 96 4 0 40 18 6 2 4 16 17 27 119 20 7 5 3 11 35 119 23 10 11 32 99 119 28 18 3 4 7 7 40 116 9 1 6 2 0 0 0 82 63 26 88 8 0 0 0 11 71 119 30 1 4 33 43 50 24 41 16 27 14 18 9 8 1 1 
66 69 12 1 0 0 0 7 118 78 5 19 6 0 0 13 4 5 11 118 53 0 0 0 19 17 12 23 9 0 1 11 97 118 17 0 0 0 0 9 100 118 23 6 2 0 3 21 11 26 44 118 64 3 7 8 6 17 34 80 42 3 2 12 70 8 0 0 0 0 22 89 54 6 2 0 0 0 113 118 9 8 7 31 42 92 118 62 0 5 18 22 34 67 118 18 41 2 0 1 0 5 21 50 40 5 6 6 1 2 30 58 0 0 0 21 62 98 59 10 2 0 0 7 29 54 71 46 
94 9 2 8 21 0 0 35 16 13 57 78 121 10 0 3 35 118 72 8 3 2 0 2 23 30 26 9 8 4 1 2 122 33 4 4 1 1 2 23 64 52 122 73 10 3 2 6 0 81 122 28 35 27 1 0 1 20 29 12 43 50 0 0 122 4 0 0 0 1 2 77 92 20 16 6 10 42 89 61 0 2 9 11 60 113 93 8 18 10 4 2 17 38 22 21 122 3 0 0 0 0 0 59 46 1 0 0 55 58 25 37 0 0 0 1 35 58 116 12 2 0 0 0 0 32 73 32 
7 15 3 11 65 29 0 0 112 59 0 6 94 34 5 8 55 14 0 2 65 24 5 62 28 4 0 0 4 58 32 61 11 9 0 10 112 62 2 3 95 11 0 5 47 112 96 58 112 77 4 0 24 66 34 41 19 30 5 4 45 34 6 7 2 2 7 59 112 7 1 1 40 40 75 100 63 29 19 7 112 83 41 10 12 25 5 50 27 7 1 4 23 38 2 14 0 5 33 79 19 0 0 0 0 102 112 39 2 0 0 0 4 55 85 98 22 3 0 0 9 6 11 37 9 3 0 5 
9 1 0 3 6 3 21 54 11 1 0 0 3 86 98 85 3 0 0 0 0 104 112 44 22 0 0 0 0 5 29 68 26 25 3 20 20 5 1 6 14 19 5 64 112 89 43 12 56 37 17 11 34 37 59 110 112 6 1 2 2 1 6 64 44 27 2 6 23 20 3 10 30 61 20 57 112 65 1 1 53 112 82 70 97 4 0 8 112 48 2 5 19 6 0 12 6 54 35 35 15 4 0 0 47 20 12 82 43 13 0 7 102 25 1 24 112 28 0 20 77 15 0 1 27 10 5 23 
0 0 2 8 86 47 0 0 40 0 0 1 28 53 33 45 66 0 0 0 0 25 81 64 48 6 0 0 0 3 44 57 1 0 0 61 115 17 1 2 14 2 1 33 108 43 24 23 98 39 9 0 0 70 93 32 115 26 0 0 0 3 13 48 2 0 8 32 115 49 5 1 0 115 105 36 115 47 3 0 32 115 115 27 8 8 2 1 82 37 19 2 0 0 4 41 0 18 57 18 13 6 0 0 0 104 115 27 22 4 0 0 0 59 90 35 40 13 0 0 8 17 31 5 26 21 2 2 
0 0 0 0 28 48 53 7 0 0 0 2 46 45 116 74 4 0 0 0 6 27 116 75 11 3 3 4 1 6 28 18 0 0 0 7 43 50 100 14 7 0 0 27 116 48 64 34 116 31 8 7 7 1 37 109 107 42 30 22 1 0 3 17 0 1 64 111 22 8 17 0 3 4 116 83 17 8 13 2 116 47 61 62 5 0 0 75 116 33 40 14 0 0 0 35 1 7 66 46 1 2 2 0 0 14 116 67 8 2 6 1 50 47 79 64 7 0 0 5 69 25 6 4 0 0 0 9 
40 22 1 0 1 32 29 11 33 4 0 0 0 103 58 33 24 3 0 0 0 116 105 31 21 16 1 0 1 13 24 15 3 0 2 32 50 47 31 7 9 8 1 1 25 116 116 23 116 29 1 0 2 116 41 62 113 21 3 3 4 0 3 61 0 3 13 90 116 9 0 0 1 79 50 47 115 42 7 0 64 48 30 38 10 2 0 45 116 8 1 0 0 0 2 93 0 1 24 49 61 7 0 0 0 57 93 73 45 0 0 0 13 29 45 79 39 0 0 0 76 46 10 0 0 0 0 4 
0 14 24 47 19 2 0 0 12 119 119 52 2 0 0 0 0 14 119 119 12 0 0 0 0 12 119 51 0 0 0 0 19 39 28 13 12 3 5 14 119 119 34 20 25 3 1 22 21 23 69 119 103 3 0 4 9 31 119 82 1 0 0 0 22 1 0 0 1 2 69 99 119 2 1 4 6 4 24 119 53 7 4 51 79 30 5 33 31 19 20 14 11 11 21 36 33 19 13 0 0 0 18 24 119 16 8 0 1 4 5 72 34 0 0 1 46 43 7 22 13 2 0 0 3 4 13 23 
111 9 0 0 0 0 10 70 61 13 7 8 14 28 33 37 0 11 40 15 39 34 6 0 0 24 27 2 3 14 3 0 125 35 0 0 0 0 3 88 69 125 15 1 2 17 29 31 8 67 56 7 13 121 18 1 1 7 19 3 7 125 45 4 125 52 0 0 0 0 21 97 47 79 10 1 2 60 125 76 1 6 1 6 68 125 50 5 8 1 0 14 72 123 33 5 65 8 0 0 0 0 18 71 56 19 4 0 0 4 70 68 11 12 4 11 36 33 23 15 0 0 0 18 82 22 1 0 
4 10 5 7 60 40 0 0 112 66 0 6 82 37 5 6 64 9 0 3 60 31 11 54 66 2 0 0 2 33 33 71 7 5 0 10 112 55 2 4 84 14 0 9 39 102 110 63 112 67 8 1 18 68 39 47 19 36 9 2 27 53 23 23 0 3 16 76 105 3 0 0 29 34 95 111 50 22 23 7 112 82 57 11 7 16 13 46 22 14 1 1 29 42 8 10 0 4 49 74 9 0 0 0 0 70 112 37 2 0 0 0 3 37 98 93 27 4 0 0 5 2 5 36 12 5 1 5 
12 2 0 2 2 0 16 58 15 2 0 0 1 70 110 76 1 0 0 0 0 85 110 42 9 0 0 0 0 4 39 73 33 29 5 16 22 6 2 4 9 12 9 67 110 86 63 12 45 26 23 11 23 30 78 110 102 2 1 1 1 2 10 81 48 35 13 16 18 29 6 4 22 57 29 62 110 59 6 2 44 110 96 73 88 3 1 11 110 45 3 6 16 3 1 12 4 63 36 64 27 1 1 0 41 18 11 93 53 4 0 8 82 25 3 15 110 25 0 20 73 18 0 0 26 7 6 21 
2 0 0 9 68 36 4 2 86 1 0 0 5 14 23 59 47 2 0 0 0 41 104 49 58 6 0 0 0 3 27 58 1 0 0 65 116 15 0 0 16 3 2 7 26 55 44 29 116 33 5 0 2 57 77 32 116 32 0 0 1 1 6 34 0 9 19 36 116 55 2 0 0 116 116 17 32 35 13 0 63 104 116 19 5 2 0 2 109 23 3 0 0 0 4 61 0 36 88 46 17 1 0 0 0 116 116 20 47 10 0 0 1 33 109 33 42 4 0 0 18 15 31 6 7 0 0 7 
0 0 0 3 36 59 45 2 0 0 0 1 19 25 118 77 0 0 0 0 4 36 118 51 10 1 2 0 1 13 38 11 0 0 0 9 85 43 82 14 5 0 0 39 118 36 79 41 111 24 4 2 1 1 71 108 101 39 25 3 0 0 8 19 0 1 23 25 13 25 74 4 3 2 43 45 46 15 21 4 118 33 17 24 14 0 0 89 118 40 60 24 0 0 0 35 0 12 101 37 0 0 0 0 0 19 118 71 2 0 0 0 76 49 106 70 2 0 0 21 108 28 8 3 0 0 0 27 
10 1 0 3 9 25 41 10 46 3 0 0 0 51 94 40 33 6 0 0 0 118 118 20 30 4 0 0 0 27 71 49 0 0 4 67 86 23 7 1 5 2 0 3 58 118 118 17 42 43 9 0 4 118 94 13 118 38 1 0 0 3 10 40 0 1 4 60 118 13 0 0 2 60 55 35 118 25 5 0 19 64 47 34 15 2 1 9 118 7 0 2 2 0 0 89 0 1 18 56 62 8 0 0 0 61 103 56 43 1 0 0 1 17 34 74 81 0 0 0 52 34 6 8 5 0 0 6 
0 0 0 0 0 41 116 2 0 0 0 0 17 110 60 7 86 12 1 0 2 17 11 68 34 15 8 3 1 13 14 30 0 0 1 8 25 33 33 2 1 0 11 17 29 87 109 13 116 8 6 3 1 25 71 116 116 51 12 5 0 2 8 43 0 32 107 44 16 3 0 0 1 10 116 116 48 16 6 0 116 116 116 37 2 2 5 17 116 50 10 5 1 1 10 35 0 13 48 26 16 0 0 0 2 31 61 76 44 0 0 0 11 98 75 10 4 7 3 0 13 10 7 6 5 5 19 27 
10 4 3 5 17 27 46 16 12 3 0 1 11 43 115 53 9 7 1 2 7 26 115 64 6 4 4 4 20 36 20 10 1 0 3 22 15 47 85 11 5 4 1 23 76 115 115 8 115 38 2 2 5 16 115 115 81 10 6 7 4 1 11 92 0 0 10 106 80 6 0 0 12 21 30 76 115 13 1 0 115 115 52 13 7 0 1 10 61 68 43 0 0 0 3 37 0 0 0 25 115 4 0 0 3 10 26 28 27 1 0 1 115 49 19 2 0 0 0 27 37 33 21 0 0 0 0 7 
123 2 0 3 35 0 0 23 123 6 1 0 0 0 0 17 9 1 0 8 78 4 0 5 17 0 0 4 103 16 12 35 123 8 1 25 93 1 0 13 123 7 1 0 0 3 8 40 11 3 0 4 112 33 2 10 48 0 0 7 123 38 1 39 123 20 0 62 86 0 0 6 123 10 0 0 35 21 16 77 37 1 0 3 123 62 6 45 29 1 0 12 123 45 0 12 65 18 0 43 42 0 0 0 85 13 0 9 85 6 5 28 33 0 0 1 62 93 9 30 3 1 0 7 56 22 0 0 
64 29 0 0 1 0 0 10 66 65 6 48 37 0 0 7 69 3 0 38 110 4 1 31 47 0 0 5 56 7 3 66 121 25 0 10 15 2 1 19 121 35 16 57 33 1 0 7 37 11 26 90 121 3 0 4 79 0 0 23 121 9 0 79 121 19 4 52 39 0 0 32 121 22 1 13 8 2 0 13 0 1 12 55 121 3 0 0 66 0 0 52 121 6 0 28 87 9 10 62 21 0 0 14 107 4 0 6 5 1 0 24 0 0 0 25 75 2 0 1 13 1 0 48 121 0 0 3 
4 0 0 0 10 45 96 14 2 0 0 0 24 115 110 10 82 21 14 2 11 31 14 57 23 19 32 6 1 8 12 20 0 0 3 12 60 49 26 0 0 0 16 29 32 73 96 5 115 11 10 9 1 31 68 115 115 46 16 13 2 3 9 46 11 24 98 49 21 2 0 4 0 16 115 115 46 11 2 0 115 115 115 69 5 3 4 17 115 44 13 12 8 5 16 42 17 33 40 9 1 0 0 0 1 11 61 88 36 0 0 0 9 66 69 16 15 12 6 1 6 6 5 3 5 22 32 22 
21 3 3 10 13 20 17 12 20 17 2 2 7 46 115 42 15 9 6 8 26 59 115 41 5 3 8 29 26 10 3 8 14 2 8 18 12 81 86 20 12 8 2 34 63 115 115 11 115 65 6 4 3 21 115 115 60 29 14 12 3 0 10 74 0 0 48 115 76 9 3 0 16 22 34 88 88 6 0 0 115 115 41 11 2 0 0 23 63 89 24 0 0 0 0 15 0 0 9 47 102 17 2 0 1 8 59 55 36 0 0 0 82 49 26 3 1 4 8 23 40 5 0 0 0 2 30 35 
115 1 0 0 0 0 0 73 72 23 0 0 0 0 5 38 64 48 9 2 4 18 5 13 2 2 5 2 29 67 3 2 126 18 0 0 0 0 0 49 126 126 4 0 0 5 5 18 16 78 17 12 66 87 9 3 0 0 0 5 77 126 1 0 126 24 0 0 0 0 0 57 126 31 0 0 0 24 74 126 4 2 0 2 19 126 77 12 0 0 1 51 93 41 4 2 84 4 0 0 0 0 1 46 42 1 0 0 0 3 76 116 31 3 0 0 1 10 44 39 0 0 0 2 32 27 6 2 
18 45 15 0 0 0 0 8 5 96 115 31 0 0 0 0 0 69 116 27 0 0 0 0 0 72 54 4 15 13 0 0 92 82 9 0 0 0 1 15 116 116 31 8 0 0 0 23 10 29 86 51 38 37 0 0 0 4 12 5 54 116 3 0 35 31 9 2 7 10 17 19 116 11 4 1 0 10 79 116 25 8 12 32 98 116 51 46 14 16 11 14 48 67 7 2 2 2 0 0 12 86 41 19 62 13 0 0 1 29 116 116 55 8 4 18 10 15 31 94 9 13 23 26 9 1 2 0 
77 80 7 0 0 0 0 2 116 72 5 21 13 0 0 4 3 5 9 105 68 0 0 0 22 9 5 10 7 1 2 28 116 116 11 0 0 0 0 15 93 98 28 7 3 0 5 34 7 23 49 116 88 13 7 14 7 33 39 47 29 5 4 12 70 4 0 0 0 0 20 93 41 6 1 0 0 2 116 116 5 5 3 17 54 116 116 48 3 3 10 6 18 58 116 34 44 1 0 1 1 5 20 47 38 7 5 6 4 8 25 47 0 0 0 28 83 110 40 9 15 0 0 6 20 32 47 61 
80 26 10 16 11 0 0 5 8 21 38 90 99 33 5 0 11 37 49 40 35 17 10 4 0 1 0 9 24 11 20 25 113 50 1 8 10 0 5 33 33 29 44 102 77 2 1 17 15 48 81 113 113 36 6 6 3 35 26 52 89 9 2 4 66 7 0 0 2 29 71 113 42 3 0 8 47 112 61 71 14 7 1 10 66 113 113 16 51 32 4 5 43 34 0 2 70 3 2 2 3 22 35 71 27 0 0 0 16 113 100 47 55 13 3 0 2 46 60 34 31 32 9 0 0 2 0 1 
0 2 0 1 31 30 7 0 0 28 55 23 48 24 6 0 5 110 110 39 23 0 0 0 2 24 35 56 74 4 1 0 43 36 0 0 38 44 12 6 62 110 110 18 18 8 3 11 31 110 80 50 52 3 0 5 2 31 65 110 97 3 0 0 103 11 3 5 1 19 26 44 110 33 5 4 17 42 93 110 93 5 1 14 42 26 29 82 7 2 10 30 110 65 0 3 22 12 25 19 1 0 0 6 30 22 8 7 10 32 54 38 106 26 4 1 10 20 26 85 5 0 0 3 90 37 6 8 
89 39 18 19 0 0 0 5 110 45 112 47 0 0 0 28 45 56 112 52 3 0 0 4 5 5 13 103 46 0 0 0 51 50 34 49 10 2 0 6 112 110 30 10 3 0 1 59 18 8 65 42 12 5 50 71 0 0 22 112 20 5 45 21 38 7 5 52 13 2 0 25 112 42 13 17 16 19 67 112 0 3 5 16 103 93 111 39 25 1 0 8 26 28 112 76 1 0 3 40 38 6 0 3 3 2 4 8 39 20 77 61 11 10 8 4 19 25 75 56 30 12 13 7 13 5 3 16 
8 20 3 0 11 6 5 5 15 54 3 0 0 106 70 7 13 6 0 0 5 122 85 10 30 7 3 8 3 17 21 18 4 2 7 41 63 35 13 6 4 1 0 15 103 122 77 8 122 5 0 2 7 68 70 46 122 18 5 11 0 0 2 18 0 1 6 34 112 25 3 0 3 10 67 122 122 9 0 1 122 20 44 93 8 1 0 27 119 3 1 0 1 2 3 54 2 6 6 21 22 2 0 1 15 34 70 91 11 2 6 12 10 10 82 122 19 7 1 2 32 10 22 10 4 4 1 15 
10 1 4 13 15 29 1 4 0 1 2 2 50 123 7 8 125 14 7 0 6 27 14 92 46 28 13 5 12 6 4 11 13 0 0 7 18 129 24 5 4 7 3 11 41 129 6 6 129 38 2 0 4 37 11 105 81 14 2 3 13 16 36 70 0 7 129 82 20 26 3 0 2 31 129 129 20 28 0 0 79 129 83 17 0 2 0 7 46 99 20 2 0 0 2 13 0 8 52 24 0 17 48 2 0 2 91 62 6 19 43 4 30 44 49 26 10 6 3 4 24 21 12 4 0 0 8 11 
5 9 29 11 12 11 13 8 1 0 5 9 32 55 62 25 12 2 0 0 1 11 69 92 2 1 2 1 4 18 28 16 7 1 3 6 16 123 113 19 0 0 6 17 25 123 123 27 117 10 1 1 0 6 115 123 76 19 18 15 10 1 12 23 0 0 71 60 17 48 9 1 1 4 117 123 7 16 12 5 123 60 43 29 0 0 5 37 123 30 4 27 33 0 0 11 8 10 38 14 0 1 0 3 1 4 69 107 3 7 7 0 78 27 42 63 3 1 2 10 91 14 2 10 7 0 0 53 
103 10 3 7 19 0 0 26 21 13 57 86 116 8 0 3 38 114 73 9 3 2 0 1 24 27 24 12 13 3 2 2 122 29 3 3 1 1 4 27 77 47 122 75 10 3 2 7 0 74 122 33 34 27 1 0 0 19 30 15 47 47 0 0 122 3 0 0 0 2 4 77 104 17 15 6 10 39 84 66 0 2 8 11 65 106 87 9 19 14 5 2 19 36 17 19 122 3 1 0 0 0 0 54 53 1 0 0 53 54 25 42 0 0 0 0 35 51 119 14 2 0 0 0 1 25 71 37 
17 1 0 0 0 0 0 3 96 10 0 0 0 0 1 24 136 3 0 0 0 0 1 135 107 0 0 29 67 0 0 90 14 1 0 0 0 0 2 6 122 2 0 0 0 0 1 39 136 19 0 0 0 0 3 62 136 3 1 45 58 0 0 81 6 1 0 0 0 1 1 4 113 44 0 0 0 0 0 25 136 64 0 0 0 0 0 10 136 13 0 15 23 0 0 80 12 3 0 0 0 4 0 0 116 74 5 0 0 0 0 0 76 89 8 0 0 0 0 0 136 23 0 1 1 0 0 34 
124 17 1 0 0 0 0 10 11 9 13 5 0 0 3 8 10 14 13 11 0 1 1 5 0 0 10 28 17 5 0 0 124 24 0 0 1 7 9 26 12 5 4 1 1 15 69 40 12 8 4 0 0 6 21 36 0 0 0 4 60 106 12 2 124 39 1 8 48 22 12 13 33 0 0 9 111 84 103 124 42 1 0 0 22 92 99 124 0 0 0 0 48 124 120 3 69 25 0 22 46 6 9 1 61 3 3 69 124 23 13 35 84 3 1 6 86 83 23 41 10 1 0 3 55 67 27 11 
6 15 22 3 6 3 6 10 8 49 73 8 5 12 16 12 42 76 52 8 3 3 0 0 29 14 0 0 5 7 4 5 52 47 42 5 1 0 7 48 112 124 126 42 0 0 0 42 10 20 126 126 10 2 0 0 5 5 32 40 63 45 7 1 73 11 4 10 14 7 2 26 126 8 6 8 3 12 28 110 17 0 18 48 62 126 71 14 0 0 6 20 69 126 15 0 14 31 43 8 7 2 0 1 44 12 19 17 33 48 83 53 4 1 1 3 7 126 126 9 4 2 0 0 6 43 48 15 
2 6 14 28 4 5 10 1 34 66 95 54 1 0 1 3 2 10 80 130 27 2 0 0 1 1 0 60 42 6 9 4 33 2 0 0 0 6 76 52 130 79 17 5 0 1 11 27 18 38 69 130 51 31 25 1 3 12 18 130 110 18 3 0 71 8 11 17 11 4 14 60 130 26 0 0 1 48 81 130 9 6 2 9 17 130 130 10 27 18 14 21 47 62 55 29 7 2 3 9 19 18 7 10 45 0 1 2 9 34 46 78 5 13 11 2 10 52 53 13 11 6 12 1 1 3 13 22 
16 11 7 3 25 29 57 35 4 13 76 60 34 10 5 5 3 17 63 35 10 8 17 6 1 10 18 34 27 10 2 0 127 61 11 1 0 4 13 25 84 62 127 94 0 8 11 18 0 11 127 123 113 59 5 0 3 10 18 26 102 37 1 1 127 40 4 1 0 0 1 63 75 4 5 2 11 83 60 89 0 0 4 24 92 127 31 0 17 6 5 22 64 49 3 17 43 3 0 0 0 2 24 64 43 0 0 0 9 34 91 77 8 2 13 49 25 23 4 5 1 0 6 79 29 3 3 6 
62 12 6 4 12 40 10 16 23 15 7 3 33 90 32 40 33 27 19 8 30 74 42 41 8 0 0 0 14 24 49 57 10 9 7 14 100 112 11 4 20 1 4 14 50 115 115 115 54 4 1 2 17 115 115 88 92 8 0 1 4 11 12 61 7 8 8 44 115 41 2 1 13 9 45 106 91 30 11 6 103 20 4 24 24 11 20 30 115 35 0 0 0 0 0 22 1 2 5 17 64 45 13 2 3 7 19 42 78 25 41 12 45 72 21 15 33 4 1 6 88 52 0 0 0 0 0 7 
0 0 0 19 70 33 2 0 39 16 23 8 9 30 12 65 78 22 19 0 5 16 31 79 56 13 1 4 6 3 2 38 0 0 1 79 113 15 0 0 22 11 8 40 39 17 24 55 93 23 16 15 16 11 55 113 113 17 3 3 8 7 4 95 0 0 2 92 94 3 1 0 33 113 100 97 47 4 3 5 68 113 113 97 13 0 0 9 113 103 17 29 20 4 1 7 14 6 25 39 12 1 1 8 60 72 92 48 9 4 3 9 47 31 21 42 36 21 14 12 43 24 3 13 9 6 7 17 
10 16 2 0 5 46 4 0 10 84 88 10 16 25 0 0 11 47 44 28 65 14 0 1 3 10 2 35 79 21 0 0 92 18 0 0 1 33 34 32 118 73 50 17 2 5 2 10 5 9 40 92 118 51 2 0 23 14 9 36 95 36 4 14 118 4 0 0 0 8 44 93 118 19 2 1 2 39 53 82 7 22 34 52 102 108 26 3 0 6 62 118 64 6 3 2 113 20 2 0 0 0 1 50 108 20 1 0 0 10 33 90 30 38 10 4 18 69 28 8 14 44 42 22 10 9 1 3 
