0 0 1 45 35 13 23 11 0 12 44 52 61 4 0 0 4 82 61 3 3 0 0 0 0 23 21 4 15 14 0 0 56 67 10 3 7 9 30 29 37 127 127 17 17 4 1 0 1 66 127 106 58 16 0 0 0 3 13 108 86 23 0 0 127 62 0 0 0 0 0 20 127 54 9 1 9 11 2 56 3 3 8 53 127 107 2 5 0 0 4 67 68 60 1 0 64 1 0 0 0 0 15 59 66 0 0 1 2 1 11 127 14 0 1 87 54 10 4 24 0 0 4 86 36 5 0 0 
27 3 3 7 0 0 0 29 21 74 87 32 0 0 0 9 1 59 78 56 13 0 0 0 0 66 34 8 1 0 0 0 67 4 8 1 0 0 2 48 129 108 52 13 0 0 1 37 10 46 126 129 10 2 2 1 0 95 86 21 2 7 6 0 47 45 83 21 5 0 0 1 129 17 12 8 2 0 37 129 9 2 14 16 2 41 129 47 0 4 9 3 3 98 92 0 2 14 20 13 31 35 2 0 12 0 1 4 13 23 62 97 0 0 0 0 0 16 129 61 0 0 0 0 15 76 55 3 
36 22 8 0 0 0 0 17 128 46 13 0 0 0 0 60 50 17 2 22 79 6 0 10 0 0 0 50 121 2 0 0 128 47 14 0 0 0 1 43 99 128 45 0 0 1 12 48 17 43 5 18 97 52 7 4 0 0 0 33 128 69 0 0 53 26 3 0 0 12 62 43 37 11 0 0 0 12 128 128 3 6 1 1 24 128 128 62 0 0 0 3 44 128 10 0 0 0 0 0 0 19 34 1 39 11 0 0 0 9 51 27 60 44 23 17 1 7 39 32 0 1 11 58 19 15 3 0 
36 13 2 0 0 0 0 41 18 13 18 17 33 17 19 59 0 0 30 37 92 21 2 0 0 5 30 9 4 1 0 0 45 123 14 0 0 0 0 3 40 123 123 17 3 4 5 7 2 18 123 123 25 27 8 0 0 6 102 78 49 16 1 0 123 31 0 0 0 0 0 71 123 46 3 0 14 14 3 27 6 5 14 32 101 123 43 2 0 0 1 31 98 69 28 0 100 7 0 0 0 0 3 34 77 3 0 0 8 17 85 67 0 0 0 20 79 77 83 1 0 0 0 12 47 27 14 0 
49 2 1 1 0 0 0 21 67 68 80 36 2 0 0 9 0 45 79 70 5 0 0 0 0 20 36 62 23 0 0 0 84 31 45 6 0 0 0 8 125 83 25 51 1 0 4 31 5 46 111 118 8 6 12 4 0 21 41 105 79 12 5 0 24 45 66 24 15 21 2 3 125 6 9 11 7 9 51 125 2 0 6 6 5 76 125 46 0 0 1 8 40 110 100 0 0 4 0 1 8 79 18 1 0 0 0 0 3 25 52 104 0 0 0 0 2 66 101 49 0 0 0 0 2 70 50 0 
46 31 15 0 0 0 0 14 73 82 83 2 1 0 0 20 6 16 75 73 88 1 0 0 0 0 1 39 94 5 0 0 98 69 24 0 0 0 1 29 110 123 37 2 7 5 13 31 12 12 3 34 123 44 3 0 0 0 0 77 116 35 0 0 57 18 2 0 0 8 99 71 24 31 7 0 3 20 123 123 5 4 5 6 43 123 123 16 0 0 0 4 46 123 10 0 2 0 0 0 0 7 35 7 85 16 1 0 0 1 38 38 43 15 22 50 17 9 17 21 0 0 0 50 37 9 1 0 
28 63 60 13 0 0 0 0 0 15 123 68 0 0 0 0 0 11 61 114 27 0 0 0 0 0 11 37 25 0 0 0 123 55 17 4 0 0 27 37 21 6 95 72 5 1 22 31 3 2 31 123 123 28 0 1 5 36 67 30 49 6 1 2 59 3 0 0 0 5 97 64 123 2 2 4 13 75 60 110 12 1 2 11 123 123 19 26 18 19 10 0 10 20 70 54 20 1 1 0 0 5 33 30 30 0 0 0 14 70 81 66 0 0 0 0 53 118 20 5 1 0 0 0 1 6 36 22 
6 3 0 5 7 6 25 58 1 7 56 39 70 26 10 4 2 39 95 13 13 2 0 0 0 28 29 5 3 5 0 0 80 85 2 0 0 0 3 16 74 122 122 16 4 3 1 2 4 32 122 114 40 16 0 0 0 7 24 87 100 24 0 0 122 33 0 0 0 0 0 21 122 29 1 0 5 4 3 60 10 3 3 32 118 118 7 8 0 0 0 54 89 67 10 0 41 2 0 0 0 0 14 76 105 0 0 0 2 0 5 122 20 0 0 68 75 11 3 18 0 0 0 73 41 6 1 0 
30 4 8 8 0 0 0 26 21 98 103 24 0 0 0 5 0 62 80 70 8 0 0 0 1 89 36 5 0 0 0 0 98 8 9 1 0 0 4 52 124 102 45 18 0 0 4 40 2 35 124 103 3 13 10 3 0 66 58 7 3 30 26 0 61 43 72 21 7 1 0 9 124 13 6 3 2 1 78 124 1 0 4 4 2 72 124 27 0 0 1 0 10 124 88 0 0 11 12 10 32 47 3 2 2 1 0 1 7 21 82 74 0 0 0 0 0 24 124 33 0 0 0 0 18 68 42 2 
39 24 11 0 0 0 0 18 125 45 10 1 0 0 0 45 29 8 2 26 125 8 0 3 0 0 0 55 111 1 0 0 125 55 17 0 0 0 0 37 86 125 33 2 4 4 8 30 9 20 1 26 125 50 2 1 0 0 0 46 125 54 0 0 62 19 1 0 0 9 69 63 34 9 0 0 2 16 125 125 3 0 0 0 47 125 125 32 0 0 0 0 60 125 3 0 0 0 0 0 1 16 32 2 48 23 0 0 0 5 59 41 36 28 23 31 11 20 41 20 0 0 1 33 29 23 1 0 
45 2 1 0 0 0 0 16 89 66 66 29 2 0 0 13 0 35 82 74 16 0 0 0 0 16 36 54 22 0 0 0 53 32 68 8 0 0 0 3 127 88 25 43 4 0 2 25 13 42 101 127 16 3 7 5 0 20 54 108 84 3 2 0 15 40 64 19 19 26 6 2 127 11 10 11 11 11 32 127 5 1 8 11 4 46 127 65 0 1 3 17 66 79 90 0 1 2 0 0 6 74 29 0 1 0 0 0 3 23 39 123 0 0 0 0 4 58 103 65 0 0 0 0 4 61 77 0 
37 63 58 12 0 0 0 0 0 21 124 68 0 0 0 0 0 9 41 124 39 0 0 0 0 2 20 31 22 0 0 0 124 47 13 4 0 0 25 37 23 7 82 68 11 1 23 34 4 4 23 124 124 36 0 1 8 49 70 22 34 6 3 4 68 3 0 0 0 6 92 64 124 1 0 4 22 81 57 111 14 2 0 9 124 124 22 26 15 13 4 0 5 18 82 54 20 1 0 0 0 4 30 30 31 0 0 0 17 67 81 67 0 0 0 1 68 105 20 5 1 0 0 0 1 6 33 20 
22 14 2 1 1 0 0 17 49 35 19 10 6 5 8 78 0 4 41 56 89 25 7 9 0 2 37 14 19 4 0 0 50 90 7 1 2 0 0 15 79 124 73 4 0 2 1 14 6 48 124 116 22 53 15 2 0 3 100 95 60 40 9 0 119 20 2 0 0 0 0 46 124 26 0 0 5 7 40 65 14 4 1 7 119 124 75 6 0 0 1 13 86 83 26 0 24 20 4 0 0 6 9 11 26 7 5 0 1 22 124 54 0 9 19 6 12 70 124 3 0 0 6 7 15 24 51 2 
39 14 18 3 0 0 0 3 99 93 63 41 9 0 0 3 1 13 86 83 25 0 0 0 7 7 14 25 52 2 0 0 43 56 89 25 7 8 0 4 125 113 23 54 14 2 6 48 1 8 119 125 74 6 14 4 20 5 11 73 125 3 0 10 19 10 6 6 9 78 48 34 72 4 0 2 1 14 79 125 0 0 5 7 40 66 125 25 5 0 1 23 125 53 27 6 2 1 1 0 0 19 23 14 6 1 2 0 0 15 50 90 2 0 0 0 0 48 118 20 4 0 0 6 9 11 26 21 
30 20 14 10 5 0 0 10 2 24 124 41 6 0 0 0 0 16 69 76 9 0 0 0 0 2 8 21 9 2 4 0 124 63 12 5 20 0 0 6 55 61 124 58 0 0 8 13 1 6 78 124 106 2 0 0 3 41 78 39 37 2 0 0 124 12 0 1 14 10 26 38 96 4 8 7 8 14 90 124 25 3 6 38 124 124 13 36 12 24 16 5 24 35 65 34 31 8 1 0 1 4 20 22 45 0 0 0 5 34 74 89 7 0 0 1 84 124 34 24 1 0 0 0 6 12 44 19 
19 15 45 15 0 0 0 0 101 123 45 37 15 0 0 1 0 15 75 90 45 1 0 0 2 5 17 20 45 8 0 0 38 42 58 31 16 24 12 6 123 121 14 41 25 3 7 57 1 5 97 123 98 4 12 7 22 12 12 45 123 3 0 4 31 1 0 0 3 50 72 40 86 1 0 0 1 7 79 123 0 0 5 11 64 60 123 50 19 0 0 12 123 49 12 9 7 2 4 0 0 3 9 16 9 0 2 0 1 15 58 79 5 0 0 0 2 27 123 35 5 0 0 10 26 14 14 13 
34 18 10 9 7 0 0 11 4 24 116 48 7 0 0 0 1 14 68 73 10 0 1 0 0 1 4 18 9 3 6 0 123 57 8 7 26 0 0 6 70 65 123 63 0 0 5 13 0 4 78 123 100 1 0 0 0 33 74 43 40 0 0 0 123 11 0 1 16 13 18 35 108 5 9 8 5 8 85 123 29 4 7 53 123 123 10 36 15 31 26 7 33 33 45 30 37 9 1 0 1 4 18 19 57 0 0 0 2 27 71 87 13 0 0 0 84 123 38 28 0 0 0 0 8 13 52 27 
16 16 2 1 1 0 0 0 17 45 97 9 1 1 2 3 0 3 121 30 11 9 0 0 2 6 38 22 0 0 0 0 121 47 1 0 2 2 1 4 121 121 121 6 0 0 0 11 5 25 121 93 73 22 4 4 1 5 40 98 62 14 2 0 121 3 1 0 0 0 1 45 121 8 0 0 0 29 61 121 9 2 1 3 57 121 117 17 2 0 3 22 65 60 11 9 23 0 3 11 1 0 0 23 29 0 0 0 0 20 90 93 67 4 3 1 2 31 57 23 13 5 9 41 19 1 1 3 
45 23 0 0 0 0 6 13 32 71 68 22 3 2 1 2 10 34 68 43 11 9 2 1 9 27 4 0 1 13 32 6 123 26 7 3 0 0 0 21 123 85 89 26 4 5 5 46 0 2 54 123 93 23 7 2 0 0 0 55 62 38 45 1 100 7 3 3 4 4 9 38 123 1 0 0 1 20 123 123 0 0 0 31 39 123 123 7 0 1 0 22 71 123 23 0 4 1 0 0 0 5 19 13 3 1 1 1 0 8 123 41 0 0 0 1 2 57 121 1 8 7 0 0 0 20 15 0 
6 8 1 0 0 2 2 9 11 36 50 0 0 0 0 9 31 23 58 6 0 0 4 15 5 1 3 5 3 11 29 6 104 54 2 0 0 2 1 7 111 126 126 6 0 0 0 3 2 22 126 126 52 1 0 0 0 0 5 116 59 7 5 0 126 20 1 0 0 0 0 33 126 37 4 1 1 25 72 126 1 2 4 44 65 104 126 8 0 0 0 99 82 17 11 6 25 11 13 0 0 0 0 16 30 16 21 0 0 17 78 105 14 17 17 2 0 35 86 18 5 0 1 2 21 29 14 13 
3 3 1 5 25 11 10 5 8 87 67 9 11 1 0 1 0 99 102 13 7 3 0 0 0 3 31 31 14 10 4 0 60 5 0 0 1 12 28 24 127 127 56 1 0 1 2 16 4 44 84 84 127 9 0 2 13 3 0 24 89 23 16 10 58 0 0 0 0 8 13 35 127 10 0 0 0 0 115 127 4 1 1 24 84 118 127 40 26 1 0 16 82 89 30 16 1 0 0 3 3 6 6 10 2 0 0 1 1 2 110 56 2 0 0 0 0 25 127 23 23 2 0 0 0 20 25 11 
7 10 1 0 0 1 2 9 13 44 59 0 0 0 0 8 24 25 66 11 1 1 6 16 2 0 2 8 4 15 26 4 113 54 2 0 0 2 1 8 122 124 124 10 0 0 0 4 0 20 124 124 63 4 0 0 0 0 4 121 60 6 3 0 124 18 1 0 0 0 0 36 124 28 2 2 0 36 71 124 1 1 2 37 60 118 123 8 0 0 0 86 82 18 11 6 25 11 11 0 0 0 0 16 29 17 20 0 0 18 75 99 14 19 18 2 0 31 73 18 4 0 1 1 21 31 12 11 
4 4 2 6 25 10 8 4 7 81 75 9 9 1 0 0 0 90 105 13 5 2 0 0 0 2 34 37 11 8 2 0 73 9 0 0 1 11 27 22 124 124 68 3 0 0 1 13 2 37 84 88 124 11 0 1 12 3 1 21 73 27 16 10 70 0 0 0 0 6 15 42 124 15 0 0 0 0 124 124 2 1 1 32 95 111 124 31 26 2 0 17 78 79 25 20 1 0 0 3 2 4 8 12 2 0 0 1 1 2 120 56 2 0 0 0 0 26 124 24 25 2 0 0 0 20 24 11 
5 7 4 0 33 55 38 4 53 118 34 8 18 5 0 0 21 35 27 54 45 6 0 0 24 41 10 5 6 1 0 3 93 11 1 0 0 8 28 37 132 132 41 18 1 1 0 31 14 37 90 132 27 7 5 3 26 32 50 43 38 28 23 14 86 14 0 0 0 0 0 29 132 7 0 0 0 9 63 132 11 0 14 25 10 132 132 33 0 0 7 13 45 132 69 13 23 23 3 0 0 0 0 3 16 6 2 2 4 16 56 53 0 0 0 0 7 71 123 10 0 0 0 0 0 22 37 4 
2 5 11 19 7 5 0 1 0 11 90 45 1 0 0 0 7 18 105 12 0 0 0 0 66 20 10 4 0 0 4 22 85 52 6 2 0 3 6 19 84 134 134 21 0 0 0 4 1 5 134 134 48 9 1 0 11 2 24 100 53 2 20 26 134 11 0 0 0 0 1 36 134 25 9 3 14 45 22 75 1 1 11 50 72 134 80 6 0 0 24 75 48 30 31 12 48 21 1 0 0 0 0 23 68 19 5 1 12 28 41 117 9 5 21 61 43 58 24 7 0 0 13 19 7 7 18 10 
10 17 3 0 0 1 2 6 12 53 92 0 0 0 0 5 22 24 94 20 0 0 3 11 3 1 3 13 5 11 23 5 122 55 4 0 0 1 0 9 122 122 122 12 1 1 3 11 0 16 122 122 65 13 5 0 0 0 4 122 62 5 2 0 122 17 1 0 0 0 0 46 122 15 0 1 0 44 116 122 3 0 0 19 43 108 122 14 1 0 0 62 71 22 18 10 13 13 47 3 0 0 0 13 18 31 52 3 0 11 52 59 12 27 42 10 1 14 40 13 3 0 3 6 14 36 11 9 
4 11 4 7 24 6 6 2 5 117 70 5 4 0 0 0 0 66 77 20 14 8 1 0 1 4 14 40 12 8 3 0 95 19 0 0 2 8 24 22 121 121 69 12 4 0 0 14 0 18 48 95 121 16 3 0 38 12 0 12 42 14 14 19 96 1 0 0 0 5 12 53 121 13 1 1 3 10 121 121 0 0 0 38 121 121 121 16 56 4 0 10 50 53 17 30 2 0 0 1 1 5 11 19 3 0 0 0 0 6 121 55 1 0 0 0 0 42 121 19 59 6 0 0 0 14 11 11 
22 18 7 0 6 27 14 4 36 128 52 4 2 0 0 0 13 41 39 91 35 7 0 0 21 27 13 18 12 3 0 1 128 11 0 0 0 1 4 31 128 113 21 5 0 0 1 27 17 27 55 128 18 4 11 3 9 14 87 86 32 28 7 5 96 16 0 0 0 0 0 33 128 2 0 0 0 6 54 128 9 1 5 4 2 108 128 32 0 0 8 11 30 128 100 2 23 19 0 0 0 0 0 5 8 3 0 1 5 10 59 64 0 0 0 0 5 71 128 12 0 0 0 0 0 31 44 3 
3 8 11 9 2 0 1 0 0 18 89 41 4 0 0 0 0 8 125 18 0 0 0 0 27 7 26 11 0 0 0 9 85 63 5 0 0 0 6 12 65 128 128 15 0 0 0 3 1 4 128 128 26 0 0 0 3 0 34 113 81 1 1 7 128 10 0 0 0 0 0 28 128 30 9 2 7 17 5 31 4 2 17 39 51 128 57 5 0 0 17 79 73 44 23 8 76 6 0 0 0 0 0 36 90 6 1 0 19 42 36 124 0 1 10 21 56 117 34 4 0 0 3 11 4 16 27 22 
81 8 0 0 0 0 1 41 19 2 13 31 51 17 3 22 0 3 25 124 91 1 0 0 1 25 33 22 5 0 0 0 103 46 6 0 0 0 1 14 82 84 75 6 6 5 21 28 0 23 96 124 124 33 15 12 12 10 6 42 93 15 3 30 47 7 2 0 0 9 69 59 43 13 2 0 0 52 124 113 0 3 2 9 99 124 124 39 33 5 0 1 72 69 13 18 9 2 8 8 2 8 30 17 8 0 0 0 3 118 53 21 3 0 0 0 0 80 81 6 41 4 0 0 0 8 10 11 
0 7 6 4 49 26 0 0 0 35 108 13 11 0 0 0 0 96 90 9 5 0 0 0 5 20 22 9 13 2 3 7 69 68 6 28 29 8 0 1 102 122 122 69 3 2 4 11 0 35 122 122 42 11 3 0 0 1 73 75 38 4 1 1 89 16 1 10 10 12 23 52 122 30 9 11 3 10 97 122 2 2 25 32 79 91 74 3 0 0 8 14 71 62 11 0 43 0 0 0 0 6 29 31 122 13 0 0 0 0 13 80 18 22 2 20 68 7 10 4 0 0 0 6 77 42 1 0 
27 7 11 3 2 5 4 31 63 79 42 4 1 2 0 3 14 19 61 62 11 0 0 0 0 1 54 66 3 0 0 0 106 10 3 0 0 0 0 73 121 121 42 9 3 0 0 28 22 39 73 95 70 5 2 2 3 11 92 17 8 2 10 19 110 17 14 2 0 0 0 29 121 77 2 2 5 13 94 121 7 12 2 7 92 121 121 30 1 0 0 0 10 51 121 22 5 5 43 41 0 0 0 8 5 26 30 9 0 2 64 71 1 4 7 8 32 56 94 15 0 0 0 3 21 28 75 0 
20 21 1 0 1 0 0 0 24 66 113 15 0 1 2 1 1 3 121 54 6 6 0 0 1 6 44 31 1 0 0 0 121 39 0 0 1 3 2 8 121 121 95 7 0 0 2 16 10 23 121 89 79 34 10 4 1 3 34 92 76 19 3 0 120 2 2 2 0 0 1 46 121 3 0 0 0 32 82 121 10 1 1 2 46 121 121 21 3 0 4 23 62 56 13 10 16 0 3 20 5 0 0 16 26 0 0 0 0 13 77 81 76 5 2 1 1 21 46 27 16 5 9 40 20 1 0 4 
25 6 0 1 0 1 12 22 31 82 60 11 0 0 0 1 0 63 132 12 0 0 0 0 0 59 118 6 0 0 0 0 110 6 1 12 12 1 4 21 132 110 13 0 0 0 2 25 44 78 121 6 0 6 47 15 8 22 107 15 1 2 17 18 81 1 0 20 40 7 0 20 132 2 0 0 0 9 46 99 37 1 0 0 0 80 132 59 62 1 0 0 5 28 74 118 49 7 0 0 17 12 0 3 65 5 0 0 0 16 63 33 24 2 0 0 0 38 78 32 25 0 0 0 0 25 101 37 
30 68 60 10 0 0 0 0 0 16 121 63 3 0 0 0 0 12 121 56 3 0 0 0 1 4 30 40 6 0 0 0 121 78 28 1 0 0 0 9 48 60 121 33 5 3 3 17 4 9 121 121 121 18 3 1 0 1 27 61 56 3 1 0 121 8 0 0 1 4 0 58 68 9 1 1 6 48 46 43 3 1 1 6 121 121 48 5 1 0 1 7 63 39 16 7 77 0 0 0 0 1 16 104 7 1 0 0 2 115 72 29 9 0 1 2 30 75 47 21 0 0 10 15 28 16 2 3 
32 32 1 0 0 0 4 8 18 49 36 9 7 1 0 1 3 14 106 23 12 2 0 0 13 10 25 5 4 7 3 3 119 55 4 0 0 0 0 31 85 119 119 6 3 1 3 18 1 22 119 114 40 9 3 0 0 0 35 114 42 18 5 0 119 18 4 0 0 0 0 51 119 18 8 2 3 19 36 98 2 3 9 29 27 70 57 6 0 1 13 60 49 73 16 0 72 6 1 0 0 0 9 31 66 1 0 0 0 14 114 86 1 2 1 0 1 110 119 7 0 0 0 0 2 119 66 0 
31 74 64 15 0 0 0 0 0 16 120 79 3 0 0 0 0 9 120 71 4 0 0 0 0 3 32 42 8 0 0 0 120 66 24 2 0 0 1 9 56 52 120 37 7 5 5 20 3 7 104 120 120 27 3 1 0 1 25 64 57 3 2 0 120 5 1 3 0 4 4 68 56 8 2 2 5 66 66 38 2 0 0 3 120 120 54 6 0 0 1 7 57 40 19 7 57 0 0 0 0 1 29 104 7 0 0 0 0 119 89 24 14 0 3 3 26 58 44 21 0 0 12 16 26 13 2 3 
34 34 1 0 0 0 4 8 17 46 37 10 9 1 0 1 4 14 101 22 11 2 0 0 15 11 17 5 2 8 4 5 119 63 5 0 0 0 0 27 71 119 119 10 2 2 2 14 0 18 119 119 49 7 1 0 0 1 32 96 51 22 7 0 119 20 3 0 0 0 0 55 119 28 11 4 3 25 36 99 0 2 15 45 30 72 46 8 0 0 14 79 63 65 8 1 82 11 1 0 0 1 7 34 68 3 0 0 0 16 98 85 0 1 5 0 1 119 119 11 0 0 0 0 5 119 51 0 
25 15 28 19 1 0 0 2 27 113 39 23 1 0 0 0 5 44 66 119 10 0 0 0 0 15 41 60 7 0 0 0 122 38 12 18 3 0 0 15 60 122 59 26 4 0 0 1 3 68 122 122 29 8 0 0 0 18 122 101 11 0 0 0 122 22 1 2 0 0 9 54 122 62 8 3 5 54 12 104 26 12 20 18 22 122 40 48 10 6 25 65 40 0 9 22 31 13 4 2 0 0 6 17 113 2 1 1 8 35 26 83 23 0 1 1 11 51 31 55 27 0 1 12 6 1 16 63 
16 9 3 1 14 39 46 8 52 136 46 12 12 6 0 1 19 38 27 71 46 6 0 0 22 44 12 6 5 0 0 1 111 6 0 0 0 1 13 38 136 108 36 17 2 0 1 39 18 25 72 136 31 8 7 4 20 25 39 44 36 33 26 17 82 20 0 0 0 0 0 21 136 6 0 0 0 9 71 136 10 0 8 23 14 136 136 34 1 0 3 11 40 136 60 24 19 23 6 1 0 0 0 2 12 5 3 3 7 16 51 44 0 0 0 0 7 61 114 10 0 0 0 0 0 16 33 9 
1 3 9 16 9 6 0 1 0 9 75 49 2 0 0 0 1 13 106 12 0 0 0 0 49 21 18 4 0 0 0 11 76 44 5 1 0 3 9 19 92 136 136 19 0 0 0 4 1 8 136 136 29 9 2 0 12 3 44 111 65 5 7 19 136 13 0 0 0 0 1 33 136 27 9 1 5 37 26 85 3 2 16 40 47 136 82 4 0 0 17 77 47 42 40 13 36 28 4 0 0 0 0 17 60 25 9 0 5 22 33 123 9 6 22 56 32 63 22 14 0 0 11 26 7 7 18 9 
6 34 7 1 32 28 0 1 9 127 106 2 15 4 0 0 2 111 127 7 0 0 0 0 0 31 84 10 0 0 0 0 58 59 2 0 6 25 21 30 127 108 22 0 0 1 9 107 53 30 55 16 17 34 6 7 2 14 29 11 7 14 15 15 67 15 1 0 34 53 18 28 127 45 0 0 0 24 49 85 39 11 0 0 12 127 94 15 17 0 0 0 8 32 40 47 33 2 0 1 48 21 0 11 87 1 0 0 0 17 127 67 2 0 0 0 0 28 127 54 18 0 0 0 5 3 22 93 
120 25 0 0 0 0 0 24 82 72 6 5 1 0 1 2 8 4 2 17 21 41 15 4 0 0 4 35 10 14 29 3 121 34 5 5 0 0 1 34 99 37 5 18 5 3 50 58 0 0 1 79 104 25 19 23 0 0 0 6 63 96 51 3 107 5 5 18 0 3 15 75 26 0 0 1 13 49 121 121 0 0 0 12 101 50 121 121 0 0 0 1 121 121 16 2 7 1 0 52 17 2 10 29 3 0 3 36 39 26 45 49 1 0 12 57 10 15 111 66 0 0 0 4 24 33 42 6 
22 37 7 3 13 29 43 7 16 64 98 70 22 14 2 7 0 7 31 125 25 21 1 1 4 49 19 8 0 0 0 0 102 52 0 2 3 2 14 63 91 56 37 47 18 4 12 77 5 33 117 125 59 17 11 0 24 28 32 50 67 19 10 21 125 18 0 0 6 8 10 36 116 26 3 0 0 35 100 77 12 17 15 14 44 125 125 14 41 0 0 7 59 103 31 34 45 30 7 0 0 3 8 14 7 3 16 16 17 51 67 15 1 0 7 14 15 125 33 3 18 0 0 1 0 9 6 17 
1 10 4 4 29 82 6 2 1 34 115 44 31 29 0 0 6 8 117 36 3 5 0 2 51 22 23 3 0 0 0 16 79 34 4 5 12 7 45 42 110 109 117 70 2 3 16 68 0 3 117 117 53 30 12 3 12 11 30 68 25 14 6 15 117 23 16 0 0 0 11 34 117 33 4 4 18 21 30 82 0 4 2 17 87 117 35 4 0 1 6 20 30 117 25 0 19 28 34 5 17 13 4 16 40 17 14 8 10 26 87 81 2 1 1 14 54 88 71 2 4 29 19 8 22 29 6 1 
10 6 0 2 6 27 33 11 33 47 49 57 11 9 0 0 5 15 77 111 2 0 0 11 3 19 23 36 13 2 17 11 112 17 0 0 0 14 20 56 119 119 58 36 7 1 0 14 4 16 119 102 19 8 6 7 14 15 41 91 72 16 3 8 119 14 24 5 0 0 0 30 119 26 5 7 25 57 64 113 4 2 8 12 37 119 119 15 9 1 14 18 71 87 65 27 9 8 81 30 0 0 0 10 11 19 29 22 19 28 63 63 0 0 1 8 47 80 71 3 19 1 4 2 0 9 21 49 
12 8 2 0 43 105 14 13 1 73 90 1 44 30 0 0 11 99 124 1 1 0 0 3 3 47 51 11 5 0 0 0 59 46 3 0 8 38 27 19 124 124 81 0 1 2 4 41 19 50 124 26 9 12 2 2 0 10 80 50 32 6 0 1 75 31 4 1 27 37 19 25 124 45 0 0 1 28 48 69 32 9 2 1 6 89 70 33 5 3 3 4 41 81 16 24 37 4 2 0 40 33 2 14 79 4 0 0 0 9 124 83 23 0 0 0 0 20 100 115 15 0 0 0 36 57 4 26 
4 13 93 62 0 0 0 1 0 104 125 60 14 0 0 0 46 14 30 125 51 3 0 19 21 7 7 6 28 26 0 11 53 32 60 55 0 0 0 8 48 123 59 60 52 0 0 2 5 17 45 125 125 4 0 1 21 26 23 47 51 9 0 2 88 18 21 5 2 8 12 25 23 14 14 13 14 69 53 15 2 0 3 58 108 125 32 4 85 14 8 12 51 61 5 12 16 0 0 0 1 15 40 75 0 0 0 0 19 125 58 6 5 0 2 10 33 125 23 4 61 9 4 3 2 15 4 24 
5 4 0 0 55 22 4 3 65 123 55 12 33 9 0 0 4 35 123 104 0 0 0 0 1 12 64 46 26 1 1 0 51 28 0 26 81 14 2 9 123 75 8 7 21 5 8 55 29 36 54 75 16 19 45 38 5 24 30 45 123 26 11 13 67 17 1 15 123 37 4 12 123 1 1 1 23 23 44 116 8 0 0 0 2 92 123 65 11 3 0 2 122 58 64 44 18 0 1 2 48 48 9 9 21 0 0 1 8 29 43 51 20 0 0 0 5 77 36 28 24 0 0 0 24 28 6 34 
16 15 6 46 16 0 0 0 18 77 31 21 4 0 0 0 40 18 29 60 17 0 1 2 69 24 12 21 28 0 0 3 91 40 65 59 9 0 0 11 4 122 122 56 4 0 0 0 41 16 31 122 106 0 0 12 98 6 1 20 76 9 0 65 122 18 25 17 18 15 6 66 24 35 52 43 22 34 46 56 17 3 7 92 122 41 13 16 90 5 3 12 75 9 0 29 43 3 4 1 1 18 36 65 2 0 0 0 2 49 122 69 11 0 0 0 67 109 78 26 75 3 1 0 18 10 0 7 
9 0 0 0 0 0 43 76 108 80 3 0 0 0 28 55 29 121 26 1 0 0 0 1 4 23 21 14 0 0 0 0 79 0 0 0 0 0 40 68 175 98 5 0 0 1 16 36 43 49 31 7 2 11 16 8 1 10 5 2 0 0 7 5 131 1 0 0 0 0 0 16 175 4 0 0 0 1 12 91 26 0 0 0 0 6 48 72 0 0 0 0 0 0 29 22 55 0 0 0 0 0 5 51 175 0 0 0 0 0 10 175 12 0 0 0 0 0 65 110 0 0 0 0 0 0 32 32 
63 11 0 0 27 35 46 26 22 40 61 29 72 43 11 7 8 10 29 84 40 60 2 4 11 43 15 4 2 3 0 4 80 51 5 12 10 10 40 46 124 91 65 50 8 4 5 56 4 20 127 127 47 32 10 4 35 48 40 38 45 21 5 28 118 18 0 3 25 31 12 34 127 19 2 1 0 43 110 78 9 10 17 12 36 127 127 15 61 0 0 5 37 76 28 66 44 44 2 0 1 4 4 8 15 10 19 30 25 32 47 12 3 2 37 59 21 80 21 2 31 1 2 6 2 3 2 18 
2 9 9 3 8 35 35 8 17 39 25 53 25 12 15 5 24 12 51 109 9 0 1 26 12 7 20 9 11 25 34 34 83 10 2 2 2 41 50 29 122 122 35 34 5 2 5 16 0 18 121 122 38 11 4 1 22 53 50 66 48 11 2 12 104 21 53 26 0 0 0 13 122 61 7 6 7 85 73 90 3 6 13 27 41 122 122 14 34 9 13 33 51 49 16 92 6 3 87 70 6 1 0 4 11 5 21 36 50 47 47 36 24 1 2 5 28 52 70 31 32 3 8 24 8 3 5 56 
1 20 28 4 1 0 0 1 7 24 89 3 0 0 0 1 3 3 60 19 4 3 0 0 8 1 10 12 2 2 1 1 83 55 28 0 0 0 0 33 78 69 139 23 0 0 0 22 0 2 139 127 10 6 0 0 4 0 43 139 43 2 0 1 120 20 0 0 0 0 0 45 139 30 33 6 11 30 0 92 7 3 47 36 53 139 45 6 0 1 10 66 110 50 19 0 38 89 1 0 0 0 1 1 123 43 0 0 31 23 7 39 6 9 2 4 101 84 17 9 6 14 17 12 5 13 10 2 
21 17 0 0 0 7 9 2 51 136 58 7 0 2 1 0 18 41 74 62 19 0 5 6 6 8 18 15 12 5 16 10 84 18 4 2 0 0 1 6 136 72 17 11 1 0 0 40 39 16 111 136 24 17 14 8 0 28 122 42 13 24 21 1 56 0 0 0 0 3 9 28 136 0 0 0 0 21 44 128 36 2 11 6 5 136 136 31 0 0 6 3 7 60 136 41 13 1 0 0 1 3 3 17 34 0 0 0 0 25 53 89 0 0 0 0 0 95 72 6 0 0 0 0 0 4 45 30 
7 22 11 4 1 0 0 0 8 113 75 7 0 0 0 1 0 23 75 112 4 0 2 1 26 3 0 20 4 0 2 8 113 64 11 25 11 2 0 1 113 113 78 6 8 5 2 15 1 25 51 113 113 40 1 2 44 27 12 94 49 3 0 1 113 6 0 2 8 11 9 44 113 6 0 0 6 33 97 84 3 0 1 7 67 105 105 15 32 11 45 59 18 9 7 28 31 0 0 3 0 0 2 47 20 0 0 0 6 62 67 72 3 0 0 0 3 44 113 25 21 0 6 6 0 1 14 109 
3 25 51 41 1 0 0 0 47 125 35 55 11 0 0 0 10 35 36 83 37 2 9 3 13 3 1 3 4 6 24 36 35 38 27 32 6 17 65 18 125 125 14 63 41 3 5 33 0 7 47 125 125 10 0 0 16 43 8 14 78 18 5 12 61 2 0 0 0 12 69 55 125 1 1 4 1 1 73 125 6 0 7 32 125 100 71 42 69 34 6 2 97 26 2 6 10 13 13 4 6 2 2 13 16 0 1 1 4 4 95 80 13 0 0 3 39 47 72 55 32 0 0 3 26 29 14 14 
28 25 14 16 22 1 1 3 34 42 82 56 10 0 0 3 4 6 94 77 16 1 2 1 4 2 2 12 11 12 12 3 105 22 2 15 65 28 4 2 123 87 80 43 2 0 7 31 1 1 76 123 123 1 1 4 0 20 75 56 53 1 0 0 85 11 3 11 22 46 6 13 123 6 1 0 0 3 58 123 39 3 4 33 123 123 26 65 12 17 52 14 39 40 37 31 6 7 23 42 10 1 1 3 33 2 14 3 12 23 42 76 12 0 0 0 61 121 51 49 0 0 0 0 7 22 51 35 
50 68 28 3 0 0 0 7 12 27 64 124 25 2 1 3 0 10 19 124 23 1 0 0 3 51 18 7 0 0 0 0 106 23 0 0 0 0 6 83 49 41 31 41 31 8 5 48 1 35 120 124 80 17 3 0 20 20 16 41 61 14 8 26 124 36 0 0 0 3 11 25 89 40 9 0 0 50 103 65 2 19 16 21 76 124 124 5 47 1 0 5 70 84 13 20 34 2 3 1 0 13 35 25 2 0 2 2 9 91 87 27 1 0 0 0 9 124 54 2 21 0 0 0 0 12 8 21 
0 7 3 5 33 78 1 0 0 44 108 26 26 19 0 0 0 20 118 32 3 1 0 0 7 32 50 7 3 0 0 2 57 42 4 9 22 14 24 19 97 118 118 45 0 1 25 60 0 10 118 118 35 28 23 4 1 4 54 86 40 11 1 2 117 5 0 0 0 1 37 42 118 25 2 1 3 1 36 99 4 8 4 14 75 97 45 8 0 0 4 14 34 118 20 0 62 26 9 1 0 1 1 13 118 16 2 1 4 16 36 77 3 4 2 5 79 94 37 7 0 0 0 14 44 53 5 0 
35 13 7 0 1 5 10 33 52 78 39 22 3 1 0 2 0 7 64 119 11 0 0 0 0 22 55 36 7 0 0 0 119 19 3 0 0 0 0 55 119 119 45 30 25 0 0 17 4 13 98 69 44 4 9 10 1 8 69 87 42 19 13 5 119 18 24 7 0 0 0 41 119 29 0 1 32 48 93 119 1 1 0 1 53 119 119 14 2 1 1 6 28 94 119 14 4 5 55 54 0 0 0 8 5 17 29 19 10 16 54 56 0 0 1 7 53 56 78 2 4 0 0 1 3 16 46 15 
5 22 30 4 1 0 0 1 8 26 121 7 0 0 0 1 2 2 76 32 3 4 1 0 14 5 9 11 0 1 1 2 99 34 18 0 0 0 0 43 131 63 131 20 0 3 0 44 1 1 131 131 27 38 9 0 10 1 23 127 57 7 1 7 88 85 0 0 0 0 0 17 131 46 5 0 24 37 2 75 6 6 9 17 85 131 41 9 1 4 25 66 60 32 10 1 30 51 0 0 0 0 18 26 35 22 0 0 17 29 102 61 1 4 1 1 47 94 83 19 0 3 5 4 4 60 51 9 
14 15 0 0 1 14 18 3 37 124 52 11 4 6 1 0 31 28 34 50 17 4 5 9 1 2 11 67 59 3 1 0 107 28 1 4 0 1 4 6 127 104 51 52 3 0 1 25 5 21 127 126 16 19 14 4 1 13 58 110 79 15 5 0 77 2 0 0 0 2 9 33 127 1 2 2 0 56 62 127 7 0 18 13 5 127 127 27 0 0 3 9 77 44 83 35 15 1 0 0 1 4 4 20 31 0 0 0 0 46 62 77 0 0 0 0 1 72 72 13 0 0 0 0 2 6 50 40 
21 7 14 9 6 3 4 10 23 95 47 20 4 1 0 0 3 30 51 127 9 0 0 0 10 54 29 13 0 0 0 0 127 25 25 6 1 0 0 18 76 127 79 19 1 0 0 0 5 64 127 127 15 2 0 0 0 51 121 54 4 0 0 0 127 18 5 16 2 0 1 37 127 83 10 5 7 46 9 102 17 18 31 48 34 77 24 57 2 3 21 66 52 13 2 10 32 15 10 17 1 0 2 13 106 1 1 0 5 28 18 108 13 0 0 3 7 37 27 91 9 0 0 13 50 35 9 48 
36 45 5 0 0 0 0 9 23 56 46 1 3 1 0 2 0 18 108 27 11 2 0 0 0 5 79 19 3 1 0 0 126 50 3 0 0 0 0 38 102 126 126 2 0 0 1 21 2 39 126 72 16 6 2 2 0 1 56 120 54 9 0 0 126 23 3 0 0 0 0 56 126 34 8 1 0 6 27 123 5 5 16 24 24 74 80 19 1 1 13 68 24 22 23 3 84 15 1 0 0 0 2 31 107 6 0 0 0 4 48 107 8 1 3 0 4 43 96 16 1 3 8 0 3 47 64 3 
79 17 4 2 0 0 0 6 56 121 55 7 0 0 0 1 14 60 22 23 24 3 0 3 6 0 3 51 66 3 0 5 114 24 11 1 0 0 0 19 125 70 16 7 2 2 2 44 15 23 23 77 77 19 6 6 2 0 3 45 95 16 9 2 44 1 4 0 0 2 21 55 125 1 0 0 1 21 98 125 8 1 0 6 26 125 125 33 0 0 0 4 47 109 109 7 4 0 0 0 0 8 38 43 3 0 0 0 0 39 125 52 2 0 0 0 0 63 125 20 1 0 0 0 1 30 81 13 
39 11 4 0 0 0 0 0 18 36 90 13 0 0 0 0 2 28 128 15 0 0 0 0 0 7 78 34 0 0 0 0 102 19 1 1 0 0 0 0 128 128 102 18 0 0 0 1 3 34 128 100 7 0 0 0 5 17 85 66 3 0 1 12 84 17 3 14 2 0 0 10 128 27 8 13 3 24 19 124 12 4 9 64 28 107 84 26 2 0 1 30 36 31 50 26 13 1 3 23 13 0 0 6 72 0 1 1 1 23 34 122 0 0 0 0 3 109 107 26 0 0 0 0 2 27 94 11 
107 32 0 0 0 0 2 18 40 41 11 4 14 19 7 14 1 19 30 86 93 1 0 0 0 0 9 56 45 0 0 0 123 1 0 0 0 0 1 79 126 67 6 2 0 1 4 58 18 42 49 126 63 55 17 4 0 0 24 107 56 71 5 0 91 0 0 0 0 1 7 60 104 8 0 0 0 23 126 126 12 8 2 9 11 126 126 20 3 4 0 3 20 126 36 1 20 0 0 0 0 4 20 14 3 0 0 0 0 27 105 12 3 3 0 0 0 23 77 9 14 43 1 0 0 3 6 5 
26 89 25 7 30 14 0 2 12 93 120 82 0 0 0 3 4 23 90 91 16 0 0 0 14 14 0 6 9 5 2 1 120 40 1 0 10 7 0 20 119 59 43 38 8 2 6 31 2 7 36 120 120 4 2 2 5 4 0 20 62 7 5 3 120 5 0 0 8 7 8 79 65 6 0 0 5 15 58 120 6 0 0 9 120 120 33 28 6 7 5 4 60 29 1 0 13 8 1 1 1 4 11 52 3 0 0 0 1 41 109 103 15 6 0 0 5 107 99 19 15 3 0 1 2 24 4 7 
5 17 11 8 18 2 0 0 4 120 102 18 14 3 0 0 1 32 103 100 2 1 0 0 4 7 14 55 11 3 0 0 63 35 2 3 9 5 3 6 120 120 37 32 4 0 0 19 4 10 79 120 74 2 0 0 13 3 10 77 120 0 0 1 52 7 3 3 3 1 3 26 120 2 3 3 1 5 32 120 8 1 6 34 102 47 70 41 13 6 0 43 120 51 3 2 5 10 1 4 13 4 1 6 13 0 0 1 9 21 73 81 0 0 0 1 7 75 120 56 22 3 0 1 23 108 39 10 
5 37 15 1 17 16 0 1 3 119 124 3 15 5 0 0 3 77 124 6 0 0 0 0 1 31 87 12 0 0 0 0 55 63 7 0 1 16 27 45 124 109 53 0 0 0 5 89 33 24 109 29 13 22 4 4 1 14 65 26 5 5 5 7 104 12 1 1 27 50 21 34 124 66 0 0 0 20 58 70 25 8 0 0 8 120 86 15 13 2 1 0 5 24 39 47 52 1 0 0 22 13 4 22 63 2 0 0 0 11 124 75 5 0 0 0 0 22 124 84 22 0 0 0 6 7 10 67 
95 14 0 0 0 0 1 31 91 62 5 2 0 1 1 4 11 4 3 17 21 45 10 4 0 0 7 25 7 25 29 1 121 32 1 0 0 0 2 33 121 54 9 18 2 3 31 32 0 0 3 89 88 24 19 11 0 0 0 10 80 106 31 0 121 9 10 10 0 0 8 77 52 0 0 0 5 67 121 104 0 0 0 18 91 42 121 121 0 0 0 3 121 115 24 2 15 3 3 29 2 1 9 36 5 0 2 22 39 40 64 43 0 0 17 45 14 20 121 47 0 0 2 5 21 35 54 5 
57 38 7 0 0 2 4 5 40 128 50 26 5 0 0 0 6 22 36 125 48 5 0 0 38 40 17 10 1 1 3 5 128 10 0 0 0 0 0 34 128 57 8 16 6 5 5 30 5 8 75 128 32 22 21 6 11 5 45 47 67 64 22 11 118 20 0 0 0 0 0 52 116 1 0 0 0 28 103 128 0 0 4 2 5 128 128 10 1 0 1 2 33 128 57 12 19 13 0 0 1 0 1 10 2 1 0 1 9 23 71 45 0 0 0 0 3 60 89 4 0 0 0 0 0 12 22 5 
5 10 6 3 1 0 2 3 1 38 95 35 4 0 0 0 0 5 128 37 0 0 0 0 3 5 54 23 0 0 0 0 99 30 1 0 0 0 6 19 128 128 114 5 0 0 0 9 6 14 128 107 7 4 2 3 0 0 58 128 75 4 0 0 128 6 0 0 0 0 0 23 128 17 1 2 7 13 4 76 12 5 8 16 33 128 75 13 0 0 4 48 60 74 65 10 30 18 3 0 0 0 0 14 65 13 6 0 4 16 32 128 9 9 17 23 47 80 33 24 0 0 7 31 9 14 22 12 
12 5 0 0 3 20 15 15 48 77 20 7 6 22 11 4 21 18 34 119 28 2 2 2 34 13 3 39 23 0 0 1 79 27 3 2 0 6 17 8 123 123 69 57 1 2 2 15 6 31 123 123 43 10 12 2 39 15 35 114 70 3 2 6 82 3 4 2 1 3 7 27 123 8 9 8 0 59 52 123 5 4 41 18 21 123 123 21 4 1 3 28 108 36 50 20 13 0 0 0 1 5 6 16 36 1 0 0 0 55 65 90 0 0 0 0 1 76 87 22 1 0 0 0 4 13 51 29 
2 17 5 14 25 2 0 0 6 122 31 6 1 0 0 0 1 45 40 22 33 13 2 0 23 17 7 16 8 7 3 1 84 25 1 2 9 15 19 17 122 122 49 24 11 0 0 11 0 16 25 122 122 13 3 3 71 7 0 10 25 9 7 47 105 0 0 0 0 4 12 48 122 15 1 7 5 24 100 122 0 1 0 60 122 122 95 9 76 6 0 8 42 51 5 41 7 0 0 0 0 10 9 25 8 0 0 0 0 26 122 72 0 0 0 0 0 83 111 11 66 2 0 0 0 11 7 16 
8 28 36 3 0 0 0 0 5 27 136 11 0 0 0 0 2 2 103 31 1 2 0 0 2 0 21 26 2 2 0 0 94 29 13 0 0 0 0 50 136 62 136 26 1 0 0 47 4 3 136 114 11 18 5 0 0 0 58 136 52 9 2 0 82 64 1 0 0 0 0 19 136 39 9 2 10 24 8 66 15 3 17 14 59 136 56 8 1 4 10 39 75 62 40 1 23 81 3 0 0 0 8 9 70 39 0 0 17 16 42 51 6 5 0 3 101 77 30 13 6 15 9 6 4 13 16 9 
45 35 0 0 0 2 3 1 55 131 67 28 5 0 0 0 14 15 44 70 21 3 10 10 1 6 25 29 37 7 9 6 131 18 3 1 0 0 0 11 131 46 25 34 6 2 3 39 13 13 125 131 17 33 19 2 0 20 89 53 42 26 15 0 102 0 0 0 0 2 5 40 131 1 1 0 0 61 78 105 11 1 7 8 3 131 131 18 0 0 1 2 31 41 110 55 23 0 0 0 0 2 2 33 25 0 0 0 0 54 64 69 0 0 0 0 0 71 62 9 0 0 0 0 1 2 38 53 
0 18 65 16 17 2 0 0 0 47 115 19 1 0 0 0 0 30 115 70 9 0 0 0 2 0 4 42 17 1 1 1 44 52 46 10 6 11 3 5 25 115 115 6 4 7 0 0 1 54 89 115 115 26 1 0 0 5 9 88 115 2 0 0 99 23 0 0 0 9 10 44 91 79 0 0 21 67 3 58 1 5 1 11 102 115 29 4 2 34 80 36 110 13 1 0 28 2 0 0 10 30 18 58 50 0 0 0 15 84 12 115 23 0 0 1 18 97 29 21 36 19 15 5 2 6 10 18 
12 36 20 1 1 1 1 0 4 68 116 7 0 0 0 1 72 28 116 31 0 0 0 10 58 13 9 4 2 1 19 29 116 51 6 0 0 0 0 12 116 111 116 25 2 0 0 49 3 8 108 116 44 3 1 5 3 3 10 56 43 15 41 6 116 43 5 1 0 0 0 17 116 12 3 11 1 0 11 116 2 0 7 98 22 34 71 80 0 0 5 116 37 42 58 1 50 21 14 9 1 0 5 24 15 7 3 12 11 4 55 69 0 0 0 9 15 62 93 34 0 0 1 15 12 57 75 0 
2 7 15 20 38 16 10 4 27 96 32 20 18 0 0 1 19 65 22 115 48 0 0 0 13 28 20 54 23 2 0 0 100 10 2 1 3 39 75 41 107 115 31 4 2 5 1 12 25 58 5 59 100 76 0 0 0 9 10 42 100 21 0 0 115 2 0 0 0 7 11 95 115 25 1 0 1 55 80 115 4 7 0 0 29 115 113 6 4 10 3 5 41 53 55 13 17 1 1 2 2 0 3 43 9 0 0 0 0 32 115 78 1 0 0 0 0 55 115 14 17 2 0 0 0 20 65 13 
6 33 15 0 0 0 0 0 9 118 70 14 0 0 0 1 0 8 77 102 0 0 2 0 9 1 1 20 1 1 1 5 126 106 37 4 1 0 0 1 36 126 104 13 7 2 1 6 0 21 76 126 66 33 1 0 19 11 4 126 43 3 0 1 126 11 0 5 9 2 0 39 86 19 5 2 17 14 54 77 0 0 1 9 126 85 37 6 14 6 26 74 44 17 2 6 81 0 0 0 0 1 2 73 28 0 0 0 10 57 83 57 0 0 0 0 12 68 126 5 13 2 7 4 3 15 26 60 
39 6 0 0 3 47 11 19 36 41 23 9 14 12 7 23 0 18 79 113 7 1 0 0 0 20 53 42 11 1 0 0 117 28 0 0 1 14 7 10 112 117 65 0 0 0 0 11 4 56 53 96 38 6 0 0 0 6 40 48 89 65 0 0 117 3 1 1 0 0 1 53 113 16 11 0 0 3 117 117 3 7 4 5 49 117 117 30 2 6 2 3 65 117 2 0 9 0 0 2 3 2 6 15 6 0 0 0 2 14 117 48 0 0 0 0 1 70 117 42 27 11 1 0 2 62 8 1 
47 11 0 0 0 5 7 9 68 48 52 11 2 3 2 31 12 23 67 39 47 11 1 12 38 63 48 10 3 0 0 6 126 17 0 0 0 3 2 14 126 81 99 28 1 3 11 34 1 58 126 41 8 15 9 4 0 54 63 7 12 75 32 0 102 0 0 0 2 4 0 43 126 3 1 1 0 3 99 126 2 1 6 3 25 99 126 92 0 0 0 0 30 126 75 0 32 11 0 0 0 1 0 9 32 14 0 2 9 14 47 56 2 4 0 0 4 37 126 55 2 24 16 1 13 50 22 1 
10 6 14 3 2 4 7 0 89 29 24 51 5 0 0 0 22 6 10 119 30 0 1 14 12 3 2 2 0 0 4 52 45 46 91 5 0 0 1 8 87 119 108 24 4 0 0 0 29 39 11 119 119 3 0 0 16 39 30 29 22 0 0 7 119 20 20 0 0 0 10 114 28 53 63 1 4 34 106 44 19 15 1 26 119 119 51 2 101 28 9 13 34 16 1 2 23 0 0 0 0 1 23 81 1 0 0 0 0 47 119 35 21 0 0 0 5 107 63 8 94 5 0 0 1 4 1 27 
19 1 0 0 37 58 2 7 1 57 61 7 77 42 0 0 0 29 125 26 1 0 0 0 0 1 40 43 12 0 0 0 38 7 0 0 16 57 42 22 125 125 60 2 10 30 10 11 4 37 125 87 10 28 48 11 0 0 28 117 125 9 5 1 61 0 0 17 20 9 24 17 125 10 0 0 11 88 33 79 1 0 0 1 17 118 125 58 0 0 1 8 125 62 52 19 23 0 0 15 34 10 0 10 77 0 0 0 22 51 17 73 0 1 3 0 28 54 43 16 4 1 3 2 8 15 27 15 
6 78 29 15 44 1 0 0 5 95 116 33 0 0 0 0 12 34 73 47 4 0 0 0 14 7 1 5 5 4 4 2 116 91 10 2 25 10 0 31 79 69 116 43 3 1 2 25 2 7 71 116 112 1 1 0 4 1 1 32 49 4 5 3 116 1 0 1 13 3 3 56 113 10 1 1 3 4 61 111 2 1 1 35 116 99 30 26 5 5 2 12 82 31 1 2 20 0 0 0 5 7 13 58 6 0 0 0 0 19 103 115 8 1 0 0 10 116 96 25 14 2 0 0 7 25 9 9 
6 24 8 8 14 2 0 0 11 116 97 22 9 2 0 0 0 25 98 116 5 0 0 0 3 4 16 60 19 1 0 0 82 27 1 1 5 5 3 10 116 104 26 24 3 1 1 30 3 5 55 115 107 12 1 1 13 2 5 50 116 3 0 0 52 4 6 2 6 2 0 29 116 1 1 0 2 7 72 116 3 1 2 23 84 74 102 47 21 13 0 25 116 85 8 1 4 5 3 1 16 9 0 7 4 1 0 0 10 34 79 49 0 0 0 0 4 99 116 43 52 4 0 0 7 75 28 12 
6 0 0 0 0 3 56 27 69 93 3 0 0 0 20 30 20 115 35 1 0 0 0 1 12 22 12 1 0 0 1 5 103 2 0 0 0 17 93 54 153 153 4 0 0 3 10 42 15 51 43 4 3 24 17 2 0 4 12 4 1 5 14 3 153 1 0 0 0 1 8 36 153 8 0 0 0 5 21 131 5 0 0 0 0 28 66 33 0 0 0 0 0 5 42 12 84 0 0 0 0 0 2 26 153 0 0 0 0 0 31 153 1 0 0 0 0 7 99 71 0 0 0 0 0 5 62 15 
0 29 29 6 2 0 0 0 0 110 110 3 1 2 2 0 0 59 110 105 12 0 0 0 0 2 17 44 8 0 2 2 49 99 19 0 0 0 0 12 92 110 72 0 0 4 7 19 7 47 48 110 97 37 20 2 7 21 37 100 59 12 1 1 49 8 0 0 0 12 20 67 110 1 0 0 0 35 66 105 8 1 0 2 74 107 65 9 88 15 1 7 77 62 1 16 6 0 0 0 0 5 21 43 55 3 0 0 0 5 79 94 63 4 0 0 83 44 14 23 77 0 0 0 64 34 0 25 
28 37 15 0 0 1 0 7 17 103 117 6 0 0 0 0 27 27 57 68 5 0 15 40 2 3 7 20 3 1 69 79 117 45 5 1 3 0 0 8 117 81 102 25 21 4 6 36 0 2 44 117 81 13 8 3 0 0 40 117 6 4 40 19 117 21 3 0 0 0 1 47 82 2 0 1 10 6 113 117 0 0 0 11 105 64 116 22 0 0 8 30 22 41 94 47 38 3 0 0 0 0 0 26 14 0 0 2 8 17 59 42 0 0 0 1 14 71 103 5 0 0 0 0 5 48 24 16 
0 23 22 6 2 0 0 0 0 112 110 3 1 2 2 0 1 63 112 106 12 0 0 0 1 5 19 38 7 0 2 1 45 107 17 0 0 0 0 6 89 112 69 0 0 3 5 15 9 52 50 112 101 33 14 1 9 25 39 91 55 8 0 2 50 20 0 0 0 10 16 48 112 6 0 0 0 34 46 100 7 1 0 3 85 112 55 6 92 14 0 8 85 51 0 20 8 0 0 0 0 12 21 38 46 0 0 0 0 10 81 104 55 2 0 0 88 31 21 30 76 0 0 0 75 26 0 28 
38 28 14 0 1 0 0 6 20 84 121 5 0 0 0 0 35 34 75 53 4 0 6 34 6 5 15 14 3 0 37 86 121 41 4 1 3 0 0 5 121 67 115 23 15 3 7 37 0 1 58 121 80 14 7 6 0 0 19 121 14 5 42 39 121 24 4 1 0 0 0 43 94 4 0 1 7 3 99 121 0 0 0 15 100 48 114 40 0 0 10 56 21 35 73 45 38 2 0 0 0 0 0 23 16 0 0 3 7 13 51 50 0 0 0 1 14 59 118 16 0 0 0 0 6 48 43 18 
0 21 44 9 44 17 1 0 0 94 117 8 2 0 0 0 0 32 102 117 25 0 1 0 4 5 1 25 18 0 6 6 69 53 42 5 5 4 8 15 62 117 81 7 14 14 0 0 1 39 44 117 117 45 1 0 2 79 62 56 78 0 0 0 117 11 0 0 5 7 12 49 103 26 0 0 32 73 33 117 7 7 7 12 84 117 40 18 27 62 55 21 30 14 6 15 22 17 0 0 41 29 13 16 51 0 0 0 21 46 40 117 27 7 0 0 21 71 38 24 51 7 0 0 11 21 10 27 
14 30 24 1 4 1 3 2 12 37 117 24 0 2 2 4 117 33 64 23 0 0 1 22 29 8 11 40 8 0 11 13 117 67 10 0 0 0 0 9 117 74 117 71 6 0 0 36 22 13 76 117 47 10 7 12 9 1 1 23 35 23 68 43 117 50 11 17 0 0 0 22 92 12 2 22 4 7 40 117 0 0 0 117 75 58 113 34 0 0 0 77 60 22 39 11 15 6 6 12 10 10 17 30 3 1 1 4 7 14 85 83 2 0 3 41 32 51 101 27 0 0 2 27 11 12 69 22 
7 19 12 26 55 2 0 0 61 59 27 54 8 0 0 6 41 30 62 120 12 0 0 3 21 5 3 22 57 5 1 5 23 13 23 60 32 23 9 11 120 112 34 22 3 4 2 11 49 23 41 120 107 15 0 0 2 2 7 78 84 9 1 1 24 1 0 1 14 120 40 57 120 28 0 0 3 29 30 120 25 4 0 2 91 120 42 21 14 2 2 6 33 100 49 8 6 0 2 4 18 39 3 15 17 0 2 2 0 15 69 120 0 0 0 0 3 120 94 19 27 0 0 0 0 41 23 7 
97 7 0 0 0 0 0 20 45 12 29 36 35 32 6 6 1 30 96 15 8 49 29 1 2 39 56 5 3 7 2 0 128 17 0 0 0 0 0 28 128 54 128 41 5 1 11 57 0 60 128 42 27 24 40 7 0 18 65 34 100 72 1 0 101 40 10 3 0 0 1 21 128 12 4 0 6 34 54 115 0 1 6 1 26 110 128 32 0 0 0 11 68 97 18 1 12 7 8 10 19 5 13 16 50 9 6 4 5 15 53 108 12 6 11 32 31 38 44 16 0 0 0 1 9 49 36 1 
55 7 4 7 1 0 1 43 52 36 110 69 1 0 0 17 0 9 67 91 19 1 0 0 0 3 11 52 32 1 0 0 98 14 5 48 24 1 2 39 126 39 32 25 42 6 0 76 5 0 32 107 126 28 0 1 9 37 27 38 40 17 16 8 34 37 34 35 8 4 39 6 126 38 5 1 11 61 126 59 3 0 8 32 48 126 126 12 5 3 5 14 59 106 51 7 1 0 0 0 1 24 95 4 1 0 0 0 0 34 126 14 10 2 0 0 0 25 101 37 9 11 19 5 12 14 11 8 
49 26 2 1 0 0 0 6 38 44 78 31 0 0 0 10 82 21 38 16 5 1 3 32 4 3 21 58 11 3 1 1 116 51 2 1 0 0 0 1 116 71 116 41 0 0 0 19 24 13 116 98 46 8 6 6 5 1 5 19 32 28 48 9 116 21 0 0 0 0 3 35 116 17 12 2 1 33 107 116 2 0 14 32 95 99 116 71 0 0 0 13 102 36 20 8 69 0 0 0 0 1 3 46 25 0 0 2 30 78 55 33 0 0 2 4 8 32 116 81 0 0 0 1 34 15 20 52 
67 28 6 1 0 0 0 11 34 124 63 0 0 0 0 0 2 124 65 4 0 0 0 0 0 14 59 69 0 0 0 0 124 57 6 11 0 0 0 6 124 93 69 3 0 0 1 36 17 97 87 10 0 0 3 10 6 22 33 68 17 6 1 2 78 13 16 24 0 0 0 25 124 4 2 0 0 0 40 124 10 6 6 2 0 3 124 124 3 1 1 6 20 90 102 13 3 2 10 10 1 0 0 3 4 0 3 3 4 0 45 63 0 1 2 2 0 2 124 62 0 0 0 1 0 37 119 10 
104 31 1 0 0 0 0 13 95 64 25 0 0 0 0 19 18 36 58 20 12 6 1 11 0 0 6 49 101 14 0 0 132 16 0 0 0 0 0 51 132 76 1 0 0 2 12 51 27 15 3 2 12 114 30 22 0 0 0 4 107 132 6 0 56 4 0 0 0 0 39 132 33 11 0 0 0 7 132 132 0 1 0 0 3 132 132 18 2 3 1 0 16 132 11 0 15 14 21 0 0 0 3 27 18 16 15 0 0 0 52 65 9 7 4 1 0 19 62 9 2 3 6 3 2 11 4 0 
0 12 10 6 22 12 0 0 0 61 101 16 18 13 0 0 0 85 132 49 1 0 0 0 0 7 39 64 0 0 0 0 33 53 7 5 9 4 1 0 68 132 89 4 2 0 0 0 2 83 129 132 45 0 0 0 0 0 68 132 8 0 0 0 114 16 0 2 2 2 1 26 132 57 2 2 3 0 0 41 23 16 52 70 36 5 0 4 0 0 38 87 70 14 0 0 50 0 3 3 4 1 0 28 132 1 0 0 0 0 7 132 21 6 7 4 15 38 47 61 0 0 0 15 65 30 2 2 
39 7 0 0 1 11 10 8 76 34 28 27 14 3 1 31 42 25 26 52 40 4 0 12 34 19 15 53 22 0 0 5 124 22 0 0 2 5 6 10 124 105 115 43 3 2 3 22 10 68 124 48 13 15 6 2 11 46 60 39 31 43 13 0 115 1 0 0 4 5 0 42 124 11 10 8 0 0 73 124 0 6 28 8 26 124 93 52 0 0 1 1 17 124 98 0 35 7 0 0 0 1 1 9 31 9 0 0 7 13 61 81 8 21 8 1 9 71 106 47 2 29 55 1 6 35 23 0 
5 113 33 8 9 0 0 0 1 89 113 26 0 0 0 0 5 27 113 47 2 0 0 0 14 1 3 24 4 1 1 3 108 113 11 4 11 1 0 35 47 66 113 25 1 0 2 22 3 16 98 113 60 1 1 0 2 0 1 88 79 0 2 1 113 4 0 0 2 0 0 65 113 14 0 0 1 1 49 62 7 4 1 29 98 40 34 23 0 0 0 30 113 48 0 0 50 0 0 0 0 0 11 61 12 0 0 0 0 1 101 92 2 0 0 0 11 113 78 43 4 0 0 0 20 90 13 3 
4 22 7 1 1 0 13 6 1 80 84 1 2 1 2 0 0 24 114 42 0 0 0 0 0 0 19 76 12 2 5 0 114 51 2 0 0 0 4 25 101 114 66 1 1 0 2 15 1 25 114 46 27 19 8 4 0 0 13 114 77 38 4 0 114 41 0 0 0 0 1 96 94 33 1 0 1 24 55 66 1 0 1 1 51 60 109 21 0 0 0 5 89 107 9 0 35 9 17 1 0 0 6 105 8 2 10 4 0 34 113 114 0 0 1 0 2 46 114 8 0 0 0 0 16 62 48 0 
18 65 10 2 6 1 0 0 14 116 88 25 7 0 0 0 0 11 81 116 10 0 0 0 0 0 19 70 40 0 0 0 116 37 0 0 0 1 0 17 116 51 24 17 8 4 1 19 1 1 45 69 95 27 1 0 1 0 2 37 116 18 0 0 92 0 2 1 4 1 2 74 71 1 1 0 2 14 101 116 1 0 1 21 62 73 73 38 7 6 0 28 116 102 6 0 8 2 0 0 9 10 6 19 3 0 0 0 3 25 116 61 0 0 0 0 2 105 116 56 25 4 0 0 7 100 33 10 
67 5 0 6 21 51 20 49 6 24 47 17 66 105 10 2 24 61 58 4 5 12 11 17 2 12 8 10 73 8 3 2 89 51 4 1 1 26 36 21 65 118 118 13 4 25 9 5 0 46 118 53 44 18 3 1 0 5 26 46 118 12 0 0 118 37 7 1 6 39 22 43 114 50 2 1 0 34 117 100 7 1 8 11 33 118 45 27 0 0 15 27 82 60 3 1 17 3 0 0 3 15 27 32 68 7 0 0 0 37 69 100 22 1 0 0 0 109 66 39 5 1 0 0 13 39 7 12 
33 48 27 21 11 0 0 0 31 58 106 80 12 0 0 0 20 37 116 82 32 0 0 3 29 4 7 14 21 28 0 6 75 54 35 7 0 0 0 5 98 100 91 25 0 1 3 1 5 48 62 121 121 38 5 0 9 16 32 75 62 18 0 1 79 15 0 0 0 9 35 79 85 19 6 0 1 70 71 78 16 5 1 7 60 121 52 4 121 41 20 42 24 44 5 35 16 2 0 0 0 7 31 70 20 1 1 1 17 53 23 121 16 13 23 22 37 80 5 2 50 18 5 4 3 4 10 46 
8 22 13 1 10 11 15 5 2 63 101 16 5 2 1 0 68 36 91 75 5 0 1 16 63 10 29 32 8 0 0 18 58 55 21 4 12 3 5 19 115 128 63 11 3 0 4 25 23 77 63 128 106 2 2 5 83 8 7 64 30 1 8 32 67 15 14 5 36 12 11 19 128 41 4 0 1 1 74 128 1 3 0 46 90 77 124 49 7 2 0 28 56 47 39 16 29 18 8 0 1 5 14 9 12 7 4 0 1 14 54 58 2 0 0 1 23 83 113 26 25 2 0 0 5 47 45 29 
4 10 24 17 15 8 3 1 8 53 124 31 13 3 0 0 7 20 70 71 19 3 0 0 0 2 32 20 14 5 2 0 63 13 11 16 36 25 6 15 124 83 55 46 2 5 4 18 1 3 26 124 124 45 4 0 5 8 8 17 59 43 25 4 71 2 0 1 94 58 12 54 124 9 0 1 3 78 124 124 0 1 1 20 121 124 100 4 20 27 8 7 51 33 19 8 5 0 3 1 41 44 18 22 8 1 3 1 6 16 103 77 2 6 5 4 7 48 84 14 9 10 3 3 3 26 25 6 
6 61 45 3 0 0 0 0 1 82 122 25 0 0 0 0 1 31 122 35 0 0 0 0 3 9 100 34 6 0 0 0 102 107 28 2 0 0 0 16 50 122 75 68 3 0 0 22 5 13 56 122 45 9 7 4 12 12 26 27 32 26 16 3 122 53 1 0 15 11 11 31 74 10 10 17 19 16 30 122 13 1 8 57 122 80 4 41 57 26 2 23 48 15 4 8 29 35 3 45 59 13 6 0 71 4 7 32 20 25 25 114 21 0 0 0 47 122 27 41 36 1 0 3 7 28 13 48 
14 35 53 24 3 5 1 0 0 28 121 49 1 1 0 0 0 20 121 68 6 0 0 0 0 0 19 67 27 0 0 0 77 49 4 4 1 13 12 12 44 121 71 5 1 15 0 3 0 57 99 86 82 53 8 0 0 0 5 103 121 9 1 0 61 15 0 0 7 33 27 83 112 33 0 0 6 79 23 121 7 3 0 2 45 121 66 8 2 12 59 30 121 27 7 2 56 2 0 0 11 32 8 30 81 5 0 0 5 73 33 68 33 4 0 0 5 81 46 19 43 18 22 4 4 5 16 15 
15 72 27 0 0 0 0 0 7 109 121 7 1 0 0 0 57 36 118 19 10 3 5 16 12 2 3 6 23 20 44 12 121 70 8 0 0 0 0 28 83 91 88 51 8 0 1 57 0 2 53 121 61 9 6 3 0 0 10 94 40 21 22 5 121 34 1 0 0 0 0 38 70 5 3 13 1 3 47 121 0 0 12 63 27 121 103 34 1 0 7 63 23 99 83 2 72 20 6 2 1 0 10 27 10 4 3 15 9 16 72 46 0 0 7 28 25 77 58 18 0 0 20 44 8 33 35 2 
24 41 10 11 3 0 1 7 57 41 47 99 6 0 1 8 32 25 89 117 2 0 0 4 20 7 7 32 39 0 1 5 22 43 30 36 8 7 5 16 117 74 43 28 5 0 0 4 21 11 59 117 107 10 0 0 11 6 10 61 59 6 2 2 48 9 4 1 4 51 27 117 98 38 4 0 7 17 32 117 17 1 0 2 113 117 33 9 4 0 0 3 28 98 61 6 9 0 0 0 1 11 8 79 3 0 0 0 0 25 117 117 0 0 0 0 5 117 98 9 0 0 0 0 3 51 34 3 
0 22 28 7 3 0 0 0 0 94 113 3 1 3 3 0 2 46 113 89 9 1 0 0 2 3 11 29 5 1 4 4 47 106 24 0 0 0 0 8 81 113 105 2 0 3 5 13 7 46 68 113 101 24 12 1 4 18 47 104 47 4 0 1 57 12 0 0 0 10 16 65 113 5 0 0 0 34 56 92 6 0 0 7 86 107 63 6 77 19 4 13 76 55 0 14 10 0 0 0 0 6 20 50 51 0 0 0 0 7 85 104 51 0 1 1 85 42 17 24 87 2 0 1 60 32 0 21 
15 25 11 0 1 2 4 8 18 104 104 2 0 1 0 0 31 37 59 52 3 0 17 37 2 4 8 20 2 1 69 67 114 43 6 1 3 0 0 13 114 114 114 16 13 1 6 33 0 7 71 114 72 8 7 3 0 0 50 114 7 4 39 13 114 20 3 1 1 0 0 38 114 2 0 0 7 4 94 114 0 0 0 15 96 47 114 20 0 0 8 19 35 52 92 27 39 4 0 0 0 0 0 22 18 0 0 2 4 13 52 62 0 0 0 2 14 66 109 6 0 0 0 0 9 61 27 5 
50 11 0 0 0 3 2 13 52 86 82 0 0 2 4 7 15 35 127 4 2 6 2 6 0 63 70 3 2 6 0 0 127 16 0 0 1 2 1 9 127 106 48 0 1 3 4 24 12 30 127 15 11 33 11 7 6 24 51 4 12 14 3 4 121 0 0 0 0 1 0 38 127 4 0 0 1 9 93 127 9 2 0 0 5 56 127 60 8 1 1 0 11 75 118 26 31 2 0 0 0 0 0 24 34 6 2 1 2 5 67 64 0 0 0 0 1 14 127 19 0 0 0 0 0 19 119 6 
49 11 0 0 0 5 4 9 65 73 79 1 0 0 5 12 14 26 111 14 12 11 3 7 0 72 83 10 7 3 0 0 128 16 0 0 1 3 1 11 128 97 68 6 3 8 7 36 8 23 128 22 8 20 10 9 3 41 44 1 18 71 16 1 105 0 0 0 0 3 1 41 128 1 0 0 1 10 108 128 8 0 0 0 4 40 128 98 2 0 0 0 47 128 53 5 32 9 0 0 0 0 0 11 32 14 1 2 8 8 51 47 0 0 0 0 2 12 128 36 0 0 0 0 6 50 62 6 
1 38 119 0 0 0 0 0 9 62 133 6 0 0 0 3 89 47 81 15 0 0 0 16 45 10 0 0 0 0 0 0 98 118 117 0 0 0 0 3 48 91 133 43 0 0 0 7 11 18 133 133 4 0 0 1 35 12 14 55 1 0 0 0 133 23 0 0 0 0 0 15 104 6 1 3 0 0 0 43 17 0 3 131 49 4 0 20 2 2 14 133 31 3 0 0 117 0 0 0 0 0 0 23 64 0 0 0 0 0 0 22 21 0 0 16 23 4 4 25 0 0 0 52 26 4 0 0 
0 0 0 0 0 0 44 7 17 58 1 0 0 0 33 11 16 132 31 2 0 0 1 2 0 50 24 3 0 0 0 0 77 13 0 0 0 18 93 39 132 132 1 0 0 2 12 17 5 125 41 4 0 25 17 1 0 13 20 1 3 30 22 0 132 4 0 0 0 6 14 74 132 36 0 0 0 9 45 101 1 3 0 0 0 50 99 7 0 0 0 0 0 26 61 0 106 0 0 0 0 0 0 41 127 0 0 0 0 4 88 129 0 0 0 0 0 24 132 22 0 0 0 0 0 35 118 0 
110 19 1 2 0 0 0 3 65 56 13 1 8 0 0 1 10 5 1 53 134 0 0 0 0 0 6 37 60 0 0 0 134 2 0 2 5 1 0 30 134 21 16 13 7 0 0 29 5 4 11 109 134 0 0 1 0 5 19 47 85 0 0 0 134 1 0 0 1 2 4 27 134 12 2 5 3 1 0 42 25 1 2 77 134 10 2 11 0 1 6 60 106 1 0 0 94 1 0 0 0 0 1 44 134 19 0 0 1 4 0 49 9 2 0 3 134 37 1 3 0 0 1 14 78 10 2 0 
60 11 2 0 0 0 1 15 137 53 0 2 5 1 0 3 3 7 0 35 135 25 0 0 0 0 0 43 110 4 0 0 107 1 0 1 0 1 7 46 137 16 0 8 23 1 2 57 5 2 0 24 137 21 2 4 0 1 4 15 137 7 0 0 105 0 0 0 0 3 18 39 137 1 0 0 6 6 11 74 5 0 0 18 137 24 15 12 5 2 1 15 137 2 1 1 85 1 0 0 0 0 3 35 137 4 0 0 9 10 2 28 1 0 0 0 71 61 16 0 1 0 0 1 101 22 1 2 
87 5 0 0 0 2 0 27 129 15 12 73 62 0 0 26 4 51 96 73 44 3 0 0 2 25 46 31 3 0 0 0 129 8 0 0 0 0 1 12 129 24 20 42 9 4 11 25 2 25 116 59 32 41 12 1 4 30 36 28 34 47 16 4 97 3 0 0 0 0 6 33 129 3 0 0 0 18 108 129 4 2 1 0 6 129 129 22 3 2 0 0 5 109 101 19 16 39 7 0 3 2 1 5 15 10 3 0 5 67 45 33 9 0 0 0 0 98 57 23 13 7 0 0 0 10 20 18 
11 10 0 0 0 0 0 4 10 65 92 2 0 0 0 2 28 45 114 9 0 0 1 12 9 18 20 65 15 0 0 1 108 32 0 0 0 0 0 6 130 130 116 12 0 3 10 9 4 33 130 123 11 19 24 1 0 15 54 99 16 4 1 2 130 4 0 0 0 0 0 28 130 21 0 0 0 30 76 130 2 1 1 16 10 83 130 8 0 0 0 9 16 30 64 22 40 0 0 0 0 0 0 20 72 0 0 0 0 6 33 106 0 0 0 0 4 43 73 11 0 0 0 0 1 13 42 27 
33 51 37 1 0 0 0 3 3 78 119 38 0 0 0 0 0 6 119 61 2 0 0 0 52 20 56 26 4 0 0 5 119 69 6 0 0 1 1 19 74 89 46 65 8 1 4 66 5 9 47 115 82 18 8 4 34 15 30 27 25 12 11 12 119 85 0 19 37 11 8 9 71 3 4 23 39 28 35 119 29 3 2 18 119 95 16 52 42 13 18 23 61 12 8 24 105 14 0 30 30 8 22 54 31 0 6 67 43 40 45 46 14 0 0 0 11 96 76 38 29 0 0 8 21 10 19 80 
53 2 0 0 0 9 30 27 131 12 9 52 74 4 3 38 3 45 65 59 57 5 2 3 1 15 52 42 5 0 0 0 112 6 0 0 0 0 1 11 131 35 30 50 9 0 6 28 1 23 131 92 34 37 13 3 2 32 67 29 16 56 15 7 80 9 0 0 1 0 3 26 131 10 0 0 0 34 98 131 2 1 2 3 9 131 131 28 1 4 0 1 10 131 75 14 14 56 10 2 7 5 0 1 14 14 5 1 11 92 42 20 21 4 0 0 0 59 54 36 11 10 2 1 10 13 11 8 
8 4 0 1 4 0 0 0 35 107 48 9 0 0 0 2 3 28 131 45 1 1 1 0 1 3 108 42 4 3 0 0 62 17 0 0 4 4 2 1 131 131 30 6 1 0 0 8 32 74 131 27 1 2 4 21 14 21 131 58 14 10 6 8 73 2 0 0 0 0 2 17 131 8 1 1 3 4 5 131 54 16 1 3 6 25 53 54 17 4 1 2 13 77 118 22 15 1 1 1 0 0 0 8 65 0 0 0 0 0 27 131 3 0 0 0 0 42 131 58 11 0 0 0 0 62 64 17 
98 14 0 0 0 0 0 7 61 16 22 38 40 17 1 3 0 14 92 30 24 34 16 0 2 54 63 2 0 4 3 0 130 15 0 0 0 0 0 22 130 42 124 41 3 0 4 59 0 68 130 34 6 8 28 17 0 29 130 38 77 45 5 0 95 33 3 0 0 0 0 18 130 12 5 0 6 18 17 117 5 7 11 1 16 69 130 56 0 0 1 3 72 115 41 10 21 23 4 0 1 0 10 18 71 9 0 0 10 19 40 101 3 1 1 6 34 54 35 31 0 0 0 0 8 36 22 11 
49 11 2 0 0 6 6 11 51 29 32 37 22 1 0 31 44 27 24 44 33 1 0 14 21 16 13 67 31 0 0 4 123 36 5 0 0 2 4 15 122 73 123 58 7 1 4 21 11 72 123 44 13 15 4 3 8 41 50 62 38 37 9 1 123 2 0 0 1 3 1 70 110 7 19 9 1 6 90 123 0 8 29 8 16 123 89 36 0 0 2 2 20 123 98 0 39 7 0 0 0 1 1 15 18 5 0 0 4 17 73 90 6 28 12 2 7 80 94 39 1 21 59 2 2 30 29 0 
14 75 28 0 0 4 20 15 48 61 38 42 9 1 8 39 1 2 20 123 95 0 0 0 58 2 3 28 26 0 1 28 27 43 31 0 0 18 45 27 123 40 13 17 5 3 12 78 27 8 20 123 89 36 0 8 10 2 8 77 98 38 7 26 34 41 21 0 1 31 46 26 123 54 8 1 5 21 119 70 20 9 1 6 93 123 109 8 0 0 3 14 75 88 19 5 2 0 0 5 4 14 47 11 5 0 0 2 4 17 123 35 0 0 2 3 1 73 123 2 0 0 0 1 1 16 37 7 
21 20 28 3 1 0 0 4 20 28 124 37 0 0 0 2 5 3 58 65 2 5 3 0 9 8 9 8 0 0 1 0 106 33 6 0 0 0 0 36 124 43 124 53 1 7 2 60 5 1 120 124 71 41 18 0 23 9 12 78 44 2 0 22 69 112 3 1 0 0 3 19 124 64 0 0 35 42 46 72 3 4 4 32 94 124 68 11 8 4 19 82 45 34 11 10 17 3 22 15 0 2 9 23 10 1 16 21 6 26 107 60 0 1 8 28 14 55 124 19 0 0 0 3 4 60 53 4 
9 7 0 0 8 23 14 16 62 75 24 7 7 16 10 4 22 12 45 109 40 4 2 2 55 12 7 38 19 0 0 2 90 34 1 1 1 10 19 8 122 122 79 57 0 2 2 11 5 40 122 104 44 28 10 2 32 5 27 96 78 12 2 11 103 7 5 2 0 3 3 30 122 9 10 6 0 97 35 122 1 3 25 8 23 122 122 16 10 0 0 13 84 42 56 16 15 0 0 0 0 7 6 22 35 0 0 0 3 77 57 91 0 0 0 0 5 81 63 10 6 0 0 0 1 9 42 20 
60 52 23 0 0 0 0 5 37 66 118 16 0 0 3 30 57 58 54 20 40 6 1 10 1 5 5 15 89 16 0 0 118 49 50 12 6 0 0 16 118 61 93 18 0 0 5 30 2 17 89 82 85 6 1 3 25 9 2 82 118 5 0 2 62 10 21 12 19 50 29 62 85 11 3 2 0 3 85 118 1 0 12 19 37 88 118 54 5 0 1 76 75 34 54 21 45 0 0 0 0 6 10 20 40 0 0 1 3 34 52 48 1 0 0 0 3 93 111 11 23 0 0 5 2 12 35 57 
7 25 11 5 5 9 3 4 8 38 93 55 53 3 0 2 1 47 124 45 58 23 3 0 3 43 15 3 19 43 7 0 94 13 1 0 1 44 37 51 110 55 91 20 4 2 13 78 5 11 124 49 124 67 2 6 15 68 60 22 76 34 5 6 118 25 0 0 9 21 10 46 124 6 0 0 2 63 84 124 14 8 12 2 53 124 79 20 74 23 10 2 9 32 38 45 53 24 1 0 1 6 12 12 12 30 11 0 2 57 55 10 4 31 60 8 8 49 17 2 13 15 11 6 5 4 8 7 
35 6 6 26 10 1 2 49 67 26 83 65 6 0 2 34 28 8 11 22 34 28 79 36 4 1 2 1 17 17 29 14 118 67 72 26 3 0 0 12 118 84 118 84 1 5 9 3 8 4 44 118 118 19 17 7 61 15 8 35 26 1 6 19 65 40 33 4 0 2 13 47 58 21 3 2 5 77 118 60 1 0 1 67 101 107 118 8 25 3 1 44 56 7 6 25 6 1 3 15 12 5 8 12 0 0 1 42 42 37 118 12 0 0 3 11 9 21 110 58 5 0 0 6 25 9 24 25 
12 9 15 6 19 10 5 1 32 46 25 51 18 3 2 0 16 7 72 117 13 0 0 15 80 17 14 10 0 0 0 19 59 6 3 4 33 58 8 10 126 98 88 28 4 8 0 23 4 31 126 126 20 14 0 1 20 19 36 81 25 10 1 3 54 28 43 41 24 12 1 2 126 32 20 5 3 14 37 126 7 2 22 14 53 126 64 81 1 0 0 17 48 90 53 38 8 25 49 60 39 4 0 0 19 5 7 18 75 52 40 73 19 4 0 4 69 98 56 63 11 6 0 1 20 48 21 39 
12 37 53 4 0 0 0 0 3 121 99 6 0 0 0 0 0 18 50 82 20 0 0 0 0 0 0 15 26 4 5 3 121 64 43 0 0 0 0 78 28 107 121 25 0 1 12 45 0 2 76 121 97 33 4 1 8 15 0 63 101 10 0 0 121 20 0 0 1 0 5 83 39 5 2 0 5 20 121 121 0 0 1 12 78 121 100 23 7 5 0 11 53 70 26 17 82 25 0 2 6 0 0 1 23 9 1 26 46 15 34 11 11 8 0 21 82 33 24 12 5 0 0 3 42 12 10 23 
8 20 24 6 0 1 0 0 1 30 126 22 1 2 0 2 6 9 91 45 15 3 6 22 0 0 0 4 14 27 19 4 107 45 11 0 0 0 0 36 55 126 104 17 2 4 0 2 0 16 80 126 126 33 0 0 0 0 44 103 48 16 6 1 126 26 0 0 0 0 6 40 126 36 0 1 3 76 91 45 0 1 5 26 104 126 25 3 5 6 41 30 22 23 9 25 30 4 0 0 0 0 69 47 10 0 0 0 0 26 126 53 1 0 8 11 12 22 72 96 3 6 43 10 1 0 16 22 
10 14 14 28 12 0 0 0 94 69 26 13 5 7 0 4 45 17 30 19 10 14 4 14 23 3 0 0 51 34 0 5 68 55 22 12 9 14 1 11 74 124 108 31 0 0 1 14 6 22 124 124 35 3 1 1 3 3 7 41 124 56 0 0 124 11 1 1 2 10 1 47 105 24 3 3 0 2 66 124 0 1 10 59 55 70 124 30 0 0 0 62 124 40 29 0 27 6 3 2 0 0 1 17 17 0 0 0 0 32 69 63 0 0 0 0 1 89 124 9 0 0 0 0 37 34 53 5 
89 12 18 15 0 0 0 41 21 13 91 119 3 0 0 3 0 11 119 105 5 0 0 0 13 8 32 34 8 1 0 6 119 17 4 4 3 1 3 52 89 69 41 40 12 8 8 36 2 36 71 102 107 23 4 0 11 0 9 108 86 8 1 14 119 27 11 14 1 0 4 34 102 64 2 0 3 118 65 39 2 8 0 4 39 119 119 0 7 10 13 25 26 44 51 11 18 5 9 9 9 3 15 22 7 0 1 1 12 67 115 42 11 5 0 4 13 58 38 5 28 25 9 0 0 1 5 4 
31 16 0 2 23 11 3 23 18 21 38 73 11 3 13 14 2 6 35 45 4 18 18 7 3 5 12 34 9 4 0 3 106 95 0 0 10 12 3 13 49 119 81 64 0 0 10 10 0 13 119 119 10 5 14 4 0 10 53 97 65 10 1 2 119 14 0 0 0 0 7 112 90 31 6 3 7 11 53 102 0 4 18 22 29 119 108 9 9 2 3 17 50 119 34 7 94 2 0 0 0 0 1 57 119 9 1 0 12 84 22 36 3 2 3 2 29 119 23 4 28 11 7 3 4 34 9 9 
16 29 27 2 0 0 0 0 5 116 103 2 0 0 0 0 0 29 104 113 1 0 0 0 0 0 3 43 3 0 2 0 116 55 16 11 9 1 0 1 101 116 113 2 4 0 3 16 1 29 80 116 55 33 5 3 2 1 4 116 74 11 0 0 116 5 0 1 4 6 1 44 110 5 0 0 3 12 65 95 1 0 0 2 78 78 81 23 4 3 9 58 62 36 5 3 52 0 0 0 0 0 0 63 26 0 0 0 7 58 60 79 0 0 0 0 6 40 116 18 11 2 4 4 2 12 38 45 
114 66 1 0 27 6 0 6 69 56 50 26 1 0 0 14 3 7 57 126 54 0 0 0 2 0 0 49 61 1 0 2 126 11 0 1 21 9 0 46 126 23 4 0 0 2 1 69 32 17 9 71 126 10 1 2 1 1 0 69 126 0 0 1 126 1 0 4 17 2 0 33 126 7 0 0 0 2 16 56 26 1 0 17 109 19 24 31 1 1 0 26 126 18 0 0 77 0 0 3 13 0 0 22 94 0 0 0 0 0 26 91 27 0 0 0 49 60 18 58 0 0 0 0 101 71 0 0 
97 72 0 1 0 0 0 0 53 64 19 52 29 0 0 0 0 0 26 90 91 0 0 0 11 0 0 22 82 0 0 3 127 20 0 0 1 2 0 23 114 20 24 29 26 1 0 15 0 1 16 53 127 11 0 0 17 3 0 28 127 2 0 4 127 0 0 1 1 1 0 63 127 10 1 2 33 20 9 65 0 2 1 65 127 27 3 0 21 10 0 41 127 12 0 2 66 0 0 2 2 0 0 49 53 0 0 0 3 7 59 126 0 0 0 14 75 59 48 24 28 8 0 5 108 66 1 1 
