0 0 0 0 0 0 94 31 0 0 0 7 3 4 130 52 94 39 13 11 2 3 40 66 33 32 9 9 45 0 0 3 0 0 4 7 4 2 15 4 13 2 1 1 0 0 37 32 130 5 0 0 0 0 9 115 91 2 0 8 82 2 4 34 0 0 98 108 0 0 0 0 5 34 130 20 0 0 0 1 130 130 37 0 0 0 0 22 82 54 1 9 73 13 0 10 0 0 104 91 0 0 1 1 0 27 130 25 0 1 9 0 8 130 92 0 4 20 13 0 5 23 0 0 52 50 1 0 
1 30 47 0 0 8 10 4 0 40 55 1 0 56 57 2 0 19 68 4 0 11 107 56 0 0 41 42 5 0 11 31 6 14 8 1 17 103 114 33 0 1 4 0 5 128 128 4 29 0 0 0 0 31 128 128 96 0 0 14 10 0 13 128 7 16 0 35 128 29 6 2 0 0 0 4 64 37 15 1 89 7 0 0 0 2 5 40 128 18 0 1 3 0 0 59 0 3 0 10 128 4 0 0 0 1 2 6 62 2 0 0 83 30 1 0 0 0 0 0 128 51 0 0 0 0 0 0 
0 0 0 1 0 1 126 18 3 0 3 16 4 12 127 25 116 41 7 14 15 3 23 57 11 7 0 11 40 5 0 0 0 0 3 10 5 4 37 2 21 1 1 2 1 1 61 28 127 9 0 4 15 0 9 127 37 2 0 18 86 9 1 18 0 0 117 101 1 0 0 0 7 44 127 37 0 0 0 1 127 127 32 1 13 3 0 19 44 25 0 7 114 21 0 3 0 0 105 67 0 2 3 0 0 36 127 39 0 6 15 0 11 118 58 0 12 50 18 0 2 5 0 0 60 55 2 0 
0 22 32 7 0 0 0 0 2 65 73 1 0 21 34 0 0 34 113 6 0 6 81 23 0 0 45 71 3 1 8 11 4 50 28 0 6 108 71 9 2 22 13 0 4 134 134 4 26 4 2 0 0 34 134 134 73 0 1 41 7 1 15 134 16 18 0 52 71 56 35 11 0 0 0 25 68 59 22 0 100 7 0 0 0 3 6 41 134 12 0 4 2 0 0 56 7 14 0 48 79 0 0 0 0 1 2 47 94 0 0 0 73 21 3 1 0 0 0 0 134 16 0 0 0 0 0 6 
28 1 0 0 0 0 4 57 124 21 0 0 7 6 2 56 20 5 6 6 78 87 0 3 2 19 16 2 7 13 0 0 115 28 0 0 0 0 0 33 124 124 11 15 21 3 4 30 5 29 113 49 62 27 14 1 2 92 83 3 1 62 43 0 124 8 0 0 0 0 2 62 92 20 7 5 0 8 124 124 0 7 37 9 1 124 124 11 1 5 6 0 1 124 107 5 36 0 0 0 0 0 1 29 11 0 0 0 0 2 45 49 1 0 0 0 0 27 67 7 4 3 0 0 0 8 19 4 
1 15 40 0 0 0 0 0 4 51 125 15 0 0 0 0 0 15 131 43 0 0 0 0 0 26 41 3 0 0 0 0 48 41 10 0 0 0 0 2 131 131 79 22 3 7 0 0 5 25 131 131 9 16 15 2 0 42 131 54 0 0 0 1 92 6 1 1 0 0 0 18 131 20 0 2 46 21 1 59 7 2 9 21 88 56 76 40 1 7 53 21 1 2 34 101 28 12 3 1 0 0 0 5 131 5 1 15 31 0 0 96 20 0 0 44 116 13 5 16 0 0 1 6 5 2 9 60 
0 22 14 0 0 17 16 0 0 54 109 13 2 18 24 0 5 32 75 30 6 3 11 3 3 47 18 0 0 0 0 2 71 67 11 0 0 0 0 25 123 127 130 47 7 0 0 14 3 34 130 93 23 18 15 1 0 28 92 66 21 12 9 0 118 3 0 0 0 0 0 44 130 21 13 6 19 32 7 86 19 9 34 34 83 130 53 12 6 14 10 18 19 32 37 1 79 4 0 0 0 0 0 12 130 9 5 1 2 9 3 67 54 11 40 130 16 17 2 17 8 13 9 44 4 2 0 0 
19 0 0 0 0 0 3 51 85 63 22 17 11 0 0 25 8 14 14 36 30 2 9 17 20 64 4 0 0 0 9 8 74 25 4 3 8 3 6 43 127 76 22 21 18 0 4 54 31 35 109 120 51 13 21 9 49 112 17 10 5 29 73 8 100 14 2 22 21 0 0 59 127 46 7 0 0 17 113 127 13 4 20 17 14 116 127 17 2 0 2 4 5 87 127 4 12 0 1 24 17 0 0 22 12 0 0 1 0 24 65 79 0 0 0 0 0 61 98 2 0 0 0 0 0 19 68 1 
6 2 0 0 1 23 5 4 4 1 0 0 3 69 73 18 13 20 1 0 0 8 113 64 42 5 0 0 0 0 21 69 0 0 1 0 39 88 3 1 0 0 1 1 47 129 73 6 66 4 1 0 0 29 129 95 129 0 0 0 0 0 21 116 0 7 24 10 84 96 1 0 0 14 129 54 54 85 2 0 87 64 85 41 2 5 4 9 129 54 1 0 0 0 0 24 23 17 22 3 10 8 5 15 7 15 88 56 23 1 2 14 6 92 74 56 12 0 0 0 56 80 6 0 0 0 0 1 
1 1 4 2 17 29 23 9 2 1 17 10 18 100 38 14 66 1 1 3 9 49 19 69 32 0 0 0 0 3 4 17 0 0 0 17 121 56 37 6 10 2 0 6 19 126 91 15 126 9 0 0 1 41 8 84 84 6 2 0 0 0 1 30 0 0 14 126 84 5 0 0 6 47 58 126 22 18 3 0 105 126 42 3 0 1 0 9 85 50 10 3 0 0 0 7 0 0 35 118 0 0 0 0 0 38 126 126 0 0 0 0 1 117 83 17 14 2 0 0 23 27 8 5 7 2 0 0 
20 2 0 0 0 0 22 49 132 43 0 1 6 1 11 75 12 15 19 32 94 6 0 2 1 63 36 9 12 3 0 0 85 11 0 0 0 0 7 18 136 82 10 1 4 1 4 27 11 36 93 24 17 24 27 4 0 61 55 3 1 136 35 0 69 1 0 0 0 0 0 66 136 5 1 0 0 7 136 136 3 4 4 0 0 135 136 22 0 0 0 0 0 136 92 0 27 0 0 0 0 0 0 35 6 0 0 0 0 1 55 52 0 0 0 0 0 9 69 24 0 0 0 0 0 13 15 2 
1 22 24 0 0 0 0 0 0 51 97 5 0 0 0 0 0 16 81 24 0 0 0 0 3 23 18 4 0 0 0 0 42 58 9 0 0 0 0 0 135 136 136 16 1 0 0 0 3 19 136 136 7 0 1 0 5 61 122 88 0 0 0 0 94 27 0 0 0 0 0 11 136 52 4 3 14 1 0 46 15 5 21 35 72 42 31 6 0 10 54 44 0 5 59 17 40 0 0 0 0 0 0 19 136 0 0 2 11 1 0 132 23 0 0 37 126 22 12 27 0 0 0 10 22 10 56 16 
0 36 24 0 2 12 4 0 0 84 117 16 12 8 7 0 3 40 68 33 18 1 1 0 4 49 17 0 0 0 0 0 75 95 14 0 0 0 0 20 88 120 121 54 25 0 0 8 1 52 128 70 34 7 6 2 0 24 102 71 22 9 3 0 121 5 0 0 0 0 0 68 128 45 16 5 35 17 1 62 11 13 33 12 118 116 44 10 2 10 7 18 27 59 45 3 87 4 0 0 0 0 0 11 128 3 2 3 10 20 12 75 14 9 19 91 59 55 10 12 12 19 2 15 2 4 4 3 
16 0 0 0 0 0 3 46 108 73 17 5 2 0 0 25 11 30 30 52 49 2 2 5 4 4 1 3 7 2 11 20 80 35 22 3 2 0 2 28 128 87 38 7 5 1 1 29 38 14 90 125 54 8 7 12 14 80 58 61 12 6 11 8 128 14 10 7 8 0 0 78 105 57 24 0 0 5 94 127 15 4 38 24 3 40 128 59 6 7 17 22 17 55 128 5 28 1 1 8 4 0 1 34 13 0 0 0 0 21 83 81 0 0 0 0 0 46 128 6 0 0 0 0 0 7 101 8 
0 0 0 0 0 0 30 32 5 0 0 0 0 1 90 87 114 32 15 9 0 0 15 86 36 51 23 12 28 1 0 1 0 0 10 15 0 0 1 3 35 7 5 0 0 0 3 26 133 9 0 0 0 0 0 86 102 6 0 3 70 17 0 34 0 0 133 115 0 0 0 0 7 41 133 28 0 0 0 0 133 133 60 0 0 0 0 27 73 50 2 10 52 9 0 14 0 0 106 67 0 1 10 3 0 26 133 42 0 0 18 4 3 133 98 0 3 17 14 0 1 20 3 1 37 46 1 0 
5 24 49 1 0 4 22 19 1 16 67 4 4 54 57 1 5 15 39 6 0 14 80 61 1 0 33 38 4 0 3 27 12 6 1 0 6 91 131 45 0 0 1 1 1 131 131 5 42 0 0 0 0 37 128 131 90 0 1 11 17 0 4 131 1 5 0 4 110 73 9 0 1 0 0 0 11 48 35 5 131 3 0 0 0 1 8 53 131 10 0 1 12 0 0 33 0 0 0 0 91 24 0 0 3 3 0 0 12 7 0 0 125 40 0 0 0 0 0 1 131 38 0 0 2 0 0 1 
32 1 0 0 0 0 38 53 119 29 1 2 7 0 8 50 3 8 22 42 79 1 0 0 3 64 33 12 9 0 0 0 133 6 0 0 0 0 10 16 133 44 12 2 4 0 0 16 2 39 84 20 10 9 10 1 0 54 57 3 1 95 25 0 104 1 0 0 0 0 1 48 133 4 2 0 0 9 108 133 3 7 5 0 0 125 133 16 0 0 0 0 0 133 96 0 8 0 0 0 0 0 2 46 6 0 0 0 0 5 105 70 0 0 0 0 0 27 133 18 0 0 0 0 0 23 30 2 
3 34 15 0 0 0 0 0 1 52 108 8 0 0 0 0 2 6 105 31 0 0 0 0 19 37 18 5 0 0 0 0 103 69 5 0 0 0 0 0 126 129 129 15 3 0 0 1 0 6 129 129 9 2 1 1 6 57 129 73 0 0 1 0 129 28 0 0 0 0 0 16 129 22 2 5 16 0 0 48 5 1 6 19 79 33 19 3 0 4 18 17 3 15 68 10 51 0 0 0 0 0 0 29 129 0 0 2 9 0 0 129 16 0 0 42 112 18 6 16 0 0 1 21 24 13 47 5 
34 53 18 0 0 0 0 4 24 56 128 41 0 0 0 3 4 12 44 96 11 0 0 0 16 21 43 17 8 0 0 1 80 42 57 17 0 0 0 20 128 57 58 60 4 0 0 40 10 4 24 128 80 0 0 1 60 23 28 52 22 9 8 22 53 28 45 65 10 1 2 23 128 35 3 6 12 9 8 52 15 2 3 57 128 73 19 4 1 3 15 31 51 79 24 1 28 0 0 9 30 28 25 33 23 0 0 1 17 54 126 117 2 0 0 0 10 128 128 14 0 0 0 0 7 85 35 0 
18 25 42 12 3 0 4 5 17 57 127 20 0 0 2 3 2 16 127 85 14 0 0 0 0 9 39 90 27 0 0 0 59 12 14 5 40 41 35 25 127 117 13 0 1 4 7 16 16 40 62 31 67 107 2 0 12 40 47 66 78 37 3 0 84 18 0 0 5 11 21 37 127 17 0 0 14 35 13 124 8 3 0 0 73 127 39 21 55 9 2 1 27 49 35 45 16 1 0 0 0 4 14 26 22 0 0 0 5 28 81 127 1 0 0 0 47 105 64 29 5 0 0 0 1 3 38 50 
35 84 14 0 0 0 0 38 22 44 68 33 4 7 26 46 0 1 24 49 39 74 28 1 0 0 6 10 40 28 0 0 124 99 20 0 0 0 2 30 39 36 98 96 2 0 17 29 0 0 124 124 32 25 7 2 0 0 67 96 80 33 0 0 124 9 0 0 0 1 16 80 20 0 3 4 6 28 124 91 0 0 13 17 20 124 124 11 0 0 2 14 80 123 21 0 58 12 0 0 2 2 14 30 19 7 35 30 25 30 57 16 0 0 22 20 36 37 67 11 0 0 0 3 11 22 22 1 
3 14 28 0 0 0 0 0 8 72 120 18 0 0 0 0 0 11 132 79 0 0 0 0 0 21 42 6 0 0 0 0 59 28 5 0 0 0 0 4 132 132 50 20 3 11 0 2 10 21 107 132 14 22 20 4 1 30 132 71 0 0 2 1 76 5 2 3 0 0 0 16 132 8 0 3 47 18 0 75 15 0 6 17 100 55 66 47 4 5 45 24 1 2 25 111 23 12 2 1 0 0 0 5 132 10 1 13 24 0 0 80 29 1 0 48 121 10 1 19 0 0 1 6 5 2 5 65 
8 10 0 0 0 16 6 3 7 4 0 0 0 54 80 20 34 13 0 0 0 8 85 66 56 3 0 0 0 0 4 44 1 0 1 1 32 108 4 2 1 2 12 4 27 124 115 14 124 12 4 0 0 13 124 124 124 1 0 0 0 0 5 92 6 14 42 12 59 86 4 3 1 20 124 77 32 53 3 2 124 124 83 28 1 1 2 9 124 46 0 0 0 0 0 24 22 13 10 1 2 5 8 23 14 18 50 35 9 6 28 17 9 85 56 13 1 6 44 11 27 19 0 0 0 0 7 36 
23 39 13 0 0 0 0 1 35 56 110 32 0 0 0 2 1 8 48 75 17 0 0 0 0 7 49 24 7 1 0 0 43 48 83 11 0 0 0 5 127 57 71 83 4 0 0 38 37 12 33 127 87 0 0 5 47 33 55 59 15 18 12 17 45 21 44 31 18 4 1 44 127 35 19 23 15 8 10 67 42 2 5 103 127 64 13 18 9 1 6 38 64 68 27 6 42 4 0 4 28 16 16 25 23 0 0 1 25 67 98 99 4 0 0 0 19 127 127 40 0 0 0 0 9 80 33 0 
17 35 47 10 2 1 0 4 23 73 128 12 0 1 0 6 2 28 128 103 34 0 0 0 0 19 59 49 23 0 0 0 46 17 30 7 31 37 34 56 128 100 12 0 12 28 6 18 26 49 37 43 100 128 2 4 2 43 55 29 80 48 2 5 61 14 0 0 2 10 32 56 128 16 0 0 24 65 13 123 23 3 0 0 63 128 34 57 23 17 4 5 42 38 36 47 16 3 0 0 0 0 9 21 15 0 0 0 6 38 71 96 0 0 0 0 19 84 62 35 2 0 0 0 0 1 61 36 
9 2 0 1 21 26 30 9 32 50 74 25 4 12 16 9 0 37 128 46 2 5 1 0 40 74 89 5 0 0 0 1 82 39 0 0 22 33 13 10 128 128 56 27 0 0 1 22 16 79 128 60 0 12 6 11 5 57 100 20 3 31 9 2 128 7 0 1 10 11 5 46 128 11 0 0 0 0 38 128 9 1 8 0 0 44 128 61 2 0 0 0 0 53 43 26 56 6 0 0 3 5 3 46 64 0 2 1 0 0 57 122 16 0 0 0 0 6 70 95 10 1 0 0 0 3 13 28 
7 8 36 53 21 12 13 9 56 9 16 10 7 31 51 79 23 0 1 28 11 27 117 81 26 1 2 16 6 21 26 15 20 6 18 31 92 80 8 3 5 5 23 16 62 117 69 21 114 10 10 2 1 23 117 117 117 20 0 0 0 6 22 26 23 0 0 46 117 25 4 14 13 61 103 92 87 28 2 0 107 67 117 50 0 0 0 18 117 18 12 3 0 0 0 24 12 1 17 19 35 10 0 2 25 56 72 33 25 2 0 0 30 44 75 23 10 10 2 2 23 4 12 11 15 7 0 5 
7 3 0 0 0 27 10 2 4 5 0 0 0 47 69 25 22 28 0 0 0 6 74 51 50 2 0 0 0 0 6 44 0 0 0 0 33 111 5 1 1 0 0 0 20 122 122 18 99 1 0 0 0 7 122 122 122 0 0 0 0 0 6 95 0 5 30 11 80 119 0 0 3 15 122 33 29 81 9 1 122 68 33 10 0 1 6 19 122 23 0 0 0 0 0 29 6 29 46 10 15 7 0 6 0 17 101 78 22 0 0 3 24 122 53 26 2 0 0 0 72 44 0 0 0 0 0 5 
29 25 15 0 0 2 12 18 4 40 66 1 0 5 45 47 12 7 64 9 0 0 60 65 19 2 6 1 0 0 35 57 56 126 51 0 0 0 0 3 80 130 130 3 0 0 0 2 13 46 130 94 48 1 0 4 17 3 38 67 94 3 6 31 94 108 6 0 0 0 0 8 130 73 6 0 0 0 0 59 40 15 23 67 80 1 10 85 0 0 13 130 130 3 3 5 58 25 0 0 0 0 0 39 47 30 2 0 0 0 1 33 37 10 0 4 2 0 5 52 5 2 26 69 26 1 3 6 
4 0 0 0 31 63 22 1 45 61 71 6 7 32 26 3 4 126 126 11 1 8 0 0 24 98 50 4 0 3 1 1 54 16 0 0 46 77 12 7 126 126 37 3 0 5 12 33 31 72 110 10 1 66 42 16 0 16 11 4 2 50 31 11 80 2 0 2 32 39 13 36 126 6 0 0 0 0 79 126 11 0 0 0 0 47 126 72 4 0 0 0 1 24 49 30 29 0 0 0 4 9 22 38 57 0 0 0 0 2 57 114 12 0 0 0 0 6 67 119 0 0 0 0 0 26 60 17 
3 82 33 0 0 4 9 2 7 63 43 0 0 15 83 20 27 34 9 0 0 0 53 82 17 5 0 5 26 4 0 14 1 9 4 1 1 119 68 1 1 20 38 3 1 126 126 18 126 14 17 3 0 6 99 126 114 1 0 19 31 0 0 73 7 107 36 2 1 61 31 1 0 79 126 52 4 18 3 0 126 41 54 61 2 0 0 14 126 9 1 12 16 0 0 16 10 68 4 0 0 0 5 5 1 10 10 18 8 6 8 4 63 15 17 24 6 1 0 5 126 5 0 1 2 0 0 20 
29 0 0 1 0 7 15 40 0 0 19 6 0 46 122 12 0 1 45 6 0 6 122 70 0 0 38 3 0 0 46 31 81 0 0 0 43 69 14 21 17 9 0 2 84 122 122 14 30 42 13 0 0 11 122 122 9 10 4 0 0 0 119 122 55 0 0 7 94 26 7 20 78 23 2 45 122 26 1 1 122 101 35 1 0 0 0 3 5 18 22 7 3 1 3 8 23 0 0 4 39 3 1 16 38 3 2 35 122 1 1 15 108 6 1 1 5 5 1 61 2 1 0 1 4 11 2 4 
10 7 33 62 26 10 8 8 53 14 20 18 10 26 36 78 29 0 1 26 15 21 100 92 22 1 1 19 11 15 26 12 33 5 13 27 82 67 6 8 3 6 17 22 77 116 71 22 91 7 9 1 4 32 116 116 116 18 0 0 2 7 28 34 37 0 0 36 113 25 3 18 14 56 68 116 106 38 4 0 116 53 116 66 0 0 0 24 116 20 9 2 0 0 0 22 19 1 14 15 33 14 1 2 31 48 63 46 32 7 0 0 38 46 85 33 7 6 2 2 27 5 17 14 12 6 1 7 
3 7 31 35 23 36 33 10 47 12 18 6 4 19 63 82 29 0 0 17 11 24 120 71 16 1 1 16 9 30 31 13 22 11 41 44 64 69 4 1 7 9 28 19 63 120 69 15 86 10 10 1 4 43 120 120 120 23 0 0 0 9 30 30 17 1 0 42 120 44 8 13 9 70 89 89 90 59 7 0 79 91 120 37 0 1 0 17 120 28 20 3 1 0 0 22 10 1 14 15 42 13 1 3 23 63 71 30 33 2 0 0 32 56 76 14 9 10 3 1 16 5 19 9 18 13 1 2 
3 5 11 24 22 22 30 1 0 0 0 5 14 37 119 10 34 7 3 0 0 33 88 33 20 13 21 18 3 2 5 7 6 18 22 36 119 44 14 0 14 0 5 36 119 109 88 8 119 17 1 0 0 21 68 104 56 7 3 6 3 1 51 70 7 2 4 15 79 91 39 10 22 15 90 119 74 20 6 15 60 104 97 74 2 0 11 74 63 43 51 6 0 0 21 50 25 17 18 43 53 17 6 7 72 52 54 56 0 3 18 14 0 48 116 48 7 16 18 1 5 15 35 8 2 11 17 2 
0 0 0 12 39 54 5 0 9 0 0 16 29 49 58 68 24 4 14 12 1 3 61 121 11 2 14 62 5 3 1 15 10 7 2 27 58 73 11 12 7 0 1 32 121 121 48 13 121 13 0 0 27 25 56 121 56 9 2 11 17 76 57 51 2 0 19 66 45 54 11 7 4 22 73 121 47 64 11 0 121 121 75 22 7 6 1 26 27 63 75 26 18 21 6 13 0 0 27 55 4 0 0 0 13 47 40 109 13 0 0 1 38 121 45 14 0 7 28 12 9 20 45 32 0 2 4 3 
0 15 11 0 0 15 34 2 0 31 95 11 0 26 56 0 6 24 69 18 0 7 37 8 3 39 22 0 0 0 5 1 68 60 17 0 0 1 2 36 128 121 129 43 6 6 0 26 3 23 129 87 21 37 22 1 0 29 83 47 18 8 9 0 124 2 0 0 0 0 0 49 129 12 9 6 16 26 5 129 26 8 48 98 64 86 35 19 5 16 19 27 11 11 16 1 66 35 3 0 0 0 0 6 129 99 13 1 0 1 1 36 70 31 38 97 12 24 20 11 1 2 7 56 38 14 4 0 
25 0 0 0 1 0 1 54 66 37 18 18 7 0 0 25 29 44 7 13 8 1 8 20 18 64 44 35 7 1 0 2 72 8 0 6 22 5 10 54 130 47 28 60 15 1 4 60 73 97 71 76 22 39 33 8 40 44 3 25 12 32 118 41 81 8 0 45 44 0 0 37 130 28 7 5 0 34 105 130 8 4 18 17 9 130 130 9 3 0 0 0 0 69 130 58 7 0 0 32 37 0 0 11 16 0 0 9 5 30 52 91 0 0 0 0 2 86 82 1 0 0 0 0 0 22 60 8 
13 2 4 3 8 9 17 20 28 40 91 31 5 6 5 10 0 12 88 60 2 0 0 0 16 39 74 7 0 0 0 0 89 58 0 0 9 8 8 15 128 128 56 51 0 0 0 13 11 65 128 128 0 0 0 3 4 94 128 28 2 9 1 0 128 18 0 0 1 2 2 39 128 17 2 0 0 0 7 103 16 7 33 4 0 16 53 64 0 5 8 2 1 67 34 2 79 0 0 1 1 0 2 61 78 0 0 0 0 0 52 127 1 0 0 0 0 10 105 77 0 0 0 0 0 22 44 13 
16 1 0 0 0 0 24 49 130 37 0 0 3 0 15 88 20 15 15 30 89 3 0 5 0 58 37 11 22 2 0 0 63 8 0 0 0 0 10 22 140 83 7 1 3 0 5 31 24 39 82 23 17 21 31 5 0 59 63 6 2 138 42 0 55 1 0 0 0 0 0 66 140 6 0 0 0 6 131 140 7 4 3 0 0 120 140 32 0 0 0 0 0 140 109 0 25 0 0 0 0 0 0 39 6 0 0 0 0 1 49 53 0 0 0 0 0 7 69 27 0 0 0 0 0 10 18 3 
0 25 28 0 0 0 0 0 0 53 84 2 0 0 0 0 1 20 65 15 0 0 0 0 6 37 14 2 0 0 0 0 41 57 8 0 0 0 0 0 131 140 140 16 0 0 0 0 3 19 140 140 3 0 1 0 7 81 118 65 0 0 0 0 88 32 1 0 0 0 0 7 140 51 8 5 10 0 0 42 19 4 36 43 69 32 28 5 0 14 57 38 1 7 58 12 38 1 0 0 0 0 0 15 140 0 0 1 9 0 0 140 29 0 0 39 123 20 13 34 0 0 0 12 24 13 58 13 
7 26 45 0 0 3 15 19 0 19 67 4 2 54 44 2 5 17 39 8 0 13 60 64 1 0 25 51 9 0 1 18 22 7 2 0 4 81 120 57 0 0 1 1 1 134 134 8 66 0 0 0 0 41 109 134 84 0 0 17 39 0 2 117 5 9 0 2 97 88 12 1 2 0 0 0 10 60 44 7 134 4 0 0 0 2 8 56 134 7 0 2 32 0 1 27 0 0 0 1 100 22 0 0 6 2 0 0 14 9 1 1 134 37 0 0 0 0 0 2 134 30 0 1 10 1 0 0 
13 1 21 20 30 39 18 24 101 27 5 3 11 51 21 62 54 1 0 0 18 121 34 36 50 2 0 0 1 1 8 29 59 7 16 55 71 63 17 47 99 24 11 35 10 121 81 52 121 18 1 1 2 121 41 68 121 10 0 0 4 4 1 40 21 10 16 49 7 0 1 64 16 5 101 121 15 41 16 30 121 112 108 61 0 15 3 4 114 46 0 0 0 0 1 17 6 21 10 0 0 0 0 5 38 15 34 16 0 0 0 26 29 33 64 19 4 1 1 8 23 10 1 1 3 1 2 18 
10 20 35 1 0 0 0 0 6 46 129 37 0 0 0 0 0 23 129 51 0 0 0 0 2 75 41 0 0 0 0 0 65 27 9 0 0 0 0 4 129 129 58 60 5 13 3 20 5 23 129 129 9 16 18 19 10 104 110 18 15 4 2 5 69 12 2 1 0 0 0 18 129 15 0 9 51 13 3 78 20 2 20 27 84 26 41 118 8 10 38 12 55 37 25 77 56 3 0 0 0 0 0 15 129 12 0 15 31 1 0 32 23 0 1 36 101 2 2 20 0 0 1 6 3 18 29 25 
6 0 19 21 0 0 33 68 6 0 49 124 6 0 0 10 0 0 69 70 4 0 0 0 0 3 64 4 0 0 0 0 124 0 0 0 0 0 16 124 106 7 35 44 4 2 7 47 1 4 124 72 1 29 59 2 0 19 124 3 0 12 80 7 124 35 0 0 0 0 0 29 110 10 0 0 18 91 37 47 18 25 9 1 20 124 124 5 23 50 13 0 0 25 124 12 108 43 0 0 0 0 2 7 23 5 0 0 67 64 7 7 37 25 3 1 57 46 11 26 31 23 5 0 0 2 4 22 
28 0 0 0 5 123 30 14 2 0 0 0 13 123 17 4 123 8 0 0 0 20 7 83 83 2 0 0 0 0 0 68 11 2 37 97 35 118 19 6 12 5 84 33 3 57 9 1 123 43 8 7 0 0 0 28 123 42 0 0 0 0 0 31 8 0 67 95 6 0 1 45 3 3 123 123 1 0 0 7 100 119 96 101 1 0 0 10 101 74 2 0 2 4 3 5 10 3 1 0 0 0 0 33 14 3 21 20 0 0 2 49 13 35 74 22 1 0 0 7 5 16 5 1 5 8 4 0 
0 0 0 1 5 50 25 0 0 0 2 2 0 52 127 8 13 1 4 5 1 15 95 60 6 2 1 0 0 11 6 10 0 0 0 0 18 128 68 0 15 1 0 0 0 128 128 13 128 47 0 0 0 19 62 97 49 0 0 0 18 35 6 10 0 0 42 47 17 87 22 0 32 2 24 32 3 20 24 16 128 33 2 1 0 4 1 101 46 0 0 0 30 40 2 8 0 0 128 93 2 1 0 0 3 6 128 128 8 9 3 1 128 76 43 22 11 9 3 10 20 7 0 0 22 29 1 0 
52 14 3 1 0 0 9 26 33 43 14 28 10 13 46 30 8 19 34 123 35 0 1 1 0 0 1 51 16 0 0 0 56 42 3 0 1 0 1 20 88 123 39 0 0 0 13 11 4 57 102 123 48 6 18 1 0 0 0 123 123 11 0 0 91 8 0 4 8 1 5 61 123 45 1 0 0 22 123 97 12 11 11 20 40 63 123 43 0 2 27 76 123 60 8 0 5 0 0 6 15 4 9 28 51 0 0 0 0 8 71 67 88 24 8 1 3 23 36 53 2 5 21 33 28 42 30 3 
62 35 2 0 0 0 0 37 38 46 57 28 8 28 15 49 0 1 24 39 91 65 5 0 0 1 3 17 43 4 0 0 122 89 4 0 0 0 0 19 84 83 97 86 5 5 11 34 0 0 122 122 86 49 6 0 5 4 16 62 102 16 0 0 122 1 0 0 0 0 3 64 71 0 5 5 6 51 122 110 0 0 8 14 62 122 113 5 6 4 0 11 80 50 1 0 67 7 0 0 0 0 5 26 46 7 23 22 24 29 35 36 1 2 18 27 54 45 40 3 5 1 0 0 11 17 10 0 
6 0 0 0 54 122 6 6 5 0 0 0 39 109 4 2 119 9 0 0 0 3 1 42 109 7 0 0 0 0 0 48 7 2 16 52 68 122 7 7 9 17 52 5 8 28 1 1 122 23 15 3 0 0 0 46 122 47 0 0 0 0 0 35 1 3 107 122 15 4 6 14 0 45 122 105 4 0 0 0 60 84 113 110 6 0 0 8 122 89 6 0 1 2 0 12 3 0 8 3 0 0 2 51 2 5 48 25 0 0 4 37 6 35 100 42 0 0 0 11 13 36 17 0 1 2 1 1 
0 0 0 0 0 46 68 3 0 1 1 0 0 85 120 7 24 0 1 1 1 15 120 82 18 0 0 0 1 5 8 21 0 0 0 0 1 120 120 0 18 1 0 0 0 120 115 13 120 81 0 0 0 5 45 83 78 8 0 0 14 16 1 22 0 0 26 23 4 28 21 0 21 0 13 14 0 10 16 17 120 29 2 0 0 0 0 120 75 6 0 0 16 27 2 19 0 0 120 64 0 0 0 0 0 2 120 101 0 7 0 0 120 100 56 16 5 5 0 12 35 19 1 2 19 24 0 1 
31 31 13 0 0 1 28 26 14 45 58 0 0 4 96 39 3 11 76 4 0 5 101 71 7 2 8 4 0 0 48 88 68 114 37 0 0 0 2 11 86 124 124 0 0 0 5 27 13 58 124 86 31 0 10 34 5 2 42 124 57 2 14 35 124 52 2 0 0 0 0 40 96 57 1 0 0 0 2 75 34 11 4 30 10 0 20 122 6 1 53 124 17 1 6 19 95 13 0 0 0 0 0 36 84 20 0 0 0 0 1 45 49 6 0 0 0 0 1 27 25 3 6 1 0 0 0 12 
5 1 0 0 45 101 8 1 36 117 61 3 10 51 14 1 34 126 46 5 2 12 3 0 17 14 1 0 0 11 16 4 63 7 0 2 86 86 10 9 126 111 27 1 5 29 19 36 9 42 21 4 5 115 44 10 0 0 0 0 0 26 49 10 76 0 0 0 56 59 11 40 126 1 0 0 1 17 88 126 2 0 0 0 0 58 104 60 0 0 0 0 0 23 84 26 20 0 0 0 9 25 34 33 44 0 0 0 0 2 84 109 2 0 0 0 0 35 126 62 0 0 0 0 0 23 82 21 
59 10 6 12 35 45 23 38 109 44 8 2 4 85 32 38 38 2 0 0 20 119 53 28 67 10 0 0 0 0 9 32 57 13 37 115 32 8 10 55 43 6 12 49 23 119 105 35 119 14 3 1 1 108 49 57 119 13 0 0 2 2 1 57 15 5 11 33 7 0 0 52 13 3 93 119 26 17 6 27 119 73 90 108 0 2 1 4 119 54 2 0 0 1 3 15 5 11 20 2 0 0 0 4 29 8 21 24 0 0 0 31 29 26 73 47 2 0 0 9 16 18 8 0 2 2 7 3 
26 33 28 51 0 0 0 0 29 116 125 48 3 0 0 1 16 29 75 116 11 0 1 5 15 85 51 5 0 0 0 3 83 35 30 59 0 0 0 6 125 124 67 55 15 1 1 18 65 41 49 125 95 5 1 4 79 112 83 14 0 0 0 4 51 11 21 35 0 0 2 17 125 12 3 2 4 6 13 94 36 2 6 57 107 37 15 27 90 11 17 15 8 1 0 45 8 2 1 5 0 0 20 55 45 3 0 1 0 0 24 104 5 1 2 4 23 12 35 27 41 3 2 3 5 0 0 30 
2 1 45 49 0 0 12 42 3 5 124 124 0 0 1 13 33 70 124 44 0 0 0 3 70 60 16 10 23 5 0 6 12 9 35 41 1 0 27 101 124 21 74 35 5 4 8 124 11 21 121 39 27 70 14 1 3 19 14 1 21 117 21 0 5 9 30 59 14 1 0 5 124 45 22 33 41 11 0 48 29 2 0 0 124 106 10 3 0 0 0 0 31 86 13 0 6 3 1 7 7 1 0 1 113 50 3 4 46 1 0 4 10 4 0 3 124 11 0 0 0 0 0 0 48 9 0 0 
1 27 62 28 0 2 15 6 0 0 65 104 2 0 0 1 0 21 80 14 0 0 0 0 0 39 60 0 0 0 0 0 78 7 4 7 0 20 81 122 55 14 79 88 3 5 4 31 0 66 122 23 0 36 53 1 0 72 78 0 0 31 75 3 122 3 0 0 0 1 6 80 122 9 11 1 21 122 36 51 38 52 13 1 9 122 122 5 11 21 3 0 0 21 75 8 122 27 0 0 0 0 1 8 67 10 0 2 85 74 7 11 65 40 0 2 23 26 5 34 8 18 1 0 0 1 1 3 
0 0 0 0 2 16 116 5 0 0 0 2 2 55 124 3 124 7 3 7 12 19 49 79 26 1 3 12 58 3 0 13 0 0 0 6 27 23 53 0 2 0 0 0 6 23 73 6 124 2 0 1 5 3 17 124 78 5 0 18 92 3 0 43 0 0 17 106 14 0 0 0 2 6 28 28 8 0 0 0 124 94 7 1 0 0 0 19 121 35 0 5 116 3 0 9 0 0 63 122 0 0 0 0 0 18 124 69 0 0 0 0 62 124 67 5 5 4 0 0 31 34 0 1 88 18 0 0 
50 12 6 2 6 1 2 37 19 44 116 61 11 1 1 4 59 24 116 60 3 0 2 38 82 6 1 4 0 0 1 20 116 57 4 1 9 1 0 15 116 81 71 15 0 0 1 23 17 20 116 116 7 2 17 12 37 38 91 39 8 13 6 10 104 100 1 1 4 0 23 25 112 20 0 0 1 10 31 94 6 0 12 6 1 56 116 40 5 0 14 5 8 71 99 19 51 13 0 0 1 2 53 43 116 9 9 6 9 10 18 51 2 13 24 23 64 64 40 6 12 50 20 1 5 30 48 15 
38 0 1 15 0 0 7 109 14 2 12 123 24 0 0 10 0 0 52 55 5 0 0 0 0 1 50 3 0 0 0 0 128 0 0 0 0 0 0 87 102 9 31 64 4 2 8 34 0 2 128 70 0 11 52 2 0 6 128 2 0 0 41 9 128 24 0 0 0 0 0 28 102 6 1 0 22 108 54 40 15 28 14 1 10 128 128 15 10 21 19 0 0 2 128 53 125 34 0 0 0 2 1 6 26 5 1 1 89 64 6 6 59 49 6 1 36 26 8 18 13 19 9 1 0 4 2 4 
10 65 40 0 0 0 0 0 3 112 132 50 2 0 0 0 39 17 50 113 7 0 0 9 22 55 62 3 0 0 0 1 132 132 67 12 0 0 0 6 17 132 91 72 7 0 0 1 56 16 28 132 60 2 0 8 130 55 43 36 5 0 0 20 132 37 4 12 1 0 0 41 49 13 3 2 7 13 9 34 9 0 4 93 99 40 2 2 91 1 8 55 26 3 0 54 83 7 1 0 0 0 0 43 27 0 0 0 1 6 27 44 0 0 0 4 47 27 17 1 13 5 2 13 24 5 0 13 
5 0 0 0 35 47 8 11 35 61 4 0 36 48 6 2 6 60 22 11 0 0 0 0 0 0 9 28 8 3 0 0 30 5 0 0 21 128 67 40 130 99 10 0 12 54 14 12 7 35 33 12 17 6 0 0 0 0 2 16 80 60 1 0 87 9 0 0 2 81 46 41 130 21 0 0 0 18 71 110 6 3 1 1 22 84 109 29 6 2 0 0 61 130 20 3 17 2 0 0 1 10 12 17 27 1 0 0 0 5 130 120 1 0 0 0 4 94 130 72 46 5 0 0 6 114 26 18 
4 11 17 9 13 49 55 17 30 10 3 1 5 26 89 86 17 3 10 17 10 70 117 36 43 4 2 3 4 26 15 19 9 20 80 38 61 65 2 2 5 19 23 6 90 117 71 20 112 18 17 0 3 33 107 101 117 10 0 0 0 1 6 35 12 1 2 58 117 56 5 7 32 88 73 83 70 72 0 0 75 116 117 12 2 0 0 14 73 29 26 9 8 1 0 24 8 1 6 23 44 8 2 5 37 54 65 39 37 4 0 0 53 56 43 8 8 11 4 2 9 6 20 11 22 15 2 3 
3 6 5 30 19 19 38 5 0 0 0 2 8 30 118 13 24 8 7 1 0 24 78 27 18 10 21 15 2 2 11 6 11 16 11 59 118 41 18 2 17 0 3 32 117 95 114 17 118 14 3 0 0 14 73 113 46 10 9 13 5 1 47 54 5 0 5 25 87 84 35 10 27 5 83 118 69 18 6 17 76 77 69 70 1 0 28 93 66 33 35 4 0 0 37 63 22 12 14 49 52 17 5 9 77 39 61 71 0 2 10 16 2 57 118 57 5 8 11 1 9 20 47 11 1 6 6 1 
1 1 0 12 37 45 6 0 7 0 0 31 57 57 40 54 31 3 6 6 4 3 67 124 18 3 8 42 11 3 2 23 18 8 3 18 38 64 16 21 1 0 0 51 124 124 36 6 124 10 0 3 38 34 50 105 86 8 2 6 18 75 52 50 1 0 13 68 34 40 11 12 1 10 54 124 55 75 10 0 122 124 71 29 5 10 1 18 40 68 70 22 18 24 4 12 0 0 23 51 4 0 0 0 10 45 23 119 25 0 0 1 36 124 39 20 5 6 23 9 7 23 42 34 2 0 5 2 
21 94 26 0 0 0 0 0 13 75 131 107 3 0 0 2 108 29 31 105 4 0 0 31 68 52 28 1 0 0 0 11 74 131 54 0 0 0 0 0 48 111 82 117 4 0 0 0 50 8 54 131 30 1 0 33 131 7 11 43 4 0 0 94 131 71 23 0 0 0 0 31 20 21 3 5 18 14 3 11 2 0 4 88 86 34 0 0 38 1 7 78 29 8 0 53 79 3 0 0 0 0 1 46 4 0 0 0 8 13 21 21 0 0 0 6 54 25 3 0 3 2 1 13 32 7 0 2 
1 0 0 0 62 49 1 4 42 57 8 0 28 25 4 10 7 71 20 0 0 0 0 0 0 5 16 18 1 0 0 0 34 7 0 0 61 134 25 13 134 92 9 0 15 38 9 15 7 53 39 1 3 3 0 0 0 4 9 14 32 12 0 0 89 5 0 0 13 134 40 20 134 13 0 0 0 20 21 102 13 6 3 0 2 48 111 20 0 0 0 0 37 122 39 7 30 8 0 0 7 19 9 13 61 4 0 0 0 23 129 134 0 0 0 0 0 60 134 48 0 0 0 0 11 134 87 27 
12 2 4 3 11 10 20 19 30 47 88 28 6 5 7 12 0 18 98 65 2 1 0 0 5 41 90 8 0 0 0 0 84 64 0 0 8 8 9 14 127 127 47 40 0 0 0 15 12 58 127 127 0 1 0 5 1 93 127 18 3 11 3 0 127 19 0 0 1 2 2 36 127 19 0 0 0 0 12 102 12 5 24 2 0 16 70 67 0 3 7 0 1 68 44 3 80 0 0 0 1 0 0 65 65 0 0 0 0 0 65 115 2 0 0 0 0 9 108 76 1 0 0 0 0 18 43 13 
5 6 48 70 5 4 0 5 42 10 24 15 19 33 37 56 24 0 5 18 8 13 116 116 6 0 10 23 19 25 42 19 10 2 5 20 89 87 12 2 2 1 7 11 82 116 66 14 91 6 5 0 7 29 116 116 96 21 0 0 0 10 41 41 7 1 0 51 116 24 6 8 5 45 64 106 100 39 5 0 100 40 78 78 0 1 0 43 116 20 4 0 0 0 0 26 6 1 2 17 56 19 1 2 33 47 27 46 47 16 0 0 43 49 92 68 0 0 0 0 38 15 43 17 0 0 0 7 
35 5 51 74 2 0 0 10 16 38 117 54 0 0 0 4 54 78 66 24 2 0 0 1 6 10 54 45 7 0 0 0 47 6 18 117 92 33 0 17 117 34 84 71 8 1 0 48 53 41 89 117 12 0 0 7 24 15 48 38 21 25 2 6 39 5 1 84 117 52 0 10 117 66 2 12 10 4 2 72 35 12 9 82 87 8 20 21 2 3 3 6 79 53 28 8 7 1 1 74 83 19 21 7 70 6 2 18 20 2 10 117 10 2 0 6 63 53 57 49 0 1 3 3 43 35 17 2 
6 39 40 9 1 0 0 1 7 90 64 25 10 2 4 0 5 86 68 49 27 7 0 1 0 5 12 19 40 39 3 0 41 20 16 1 3 27 22 70 102 68 8 3 8 40 32 24 20 42 3 22 73 120 44 4 37 45 9 11 91 82 12 5 29 7 1 0 2 56 80 59 120 4 0 0 12 78 35 120 14 32 15 1 47 120 30 16 104 120 31 2 13 48 5 5 1 0 0 0 0 15 57 32 36 0 0 0 7 28 33 120 120 57 11 0 19 57 13 41 40 84 27 0 0 14 9 8 
37 8 9 5 3 9 3 35 7 20 109 61 16 8 1 1 53 18 120 40 4 0 3 37 78 8 4 4 0 0 2 33 123 20 7 0 2 0 0 41 123 108 123 11 0 0 0 8 21 30 123 123 42 0 0 2 56 32 97 65 17 0 1 22 123 91 3 1 2 0 0 10 123 21 0 0 0 0 1 64 27 2 29 36 3 12 54 44 0 11 91 31 8 30 49 7 63 62 0 0 0 3 20 14 65 9 0 0 2 10 17 65 7 2 5 1 6 63 77 29 0 0 0 0 3 44 79 20 
74 17 9 2 3 1 2 24 27 40 116 66 8 1 1 1 47 17 116 98 2 0 1 39 75 8 3 6 0 0 2 23 116 97 14 0 1 0 0 6 116 64 55 13 0 0 2 37 15 12 108 116 4 2 29 17 36 29 103 54 5 8 8 8 81 64 1 0 0 0 61 54 92 7 3 2 6 14 39 90 3 1 10 9 6 50 116 52 6 0 16 6 5 53 116 31 70 29 4 0 0 1 25 32 100 10 10 6 22 7 6 45 0 18 32 28 66 59 29 9 15 45 43 0 2 18 47 13 
44 6 41 55 9 0 0 31 27 18 121 91 0 0 0 5 20 60 120 58 0 0 0 0 34 43 36 17 1 2 0 5 88 22 1 52 63 40 4 20 121 57 62 46 0 0 0 20 35 24 99 121 36 0 0 1 61 44 52 38 5 4 3 5 117 46 7 30 39 21 2 32 121 121 17 1 0 0 9 64 25 15 10 63 119 15 18 15 8 13 10 16 51 31 31 33 27 7 10 19 25 1 0 26 40 24 2 0 2 3 37 121 3 0 0 5 62 71 89 28 0 0 1 1 33 38 30 17 
51 1 8 7 2 11 20 31 12 25 31 12 22 19 22 16 0 55 109 28 54 8 1 1 0 6 51 38 18 0 0 0 65 9 1 0 0 22 83 56 114 114 8 0 1 15 30 23 6 85 32 19 39 28 47 13 0 3 15 43 94 61 25 5 114 2 0 0 0 1 20 86 114 17 0 0 0 85 80 51 0 1 0 0 7 114 114 47 5 12 3 0 46 114 46 14 78 4 0 0 0 0 2 65 62 22 1 0 2 105 40 47 8 46 80 16 0 52 61 3 18 113 32 6 0 18 15 3 
0 0 0 5 93 9 0 0 76 1 0 3 65 9 1 39 98 13 5 7 18 0 7 86 74 52 7 6 8 0 0 4 0 1 1 19 112 8 9 2 32 2 9 24 121 3 1 37 127 6 1 0 0 0 4 126 127 19 1 0 0 0 0 27 5 30 35 32 38 1 1 1 10 34 127 91 38 0 0 0 127 80 127 29 0 0 0 20 127 16 22 11 0 0 0 29 24 71 9 0 0 0 0 0 12 48 87 7 8 4 13 8 19 26 126 36 2 1 15 53 24 7 29 58 2 0 0 6 
6 9 2 1 3 5 2 1 19 43 55 31 0 1 2 4 20 2 19 42 1 1 3 20 88 2 0 11 10 0 2 72 55 19 3 2 0 8 9 19 128 97 50 64 1 3 5 17 12 7 74 128 9 5 9 6 124 32 49 50 13 0 0 26 95 13 8 29 4 10 20 22 128 25 1 0 14 85 20 42 0 0 16 40 8 88 128 39 20 33 43 23 8 9 77 104 26 31 75 51 5 1 1 3 50 21 34 14 61 88 23 25 0 0 0 0 34 128 71 8 0 0 0 0 0 26 86 105 
13 10 5 4 11 7 25 30 50 11 14 20 17 7 13 49 9 0 1 0 4 8 17 68 2 0 3 5 0 2 1 7 125 39 21 2 8 2 2 40 3 16 17 20 125 82 28 36 66 2 0 0 43 25 27 125 51 6 14 15 0 0 0 36 125 76 23 22 32 3 1 4 7 5 41 119 125 81 4 4 125 106 67 22 36 12 0 56 105 46 21 5 0 0 0 22 8 57 27 10 2 0 0 0 1 19 125 96 8 0 0 0 18 103 125 15 0 0 0 0 13 40 61 4 0 0 0 0 
3 4 0 2 1 7 2 0 13 16 0 0 0 35 50 6 20 5 0 0 0 20 104 44 61 4 0 0 0 0 14 37 1 0 4 7 16 68 13 0 0 0 43 27 24 125 68 2 63 22 34 13 0 55 125 110 125 15 0 0 0 0 18 103 15 18 17 8 12 44 47 13 18 18 125 87 27 35 4 15 41 119 125 83 5 4 6 5 125 98 8 0 0 0 1 17 5 3 8 7 23 31 17 10 22 2 9 2 2 35 125 40 24 22 34 3 1 2 125 79 28 10 2 0 0 0 7 55 
24 36 21 9 0 0 0 7 21 19 124 54 1 0 1 48 67 9 53 19 0 0 0 132 12 0 0 0 0 0 5 122 132 132 19 0 0 0 0 15 44 90 132 48 0 0 0 5 9 7 132 132 3 0 0 39 16 3 59 76 3 0 10 91 132 81 1 0 0 0 0 14 132 24 14 7 2 0 0 14 0 0 17 48 50 0 0 0 0 0 16 61 50 2 0 0 102 72 0 0 0 0 0 18 47 16 0 0 1 0 3 27 0 0 0 8 35 2 4 6 0 0 0 24 24 0 0 0 
9 0 0 0 61 58 2 2 86 54 11 0 13 18 2 7 4 63 27 0 0 0 0 0 0 20 13 1 1 0 0 0 55 6 0 0 60 132 7 12 132 61 3 0 6 22 3 26 14 46 21 0 1 3 3 2 0 7 8 1 12 17 5 0 91 6 0 0 20 132 16 22 132 5 0 0 0 8 25 132 16 2 0 0 0 79 132 24 0 0 0 0 2 55 126 23 30 13 0 0 7 17 5 9 47 5 0 0 0 22 130 112 0 0 0 0 0 103 132 23 0 0 0 0 0 30 125 39 
1 1 0 2 59 27 3 1 96 2 0 1 70 37 2 14 116 13 9 15 33 0 1 36 106 42 5 9 13 0 0 25 1 0 0 20 89 10 6 3 43 1 9 43 122 5 2 59 129 18 8 3 4 0 5 129 129 58 5 1 1 0 0 18 10 45 38 22 21 2 2 1 9 41 129 113 33 1 1 4 129 69 129 44 0 0 0 27 129 14 18 12 0 0 0 27 63 36 6 0 0 0 0 6 23 34 52 4 6 1 5 13 55 17 95 43 4 0 1 16 24 13 20 48 6 0 0 3 
33 34 0 0 0 0 0 0 37 129 83 17 1 0 2 1 5 20 129 90 4 0 0 0 62 46 23 12 0 0 0 4 129 15 0 0 0 0 0 17 129 72 19 17 4 0 2 30 9 7 43 122 56 42 3 2 26 6 12 21 24 55 47 35 71 0 0 0 0 0 1 55 129 2 1 0 0 6 116 129 5 1 2 8 50 129 129 32 6 0 0 0 26 113 28 25 0 0 0 0 0 0 3 16 0 0 0 0 0 0 63 74 0 0 0 0 0 37 98 23 2 0 0 0 0 13 7 13 
21 3 0 2 11 13 14 26 111 28 0 0 0 0 5 15 40 32 18 3 6 14 3 5 11 8 8 1 9 81 35 7 88 75 0 1 19 41 8 48 104 112 34 8 4 2 3 32 43 50 5 1 42 138 4 9 40 1 1 0 29 138 6 10 58 9 0 0 0 27 71 138 74 26 22 8 6 91 87 138 23 19 3 2 24 138 45 6 97 3 0 0 4 34 2 5 19 0 0 0 0 10 14 31 34 0 0 0 0 23 68 136 59 0 0 0 0 44 40 15 78 2 0 0 0 0 0 0 
3 15 32 23 0 0 0 0 9 55 128 35 0 0 0 0 31 90 128 32 7 0 0 4 18 15 51 37 6 0 0 16 56 23 21 57 0 0 0 3 128 101 128 29 3 4 5 23 6 43 128 106 88 33 8 4 18 13 26 108 49 5 1 36 28 5 16 91 0 0 0 2 128 12 9 29 6 2 1 101 23 3 15 107 33 9 3 15 2 5 25 117 14 0 0 0 0 0 9 76 1 0 0 0 119 16 17 29 0 0 0 67 53 11 5 30 21 8 5 35 0 0 1 31 30 16 3 0 
0 0 0 0 0 24 39 0 0 0 0 0 0 37 80 11 31 2 0 0 0 4 51 126 53 6 0 0 0 0 3 126 12 3 46 38 3 27 28 9 1 3 33 50 0 30 51 3 126 47 4 1 0 2 16 46 126 47 0 0 0 0 0 36 111 16 43 40 0 0 0 64 18 26 126 126 0 0 1 3 39 126 126 27 0 0 0 4 108 119 4 0 0 0 0 13 126 29 1 0 0 0 0 18 53 49 72 13 0 0 0 6 3 49 115 6 0 0 0 5 2 37 12 0 0 0 0 1 
8 27 30 4 0 0 0 0 9 45 138 51 0 0 0 0 0 59 138 52 0 0 0 0 2 52 87 34 2 0 0 0 67 26 6 9 0 0 0 13 138 104 73 44 4 6 6 24 26 67 138 138 22 17 22 38 9 56 97 86 70 21 34 20 64 4 4 27 1 0 0 11 138 8 0 9 21 5 2 42 36 2 7 47 75 23 48 54 0 0 4 33 50 25 32 14 22 2 4 28 0 0 0 3 138 2 2 10 4 0 0 72 40 0 4 58 37 1 1 25 0 0 9 33 4 0 0 0 
11 32 26 4 0 0 0 0 15 48 136 57 0 0 0 0 1 53 136 58 0 0 0 0 2 81 79 22 2 0 0 0 76 28 4 1 0 0 0 17 136 85 61 52 15 8 5 39 18 46 136 136 23 11 16 48 8 71 88 41 57 21 29 27 84 5 1 7 0 0 0 24 136 15 0 17 39 6 3 47 30 1 10 42 83 22 52 95 1 0 8 17 65 42 43 23 44 4 3 10 0 0 0 8 136 1 0 11 14 0 3 55 26 0 3 60 47 2 6 14 0 0 7 23 2 1 3 0 
0 0 0 2 28 49 44 53 3 0 0 3 37 46 20 48 4 0 1 16 3 0 3 41 0 0 3 50 12 0 2 11 10 5 10 11 10 30 26 32 3 1 11 17 11 20 9 41 38 21 8 9 1 0 1 105 8 17 53 30 2 0 1 9 128 36 38 39 6 3 3 23 43 18 78 128 18 0 0 2 128 128 65 28 0 0 0 14 58 74 128 86 7 0 0 5 128 11 1 5 0 0 0 52 110 9 98 128 5 0 0 39 87 29 128 89 1 0 0 15 66 9 12 32 5 0 0 43 
60 8 0 0 0 0 2 47 82 10 0 0 10 82 84 117 65 1 0 0 20 119 80 100 54 1 0 1 16 15 2 72 27 7 0 1 12 8 5 18 11 1 0 0 39 119 113 43 119 21 0 0 1 69 57 115 119 22 0 0 35 119 21 71 14 5 1 1 30 7 0 0 2 4 7 5 103 22 0 0 119 26 6 1 4 21 24 36 56 11 2 1 13 119 70 27 2 11 4 6 18 3 0 0 1 43 91 28 37 5 0 0 5 11 42 29 36 15 4 2 1 22 11 11 16 24 5 0 
0 0 0 15 104 4 1 0 43 1 0 11 63 3 0 42 100 5 1 1 0 0 8 130 71 25 3 1 0 0 0 11 5 2 2 15 121 16 6 2 27 2 15 22 103 9 0 8 131 4 1 0 0 0 0 48 131 2 0 0 0 0 0 27 5 26 54 26 53 4 0 1 6 28 131 89 27 1 0 0 116 89 131 27 0 0 0 9 131 19 21 8 0 0 0 18 23 69 16 0 0 0 0 0 13 44 116 12 1 5 7 15 13 26 131 46 1 1 8 50 21 8 29 71 3 0 0 7 
25 5 1 3 2 1 7 15 79 29 9 0 0 0 9 19 39 59 32 2 9 21 2 3 16 16 4 0 10 79 52 15 34 13 0 7 23 27 33 36 135 81 4 0 4 7 9 37 67 28 3 1 68 135 0 11 66 0 0 0 41 120 8 20 37 10 0 0 2 38 86 86 68 48 7 0 2 45 131 135 27 13 5 0 43 135 61 38 131 0 0 0 8 35 2 17 7 0 0 0 1 43 29 24 23 0 0 0 0 15 71 134 58 0 0 0 0 41 57 51 93 0 0 0 0 0 0 13 
0 9 32 31 0 0 0 0 16 68 124 17 0 0 0 0 55 72 106 30 3 0 0 7 31 31 40 9 0 0 0 9 54 34 33 65 0 0 0 2 124 124 124 18 14 1 0 19 13 37 114 124 99 1 0 13 16 20 34 39 6 0 2 30 33 6 24 113 0 0 0 3 124 13 13 33 10 1 0 115 19 1 21 124 37 2 0 11 3 11 30 74 18 3 2 0 0 0 11 124 5 0 0 0 108 22 22 41 0 0 0 63 47 12 8 23 37 28 0 26 0 0 0 13 48 25 0 0 
10 14 22 4 6 22 9 11 0 50 107 29 29 4 2 1 8 45 127 34 11 0 0 4 38 19 48 20 8 2 3 18 127 40 17 1 0 0 0 40 83 127 104 5 0 0 0 2 27 71 127 92 36 0 0 0 9 9 104 127 78 6 4 7 127 3 0 0 0 0 0 62 127 11 0 0 0 0 0 27 78 12 7 17 3 0 2 12 1 7 100 57 3 4 17 2 127 31 6 0 0 0 0 11 127 4 0 0 0 0 2 47 21 0 0 0 0 9 18 56 0 0 0 0 1 36 34 2 
0 0 0 0 0 0 111 58 1 0 0 0 0 2 132 132 9 2 0 0 1 7 124 70 3 3 3 9 39 11 22 9 9 0 0 0 0 0 16 24 30 1 1 0 0 0 41 115 132 30 23 3 0 0 16 131 16 43 41 17 16 2 5 6 8 34 37 0 0 0 0 2 19 62 99 0 0 0 0 6 132 96 37 4 6 0 0 42 52 14 10 20 63 44 13 2 0 82 100 0 0 0 0 0 0 85 132 0 0 0 0 0 63 117 87 2 3 0 0 0 24 10 1 50 53 8 0 0 
0 1 23 16 39 26 1 1 33 16 11 5 10 19 13 30 26 14 33 44 18 0 21 24 0 17 85 47 12 0 4 3 0 0 0 2 95 139 11 0 14 3 0 0 10 109 139 44 36 5 8 2 0 4 139 139 55 8 29 2 0 0 60 123 0 0 0 0 55 139 3 0 3 0 0 0 8 86 38 3 139 4 0 0 0 2 29 46 139 18 0 0 0 0 1 29 0 0 0 0 43 43 2 0 2 0 0 0 1 8 18 4 124 2 0 0 0 0 3 31 139 7 0 0 0 0 0 30 
0 3 5 28 2 0 0 0 12 19 2 1 0 0 0 2 133 8 0 0 0 0 0 36 133 2 0 0 0 0 3 50 0 1 28 133 11 0 0 0 8 22 9 53 3 0 0 1 133 124 8 0 0 0 0 13 133 18 1 0 0 0 2 83 0 0 13 133 35 0 0 0 1 133 133 133 6 0 0 0 11 133 94 33 17 2 0 0 42 21 15 19 9 18 7 20 0 5 39 55 11 0 0 0 0 72 107 20 11 61 14 2 1 28 23 18 16 45 47 27 2 4 12 18 19 33 18 1 
20 14 22 3 5 21 4 16 1 60 128 35 23 4 0 0 28 34 128 48 13 0 0 15 68 7 10 7 6 0 1 43 128 38 15 0 0 0 0 46 116 128 101 5 0 0 0 4 20 30 128 128 58 0 0 0 29 55 128 80 22 0 1 16 128 23 2 0 0 0 0 43 128 8 0 0 0 0 1 44 34 4 26 20 0 14 32 25 0 10 77 18 5 33 48 3 81 63 6 0 0 0 1 10 78 9 0 0 0 2 6 71 8 0 0 0 0 64 47 34 5 0 0 0 1 32 39 21 
59 16 4 2 0 0 0 1 127 52 4 13 0 0 0 7 17 8 5 79 94 15 11 44 1 4 0 33 116 27 3 0 91 14 3 0 0 0 2 40 127 35 2 21 8 0 0 45 19 3 1 83 127 51 30 24 11 27 3 19 122 37 17 0 68 7 7 4 1 0 29 127 127 17 0 0 3 2 16 127 21 0 0 37 127 56 35 26 12 60 6 13 89 8 1 3 49 21 34 6 1 0 4 20 93 18 2 1 8 13 28 66 0 0 0 1 59 66 91 21 14 8 0 2 29 11 10 36 
29 11 10 36 14 8 0 2 59 66 91 21 0 0 0 1 8 13 28 66 93 18 2 1 1 0 4 20 49 20 34 6 89 8 1 3 12 60 5 13 127 56 35 26 21 0 0 37 3 2 16 127 127 17 0 0 1 0 29 127 68 7 7 4 122 37 17 0 11 27 3 19 127 51 29 24 19 3 1 83 8 0 0 45 127 35 2 21 0 0 2 40 91 14 3 0 116 27 3 0 1 4 1 33 94 15 11 44 17 8 5 80 0 0 0 7 127 52 4 13 0 0 0 1 59 16 4 2 
4 19 32 14 0 0 0 0 9 43 134 43 0 0 0 0 10 92 134 33 1 0 0 1 34 19 43 31 7 0 1 13 67 27 13 34 0 0 0 3 134 96 130 30 7 3 7 16 8 59 134 83 44 51 31 13 14 7 29 130 90 23 6 22 48 5 13 61 0 0 0 4 134 8 4 24 16 1 3 73 18 1 9 84 47 17 22 13 0 0 13 112 25 5 1 0 4 2 8 43 0 0 0 0 134 7 8 14 3 0 0 86 42 3 8 36 17 0 0 35 1 0 2 55 13 0 0 0 
0 0 0 0 0 16 51 0 3 0 0 0 0 33 82 17 30 14 0 0 0 4 64 118 17 8 0 0 0 0 10 86 0 0 3 1 4 61 46 0 0 0 7 6 0 90 80 1 103 10 0 0 0 19 67 108 118 17 0 0 0 0 6 88 45 10 26 8 0 18 29 59 26 25 118 105 0 18 12 13 71 118 118 31 0 2 4 11 118 112 4 0 0 0 0 17 99 3 0 0 0 0 1 44 118 63 52 12 0 0 0 25 9 75 118 9 0 0 1 4 5 50 14 0 0 0 1 2 
2 19 53 9 9 13 31 2 40 26 26 9 12 15 16 19 6 44 84 58 21 0 17 6 29 94 29 4 0 0 3 8 2 10 16 9 88 76 7 1 32 6 2 1 17 113 132 34 89 18 14 2 0 16 132 107 83 15 4 0 0 1 13 59 0 1 1 1 132 132 2 0 25 1 0 0 29 110 43 10 132 10 0 0 0 3 16 48 132 15 0 0 7 34 3 11 0 0 0 0 80 76 0 0 18 1 0 0 5 17 8 7 132 5 0 0 0 0 1 61 63 1 0 0 12 50 9 33 
0 0 11 88 18 3 0 0 16 11 6 20 1 0 0 3 135 3 0 0 0 0 0 59 92 0 0 1 12 4 5 51 9 4 35 135 19 0 0 0 7 19 14 135 28 0 0 0 135 135 11 8 1 0 0 26 104 13 1 2 10 16 8 73 40 6 8 125 42 0 0 1 0 91 108 135 41 3 0 0 12 135 83 39 18 14 3 1 18 33 10 25 16 44 10 14 19 6 20 43 6 0 0 0 0 18 69 45 47 42 2 0 3 12 13 7 27 90 75 23 25 16 3 9 9 30 32 15 
0 0 0 0 1 29 27 0 0 0 0 0 0 52 59 4 35 2 0 0 0 9 49 122 79 10 0 0 0 0 2 116 12 7 33 23 0 37 25 12 1 2 44 58 1 41 38 1 122 42 6 4 0 5 15 40 122 40 0 0 0 0 0 38 100 11 31 19 0 0 0 95 40 23 122 122 0 0 0 19 40 122 122 52 0 0 0 1 104 122 5 0 0 0 0 12 122 13 0 0 0 0 0 28 114 58 47 6 0 0 0 12 6 48 117 6 0 0 0 4 3 40 15 0 0 0 0 1 
5 0 0 0 63 122 5 7 6 0 0 0 44 111 4 3 122 9 0 0 0 3 1 50 104 6 0 0 0 0 0 51 10 1 11 30 73 122 9 6 12 16 33 3 11 34 1 1 122 24 9 1 0 0 0 49 122 48 0 0 0 0 0 34 1 5 108 122 24 6 4 10 0 54 122 99 4 0 0 0 74 84 100 88 6 0 0 11 122 81 3 0 2 2 0 13 2 0 15 8 0 0 3 48 2 6 64 32 1 0 4 27 8 43 116 39 1 0 0 6 16 40 14 0 1 2 1 1 
0 0 0 0 0 46 65 3 0 1 1 0 0 77 117 9 14 0 1 1 2 21 117 77 16 0 0 0 0 2 10 31 0 0 0 0 1 117 117 0 10 0 0 0 0 117 117 11 117 75 0 0 0 9 52 85 94 15 0 0 8 9 4 27 0 0 30 29 4 26 20 0 14 0 16 17 1 10 18 11 117 31 2 1 0 0 1 117 90 9 0 0 12 20 1 25 0 0 117 70 0 0 0 0 0 0 117 113 1 7 2 0 115 93 60 21 4 5 0 10 44 26 1 0 18 21 0 1 
5 9 1 0 3 6 6 2 11 36 61 16 0 0 4 5 3 1 48 31 0 1 5 8 12 4 2 4 0 0 7 15 52 33 7 1 1 4 4 13 126 126 93 33 0 0 1 18 3 4 126 126 1 3 12 7 15 9 126 83 0 2 5 7 78 6 0 1 9 18 21 46 126 19 6 2 20 27 6 83 2 0 12 15 28 126 118 16 0 0 39 19 1 51 126 28 42 26 37 13 1 1 5 10 126 24 22 15 28 43 36 53 0 0 0 4 76 126 41 2 0 0 0 0 6 83 69 7 
46 0 0 0 3 21 18 28 121 2 2 59 45 2 3 37 0 2 35 127 88 0 0 0 0 14 77 38 2 0 0 0 93 10 0 4 11 10 2 8 127 39 3 19 19 2 1 14 0 12 127 116 31 28 13 1 14 17 127 46 26 65 22 8 68 1 0 1 4 4 2 18 127 7 0 0 2 24 127 90 1 7 13 3 8 127 127 5 12 1 7 5 11 127 92 29 3 0 2 4 9 1 3 6 7 0 3 2 3 8 84 28 3 0 8 12 12 42 39 6 5 0 10 14 19 6 1 1 
2 79 6 0 0 10 6 2 12 90 8 0 0 57 82 8 97 40 3 0 0 29 103 89 65 19 1 1 19 17 3 42 1 31 20 50 31 61 17 1 2 2 15 27 2 70 71 4 115 5 4 1 0 8 27 91 115 2 0 1 7 38 20 71 12 4 23 105 25 1 4 33 1 20 115 114 13 0 0 0 92 115 115 17 1 0 0 12 85 67 7 9 25 23 2 12 35 10 7 6 1 0 1 28 32 59 103 17 1 0 11 38 10 87 115 11 12 15 48 14 0 11 6 28 28 20 15 0 
50 0 0 1 18 29 44 53 1 0 3 12 28 32 119 91 0 0 7 21 36 10 104 68 0 3 18 49 11 0 1 12 53 0 0 0 106 51 20 35 2 3 0 0 75 47 119 47 107 36 2 0 0 0 118 119 119 39 34 17 16 5 2 55 43 0 3 13 90 11 11 30 3 67 43 13 69 7 0 0 119 119 32 0 0 0 1 7 119 52 5 2 24 50 29 17 49 4 14 16 10 0 0 16 8 79 80 17 8 10 19 2 26 66 40 5 1 7 42 16 14 9 0 0 0 30 44 14 
85 23 0 0 0 0 3 25 53 21 27 29 8 1 21 24 12 6 64 90 29 0 1 3 9 3 14 27 16 1 1 4 67 4 0 0 0 0 35 120 120 70 3 0 1 1 61 83 27 60 81 46 31 15 45 15 1 0 26 93 53 33 12 2 88 2 0 0 0 0 2 82 120 28 6 0 0 23 102 72 8 23 28 11 8 60 120 46 1 29 29 7 28 75 63 5 66 4 0 0 0 0 2 41 120 104 20 0 0 6 35 36 24 86 120 36 0 4 20 13 2 64 69 24 40 2 3 1 
8 27 31 8 0 0 0 0 8 37 132 59 0 0 0 0 4 83 132 35 0 0 0 0 33 17 42 38 6 0 0 16 92 29 7 15 0 0 0 8 132 82 119 62 3 3 11 22 7 66 132 100 33 23 41 17 11 13 37 132 116 22 19 18 87 6 5 36 1 0 0 8 132 11 3 18 25 3 7 55 5 2 5 58 50 35 53 19 0 0 5 76 57 16 10 0 23 2 4 30 0 0 0 4 132 3 1 15 9 0 0 80 20 2 7 50 23 0 0 13 1 0 5 53 7 0 0 0 
9 38 69 0 0 0 0 1 106 43 27 0 4 0 1 39 91 0 0 0 0 0 0 54 56 2 0 0 0 0 0 6 1 80 124 53 44 5 0 0 32 24 60 34 124 56 10 36 124 14 0 0 0 0 3 71 66 6 1 0 0 0 1 29 15 21 17 78 103 4 0 0 18 31 124 124 124 19 0 7 103 124 97 17 0 0 0 13 18 26 27 35 12 2 0 11 15 5 8 23 5 0 0 0 1 18 124 54 3 0 0 0 2 89 83 17 15 10 1 0 0 3 4 23 66 29 0 1 
0 0 0 0 0 5 58 4 0 0 0 0 1 25 72 7 23 31 11 1 0 12 19 25 4 23 62 30 0 1 0 1 0 0 0 0 0 49 97 0 0 0 0 2 1 62 123 14 96 18 1 0 0 11 97 123 80 20 18 13 1 0 1 85 36 1 4 0 1 28 104 45 64 36 123 70 5 32 34 20 123 123 123 20 0 6 18 32 123 53 4 0 0 0 1 18 84 1 0 0 0 1 6 36 123 56 50 7 0 0 1 70 12 80 105 5 0 0 13 18 9 23 5 0 0 0 12 5 
62 7 4 1 0 0 0 2 126 20 9 21 2 0 0 9 9 2 5 62 103 23 34 41 13 3 0 25 118 15 10 0 100 8 4 5 0 0 0 16 126 11 4 11 7 0 0 57 15 1 3 92 126 20 16 10 22 25 3 20 107 21 8 0 54 8 1 2 0 0 8 78 126 31 0 2 1 0 2 88 41 1 0 64 126 19 2 26 34 40 2 31 119 3 0 3 29 0 0 0 0 0 28 107 100 6 0 0 0 2 16 126 9 1 0 3 82 53 76 29 14 3 0 5 70 24 18 11 
60 25 18 13 16 5 0 7 82 62 74 25 8 1 0 5 0 2 21 127 106 7 0 0 0 1 25 107 36 0 0 0 118 4 0 2 32 44 2 26 127 21 2 23 41 1 0 59 1 0 1 81 127 34 0 2 0 0 7 83 53 9 1 1 111 25 9 0 19 25 3 18 127 23 16 10 16 3 3 83 7 0 0 51 127 15 4 9 0 0 0 14 100 10 3 5 127 18 10 1 10 3 0 23 95 25 29 41 13 3 5 57 1 0 0 6 127 25 7 19 0 0 0 1 60 10 2 2 
0 0 0 0 18 49 44 26 2 0 0 1 19 38 8 59 5 0 2 12 2 0 2 50 1 0 3 14 5 0 3 9 24 7 25 20 10 13 13 22 5 2 21 44 9 7 3 25 89 68 25 6 0 0 1 63 12 34 116 44 2 0 0 1 130 39 35 50 2 1 1 20 46 22 113 130 5 0 0 3 130 130 118 32 0 0 0 18 63 45 79 90 15 0 0 25 130 5 0 4 0 0 0 71 88 11 93 93 0 0 0 59 34 18 130 86 2 5 1 18 39 6 8 18 3 0 1 37 
93 25 0 0 0 0 1 46 95 23 0 0 21 73 53 65 66 8 2 0 27 93 50 72 26 6 12 9 18 6 2 29 36 2 0 0 9 12 16 48 19 0 0 0 14 131 131 63 131 17 0 0 2 79 71 131 116 13 0 0 39 125 10 72 8 5 0 0 40 15 1 0 6 5 3 2 70 37 7 0 131 33 1 0 0 31 31 47 72 13 0 0 17 131 81 20 0 11 12 1 28 7 0 0 0 18 79 24 32 5 0 0 20 8 23 11 21 33 13 15 1 8 12 4 12 55 19 3 
7 0 0 17 41 1 0 9 6 0 0 55 146 2 0 1 146 0 0 3 23 1 0 55 53 12 8 6 5 0 0 14 31 1 0 7 36 18 1 21 5 1 0 27 146 61 0 0 146 10 0 2 46 4 0 17 129 14 7 0 1 0 0 6 18 0 0 6 51 35 2 20 1 11 43 37 146 105 1 0 146 14 26 19 15 4 0 17 128 1 0 0 0 0 3 16 13 2 1 7 18 0 0 4 3 23 89 58 88 3 1 0 125 5 19 47 83 1 0 24 91 0 0 0 0 0 0 21 
0 0 0 28 94 0 0 0 92 1 0 28 110 7 24 54 80 3 1 0 4 24 86 61 16 0 0 5 13 1 1 7 0 0 2 23 129 0 0 0 17 4 0 26 146 11 30 19 146 96 0 0 1 11 44 32 50 34 2 22 18 0 0 6 1 0 0 9 126 10 6 0 43 3 0 25 146 5 0 2 146 51 0 1 5 1 0 40 39 16 1 24 29 1 1 10 5 0 0 13 47 11 12 3 17 0 0 68 146 0 0 3 146 2 0 3 8 0 0 64 48 0 0 9 5 0 0 22 
1 2 12 12 42 17 0 0 41 14 5 4 16 18 13 23 17 23 42 19 16 0 34 21 10 46 41 6 2 0 6 9 1 3 1 4 129 72 3 0 19 2 0 0 34 117 131 30 64 4 5 0 0 11 131 131 86 5 3 0 0 0 21 87 0 0 0 2 131 131 0 0 8 1 0 0 51 109 22 2 131 4 0 0 0 3 14 39 131 13 0 0 0 0 0 13 0 0 0 0 93 77 0 0 4 0 0 0 11 19 8 4 131 3 0 0 0 0 1 30 131 4 0 0 0 0 0 19 
0 0 1 112 23 0 0 0 7 11 4 18 4 0 0 0 126 10 0 0 0 0 0 21 126 3 0 0 1 2 3 31 0 0 0 126 102 0 0 0 6 13 6 110 51 0 0 0 126 90 9 2 0 0 0 16 126 8 0 0 3 2 2 71 0 0 7 126 78 0 0 0 0 81 126 126 42 0 0 0 25 126 125 32 18 2 0 1 85 11 5 9 4 2 6 38 0 0 17 66 8 1 0 0 0 24 81 23 13 53 14 3 5 12 27 31 27 25 18 19 8 3 4 23 19 15 11 6 
51 15 0 0 10 1 0 5 69 114 49 0 0 8 38 21 7 114 40 0 0 35 99 16 15 11 4 0 0 16 29 14 65 1 0 1 39 2 8 38 71 16 4 0 3 114 114 60 74 20 6 0 1 69 114 114 114 4 0 0 0 3 12 67 13 10 0 6 54 1 7 14 34 114 67 2 2 34 25 13 72 112 114 10 6 50 6 20 114 18 2 0 1 2 1 22 22 3 0 3 30 0 0 8 110 41 7 3 5 14 3 37 37 19 18 31 25 70 12 22 82 4 0 0 2 2 6 63 
0 0 0 8 57 33 12 0 1 0 0 5 108 63 27 0 129 0 0 0 15 2 0 58 108 0 0 0 1 0 0 41 2 0 0 88 87 9 3 3 1 0 2 129 74 19 22 1 129 4 0 5 5 1 1 22 129 0 0 0 1 0 3 36 4 0 0 63 31 0 1 17 1 0 2 129 127 2 2 14 129 11 0 36 54 0 0 14 129 4 0 0 0 3 6 29 0 0 0 39 36 0 0 3 0 0 0 28 129 12 0 6 115 31 0 17 94 1 0 0 102 23 0 0 6 3 0 2 
2 10 4 3 57 26 0 0 39 3 0 0 122 94 0 1 129 46 0 1 5 4 0 4 43 4 0 1 1 0 0 14 0 1 6 11 129 26 0 0 46 0 0 0 129 47 0 10 129 8 0 9 4 0 0 129 53 2 0 14 7 0 0 33 1 0 0 5 129 26 0 0 7 3 4 1 129 30 0 4 129 17 19 3 1 0 0 129 86 5 1 5 4 0 0 53 0 0 0 17 129 2 0 0 35 18 2 9 110 2 0 0 83 98 48 0 0 0 0 4 52 22 3 0 0 0 0 6 
22 16 8 5 0 0 1 11 19 20 100 37 4 0 1 40 53 3 72 15 0 0 1 132 9 0 2 1 0 0 10 123 132 89 4 0 0 0 0 13 80 132 132 13 0 0 0 8 9 4 132 121 2 0 0 24 13 6 71 78 5 0 10 60 132 35 0 0 0 0 0 24 132 32 10 2 0 0 0 34 6 4 19 40 35 0 0 1 0 0 10 54 54 0 0 0 118 70 0 0 0 0 0 7 129 43 0 0 0 0 0 22 6 0 0 8 26 1 2 10 0 0 0 23 25 0 0 0 
0 0 0 0 0 30 121 17 0 0 3 2 1 8 125 28 1 0 2 4 2 6 125 47 13 10 3 0 0 0 8 30 0 1 3 1 0 59 106 9 3 0 3 3 0 3 125 40 112 22 0 0 0 1 123 103 125 72 3 1 0 0 6 47 29 11 14 5 0 1 2 13 14 11 87 47 0 0 0 6 125 46 60 10 0 0 0 37 125 57 3 1 0 0 0 22 38 2 1 0 0 0 0 30 89 31 87 17 0 0 1 76 44 47 125 36 15 5 7 22 90 22 4 1 4 2 9 60 
0 27 15 1 0 0 0 0 8 10 11 9 9 1 0 23 125 0 0 0 0 0 0 112 86 2 0 2 3 0 0 18 1 94 62 27 47 3 0 0 4 8 11 13 80 17 0 0 125 10 3 0 1 0 0 56 125 0 0 0 5 3 1 55 12 58 28 66 125 13 10 1 0 68 119 46 90 3 0 0 101 97 125 6 0 0 0 10 125 52 9 2 2 1 0 14 29 43 39 20 16 10 18 8 2 103 125 26 7 0 0 0 2 47 125 40 4 1 0 0 7 29 32 12 1 0 0 0 
0 3 2 0 0 37 72 4 0 3 5 3 0 6 127 41 0 0 3 8 4 2 83 29 4 14 5 1 0 0 3 10 1 0 1 0 0 118 127 3 2 1 5 4 0 17 127 69 87 13 0 0 0 0 127 127 111 53 3 1 0 0 6 57 28 4 3 0 0 12 13 14 40 16 73 42 0 0 4 13 127 51 65 24 0 0 1 24 127 71 7 6 0 0 0 5 19 1 0 0 0 0 0 10 117 17 44 10 0 0 0 88 73 39 112 37 16 5 4 51 96 18 3 1 2 1 3 63 
1 9 6 0 0 0 0 1 20 11 10 2 1 0 2 69 114 1 0 0 0 0 1 130 42 1 2 8 3 0 0 18 0 94 63 13 16 1 0 0 9 20 28 19 57 16 0 4 130 9 1 0 3 1 0 46 119 1 0 1 7 4 2 14 11 106 55 37 102 17 7 3 1 56 130 41 104 11 0 0 130 130 121 2 0 0 0 11 85 30 2 5 3 3 3 8 19 71 49 11 14 11 11 8 2 79 130 25 10 1 0 0 4 49 130 35 6 3 0 0 4 15 17 19 0 0 0 0 
59 31 31 5 1 1 0 11 24 25 116 126 0 0 0 4 11 69 42 69 0 0 0 2 20 67 57 1 0 0 0 14 126 45 8 0 1 2 0 27 126 27 59 126 0 0 0 46 26 55 120 126 0 0 0 1 45 73 58 20 0 0 0 5 98 126 85 0 0 0 0 9 124 65 85 10 0 0 0 31 21 3 18 115 13 0 0 10 15 7 29 56 2 0 0 6 126 28 14 0 0 0 0 55 14 10 37 15 6 0 0 10 1 0 3 20 14 0 2 2 0 0 3 17 8 1 0 0 
23 2 0 0 1 14 15 28 52 10 0 0 1 20 12 22 25 28 1 0 0 0 0 2 7 17 0 0 0 0 0 0 20 0 0 0 1 18 127 111 136 42 0 0 0 15 45 44 39 21 0 0 3 48 21 25 18 10 1 0 7 14 8 31 97 5 0 0 1 3 58 45 136 26 0 0 1 72 24 56 9 1 0 0 4 136 97 70 4 0 0 0 5 104 119 127 59 5 0 0 0 0 1 15 107 3 0 0 1 121 58 87 0 0 3 0 1 136 67 14 0 0 1 0 0 48 84 31 
9 16 1 0 0 0 0 0 3 125 56 0 0 0 0 0 0 64 126 39 1 0 0 0 6 1 42 58 16 0 0 2 101 38 0 0 0 0 0 3 126 126 69 1 1 0 1 27 3 80 106 48 74 32 3 4 0 0 16 81 126 12 0 1 92 6 0 0 0 0 0 28 126 7 1 0 1 1 98 126 5 1 1 2 60 57 126 65 4 19 40 39 82 19 8 8 14 2 0 0 0 0 0 8 12 6 0 0 0 0 49 58 46 17 0 0 0 0 75 64 73 43 15 2 1 0 4 30 
39 50 0 0 0 0 0 0 32 130 96 28 1 0 2 1 6 18 130 91 2 0 0 0 66 44 22 8 0 0 0 9 130 20 0 0 0 0 0 23 130 66 23 24 4 2 6 33 3 5 45 115 61 73 6 1 21 3 10 13 21 66 63 38 78 0 0 0 0 0 4 77 101 2 1 0 0 14 130 130 1 0 1 5 44 130 130 20 6 0 0 0 16 91 23 29 0 0 0 0 0 0 5 17 0 0 0 0 0 1 68 58 0 0 0 0 0 29 78 17 3 0 0 0 0 6 5 14 
8 5 48 78 8 0 0 8 55 11 25 12 15 17 27 69 29 0 7 29 14 12 79 113 9 2 8 34 18 20 25 13 12 2 7 23 80 78 11 2 4 1 7 8 93 119 85 25 66 13 1 0 8 26 119 119 79 22 0 0 4 16 54 50 8 1 0 47 119 35 8 8 5 32 61 88 106 60 12 0 119 28 54 50 1 1 0 58 119 23 0 0 0 0 0 20 6 2 1 22 65 16 0 2 32 47 29 61 52 15 0 0 49 43 87 98 0 0 0 1 65 15 26 7 0 0 0 11 
33 20 8 0 0 0 1 10 41 47 24 10 5 5 45 37 12 21 27 110 52 1 2 3 0 0 0 42 26 0 0 0 72 29 4 2 8 0 0 24 103 119 62 1 0 0 9 12 5 44 94 119 73 5 12 2 0 0 0 114 119 5 0 0 91 5 0 6 17 2 5 54 119 30 1 0 0 2 119 119 11 5 6 34 57 68 119 62 0 0 4 67 119 71 3 0 5 0 0 3 15 6 5 26 77 4 0 0 0 1 46 64 71 34 7 10 11 21 35 40 0 2 10 66 54 19 15 0 
64 29 1 0 0 0 0 36 44 45 45 24 19 25 16 44 0 0 22 39 100 54 4 0 0 3 4 15 36 2 0 0 120 80 2 0 0 0 0 20 98 90 89 85 8 3 5 31 0 0 120 120 108 37 2 0 11 6 13 47 101 10 0 1 120 0 0 0 0 0 0 58 94 0 5 3 5 44 120 120 0 0 7 15 88 120 92 5 13 6 1 13 83 37 0 0 65 6 0 0 0 0 1 26 47 5 15 23 23 30 35 43 1 1 16 27 46 46 43 6 9 1 0 1 14 17 8 0 
60 20 3 61 19 0 0 1 82 85 128 62 0 0 0 1 0 40 134 58 0 0 0 0 0 24 130 80 1 0 0 0 74 40 18 103 34 2 3 6 134 106 58 38 0 0 0 15 17 57 134 45 0 0 0 4 1 38 101 134 12 0 0 0 47 16 9 17 4 2 2 16 134 30 3 1 0 0 0 74 61 11 11 1 0 0 0 36 11 5 5 22 9 4 3 6 9 4 23 34 0 0 0 4 134 16 12 2 0 0 0 61 38 0 0 0 0 0 2 64 2 0 0 0 0 11 8 15 
120 92 0 0 0 0 1 11 27 22 2 2 1 8 6 11 0 0 3 4 22 29 0 0 0 0 0 0 26 27 1 0 120 6 0 0 0 0 23 120 42 0 0 0 0 19 25 104 1 0 0 0 10 120 12 1 3 0 0 0 9 120 28 5 120 3 0 0 0 0 8 120 120 3 0 0 0 107 113 99 7 0 0 0 4 120 120 12 25 5 1 0 5 96 10 11 46 0 0 0 0 7 29 39 45 31 0 0 0 108 120 33 53 55 3 2 4 29 40 15 20 3 1 1 2 2 1 0 
0 0 0 0 2 39 15 0 0 0 0 0 0 68 36 7 87 3 0 0 0 9 30 121 121 9 0 0 0 0 1 60 10 5 27 19 1 54 20 6 1 4 49 46 2 50 23 3 121 55 7 4 0 4 7 56 121 26 0 0 0 0 0 54 76 10 34 16 0 0 4 112 39 27 121 121 0 0 0 31 61 121 121 40 0 0 0 0 102 112 2 0 0 0 0 7 114 3 0 0 0 0 0 41 121 53 34 3 0 0 0 20 11 60 94 3 0 0 0 5 5 32 9 0 0 0 0 2 
4 59 16 13 20 0 0 0 6 124 124 10 4 0 0 0 7 53 124 47 70 7 2 8 23 1 1 4 27 6 3 58 49 124 47 5 0 0 0 1 95 124 42 14 4 0 0 3 5 8 63 124 124 3 0 1 34 60 124 68 34 2 0 17 124 39 4 0 0 0 0 29 124 11 0 1 0 0 0 36 32 6 46 78 8 0 0 6 3 41 124 31 0 0 0 0 91 0 0 0 0 0 0 60 92 0 0 0 0 0 0 45 42 1 0 0 0 0 0 20 4 3 1 0 0 3 5 2 
64 30 10 7 0 1 14 23 21 30 88 99 1 9 34 6 115 120 54 10 0 1 15 40 75 49 0 0 0 0 0 15 120 102 5 1 0 0 0 31 71 97 120 54 0 0 2 24 25 120 120 13 0 0 4 10 24 27 3 0 1 2 6 8 120 28 14 5 0 0 0 101 80 5 0 0 0 0 34 120 0 2 3 0 0 0 76 68 0 0 0 0 0 0 49 28 52 19 2 0 0 0 7 35 30 4 0 0 0 0 62 119 0 0 0 0 0 0 104 58 0 0 0 0 0 0 63 29 
16 1 0 0 0 0 6 24 52 22 11 0 0 0 77 121 11 8 33 5 7 5 109 111 12 4 7 2 1 3 5 24 0 0 0 0 0 0 8 8 5 0 0 0 0 0 46 46 121 3 0 0 0 0 30 121 121 22 17 12 0 0 0 32 0 4 117 6 0 0 0 0 5 20 121 3 0 0 0 2 121 114 67 0 0 0 0 10 121 84 12 18 5 0 0 6 0 2 121 20 1 9 7 0 0 9 121 11 1 43 50 1 56 109 88 5 0 5 32 40 62 99 12 16 10 0 0 11 
7 1 1 3 5 24 12 5 17 12 0 0 0 33 121 21 13 18 5 0 0 7 121 85 11 16 9 0 0 13 64 100 32 4 7 6 109 109 11 8 0 0 0 0 30 121 121 3 67 0 0 0 0 10 121 114 89 5 0 6 34 40 55 106 12 0 0 0 81 121 51 22 0 0 0 0 48 46 5 0 121 3 0 0 0 2 5 22 121 11 1 43 48 1 0 12 0 0 0 0 6 25 17 1 0 0 0 0 8 8 0 0 112 6 0 0 0 0 0 5 121 18 0 9 6 0 0 3 
0 0 0 0 78 111 0 0 100 16 0 0 18 37 0 7 132 75 4 4 1 0 0 10 12 4 1 4 1 0 0 6 0 0 0 0 132 60 0 0 90 2 0 1 9 6 1 48 132 9 5 19 2 0 7 132 12 1 2 41 9 0 2 52 0 0 0 8 132 25 0 0 15 15 16 6 4 1 1 15 80 17 51 26 0 0 9 132 118 6 4 16 6 0 1 130 0 0 4 20 82 0 0 0 75 54 15 3 1 0 0 0 75 93 120 37 0 0 0 4 85 37 23 7 1 0 0 12 
20 24 6 1 0 0 0 0 19 113 118 13 0 0 0 0 37 96 109 31 0 0 0 0 3 6 59 116 0 0 0 0 118 23 0 0 0 0 0 7 118 92 59 29 0 0 0 45 23 35 100 74 2 3 4 12 6 15 30 69 8 21 4 0 111 1 0 0 0 1 2 34 118 0 0 0 0 0 30 118 2 0 5 7 3 43 118 51 0 0 0 0 4 118 67 0 17 6 2 0 0 0 1 16 15 0 2 0 0 0 49 118 12 5 4 13 3 34 115 36 0 0 1 13 9 92 42 0 
44 70 4 0 0 1 0 3 16 22 4 1 8 51 54 13 6 7 9 41 93 28 37 13 49 43 9 12 5 0 1 2 6 30 7 1 21 65 19 3 1 0 1 7 80 122 95 37 38 3 2 6 7 26 122 122 122 54 2 3 7 3 18 70 0 4 8 26 72 68 40 0 0 13 63 95 110 63 18 2 67 74 14 43 34 2 30 35 122 34 4 1 12 4 8 122 0 15 33 30 42 0 0 0 0 24 62 72 88 0 0 0 20 122 29 32 51 0 0 0 22 60 25 0 0 0 3 20 
16 9 13 51 8 5 0 0 16 7 47 78 15 35 13 15 57 6 4 2 5 24 57 111 11 0 2 32 21 9 28 62 28 3 0 4 59 39 8 24 0 0 3 23 118 118 96 0 22 2 11 2 6 106 118 118 39 9 1 4 2 5 94 118 42 8 0 8 66 15 3 11 1 13 36 118 118 42 5 0 29 38 118 93 4 4 5 13 118 30 13 26 0 0 0 35 8 2 7 12 23 12 3 2 8 27 35 71 46 29 0 0 29 69 57 62 1 0 0 0 31 20 64 47 0 0 0 1 
0 0 3 24 24 54 26 0 47 1 0 0 20 122 31 28 97 1 0 0 0 22 60 70 38 0 0 0 0 15 35 30 12 5 7 122 122 34 3 1 33 3 30 37 69 76 12 40 108 62 19 2 0 12 65 94 72 66 41 0 0 4 10 27 6 3 19 64 122 59 3 3 8 26 122 122 38 2 1 6 76 122 94 38 1 0 1 8 19 69 21 3 5 28 8 0 7 0 2 1 46 43 9 14 97 29 39 13 4 6 9 35 6 48 56 12 17 23 4 1 0 1 0 2 40 73 6 0 
21 18 0 0 4 9 1 1 4 0 0 0 5 81 74 8 17 0 0 0 1 88 111 19 35 0 0 0 0 4 24 49 36 12 0 1 79 51 0 0 0 0 0 2 113 113 104 38 43 3 0 0 2 29 74 113 62 1 0 0 0 0 6 98 26 6 7 28 113 35 0 0 0 3 113 101 113 56 10 12 47 51 113 16 0 0 12 86 99 35 7 0 0 0 3 40 6 7 33 34 15 0 0 0 0 1 113 113 27 0 0 0 18 34 108 42 13 0 0 0 10 16 21 13 16 11 10 6 
0 0 0 1 15 59 9 0 0 0 0 0 26 101 53 0 26 3 2 2 7 24 84 45 29 17 20 2 1 1 17 21 0 0 2 74 43 73 21 0 0 0 2 19 105 118 30 0 118 4 0 0 25 43 35 94 108 85 3 0 0 0 16 31 0 0 4 118 49 4 0 0 0 1 118 118 110 12 0 0 110 91 118 28 16 4 0 12 118 80 19 0 0 0 1 13 0 0 3 16 7 8 15 1 0 5 96 33 1 2 26 3 0 21 118 3 1 12 35 0 8 24 17 0 0 4 31 2 
9 1 0 5 25 19 26 21 0 0 0 2 9 39 118 85 22 0 0 0 3 25 118 84 15 0 0 13 34 1 1 20 5 2 5 18 70 59 31 5 0 1 28 32 29 118 118 5 118 22 18 3 0 19 84 114 118 0 0 21 29 0 0 29 0 0 31 94 55 1 0 0 3 12 118 109 22 2 0 0 118 118 105 7 0 0 0 5 90 36 1 3 21 1 0 10 0 0 25 50 4 0 0 0 4 47 40 91 16 0 0 0 10 118 31 3 0 0 0 0 2 23 10 13 7 0 0 0 
59 13 16 13 0 0 0 7 38 98 110 17 0 0 5 13 42 123 47 0 0 0 0 3 7 39 38 0 0 0 0 0 123 21 1 0 0 0 0 25 123 123 54 0 0 0 0 8 16 80 44 4 14 5 6 4 4 5 5 0 6 15 35 11 123 3 0 0 1 1 1 34 123 8 0 0 0 22 112 88 6 2 1 2 31 24 123 76 8 1 0 0 24 18 39 26 77 0 0 0 0 3 5 47 24 0 0 0 35 93 94 38 52 0 0 0 8 25 123 123 60 1 0 0 0 2 14 64 
86 89 2 1 2 6 2 5 14 46 22 19 116 47 3 3 0 111 116 15 44 4 0 0 0 82 101 2 2 0 0 0 116 30 1 0 1 16 7 38 18 116 58 4 26 48 8 7 0 116 116 19 15 2 0 0 0 12 31 8 35 27 0 0 116 27 0 0 0 0 7 86 53 85 5 1 1 1 78 116 7 5 2 15 39 6 26 37 0 0 0 7 83 16 0 0 15 0 0 0 0 0 29 93 69 0 0 0 0 0 71 116 99 0 0 2 17 2 9 65 0 0 1 6 54 5 0 0 
42 19 25 29 0 0 0 0 126 80 4 3 0 0 0 0 10 13 8 61 13 0 0 0 0 0 15 44 2 0 0 0 54 23 51 126 11 0 0 15 126 58 14 24 5 0 0 19 15 14 32 43 2 9 6 1 0 0 34 68 1 1 9 4 21 3 2 36 25 12 44 115 126 13 3 16 16 14 34 117 16 1 2 3 4 126 92 29 0 0 2 9 2 27 126 71 2 0 0 0 0 2 50 67 11 0 0 0 0 12 118 122 0 0 0 0 0 126 126 19 0 0 0 0 0 27 82 52 
0 0 0 0 11 57 26 0 0 0 0 0 48 97 34 5 73 0 0 0 3 20 47 76 39 13 1 0 0 3 21 26 0 0 14 80 42 20 13 0 6 1 7 20 126 96 7 7 126 17 5 3 13 25 4 69 125 91 5 0 0 1 3 18 0 0 15 126 49 2 0 0 2 4 126 126 74 13 0 0 100 105 126 17 3 1 0 11 126 76 19 0 0 0 0 14 0 1 14 20 2 1 6 2 0 3 114 14 0 2 16 2 0 16 113 5 0 8 23 0 4 24 14 0 0 1 21 2 
0 0 0 7 20 22 26 31 0 0 0 0 0 31 128 71 21 0 0 0 2 22 112 90 11 0 0 9 24 0 1 19 0 0 2 10 41 98 74 0 6 3 12 13 10 102 128 18 128 8 3 0 0 18 77 128 101 1 0 15 19 0 0 23 0 0 58 80 48 10 2 0 7 19 128 67 11 9 8 2 128 119 86 8 0 0 2 15 116 15 0 2 11 2 0 14 0 0 25 62 13 0 0 0 17 54 36 34 16 0 0 1 18 128 34 1 0 0 0 0 15 30 4 1 3 0 0 0 
38 79 12 0 0 0 0 2 30 111 53 0 0 0 4 40 26 61 111 4 0 0 20 44 74 42 37 3 0 0 2 12 80 41 0 0 0 6 34 46 32 31 1 0 0 63 101 54 101 13 3 0 0 4 88 111 111 27 3 1 0 0 4 75 9 41 111 0 0 3 24 25 8 111 111 1 0 11 25 8 82 111 52 2 0 2 5 23 111 45 1 0 0 12 32 58 16 46 40 0 0 3 7 2 8 46 76 0 0 62 48 3 19 47 27 0 0 70 97 35 28 16 1 0 0 27 51 33 
105 40 0 0 0 1 8 28 40 20 0 0 0 47 82 62 1 0 0 0 1 15 118 76 1 0 0 1 36 49 37 17 118 16 0 0 1 21 42 34 10 2 0 0 22 118 113 22 71 6 0 0 0 16 118 118 45 0 0 8 52 77 24 58 58 0 0 0 5 12 40 76 33 2 0 4 103 82 16 34 118 33 0 0 5 7 3 38 46 12 2 11 118 39 10 12 5 0 0 0 0 8 48 77 58 26 0 0 13 56 44 23 118 45 0 0 1 1 3 24 20 4 0 5 103 17 3 17 
55 5 0 1 24 1 0 7 111 98 27 0 0 13 52 25 11 65 17 0 3 37 111 27 29 5 0 0 0 9 18 17 42 0 0 5 68 4 4 29 60 2 3 0 5 107 111 63 111 12 4 0 2 48 111 111 111 2 0 0 0 0 3 53 8 5 0 14 89 1 2 8 42 96 60 2 4 18 15 10 104 107 105 10 3 31 7 19 111 14 0 0 0 1 1 18 14 1 0 7 59 0 0 4 109 37 5 2 2 14 6 34 59 22 20 21 13 74 19 21 111 3 0 0 0 1 2 33 
1 67 15 0 0 5 8 0 7 101 23 0 0 26 70 6 58 73 20 0 0 11 79 71 42 44 12 0 12 12 0 19 1 31 21 40 12 77 37 0 2 4 8 12 0 56 115 7 115 3 1 0 0 9 57 115 115 1 0 1 12 42 20 66 11 3 32 115 24 8 6 20 0 14 115 84 7 0 0 0 115 115 115 12 0 0 0 16 96 37 4 7 15 29 5 19 34 10 15 13 1 1 2 24 10 72 115 18 0 0 15 36 2 83 115 21 8 13 38 9 2 13 6 26 25 21 7 0 
80 0 0 0 3 18 25 48 8 0 4 21 15 35 118 59 0 0 7 24 40 18 101 39 1 3 16 43 11 0 4 10 80 0 0 0 71 55 10 47 1 0 0 0 83 80 118 33 81 21 0 0 0 5 118 118 118 42 22 11 16 3 6 60 61 0 0 3 82 22 0 41 3 39 10 5 109 20 1 1 118 118 14 0 0 0 1 5 118 54 1 2 23 42 15 19 45 0 5 14 22 1 0 26 6 112 53 26 29 6 7 2 31 101 41 6 4 8 26 8 24 16 0 0 0 32 39 9 
12 19 6 1 0 0 0 0 11 101 110 9 0 0 0 0 35 102 111 21 0 0 0 0 3 7 73 99 0 0 0 0 116 27 1 0 0 0 0 5 116 116 75 27 0 0 0 39 27 42 116 76 0 2 2 11 9 19 39 63 5 16 3 0 108 1 0 0 0 0 2 32 116 0 1 0 0 0 27 116 3 0 9 11 1 35 116 54 0 0 1 2 2 116 65 0 19 6 2 0 0 0 1 15 17 0 2 0 0 0 52 116 13 2 4 10 2 28 116 42 0 0 1 13 9 90 45 0 
106 46 3 1 0 0 2 3 17 10 28 85 0 0 4 7 0 5 24 121 22 0 0 0 18 25 9 36 13 17 11 7 110 19 0 0 0 2 63 63 110 19 5 11 11 9 35 36 6 2 4 72 121 48 2 0 1 0 0 33 121 66 5 1 64 2 0 0 0 0 55 121 108 12 0 0 5 64 121 121 1 0 0 1 36 121 118 0 0 0 0 0 58 110 23 1 8 4 0 0 0 0 6 34 3 0 0 0 0 26 118 53 0 0 0 1 1 66 68 0 0 0 0 3 0 14 10 1 
0 0 0 2 56 44 16 13 39 39 1 0 17 33 29 55 61 60 8 2 0 0 23 57 40 13 1 0 0 0 2 15 0 0 0 0 9 77 102 33 25 1 1 0 3 54 80 94 118 4 0 0 0 0 45 118 74 8 3 1 0 0 3 62 10 13 18 10 4 5 18 5 43 113 118 0 0 3 3 2 118 118 118 0 0 0 0 51 118 60 18 0 0 0 0 36 8 24 118 40 0 0 0 0 85 118 88 6 0 0 3 6 19 49 105 0 1 8 15 16 34 39 15 0 0 0 5 23 
7 0 0 0 0 5 40 34 1 1 0 0 2 40 91 20 11 2 0 0 0 29 123 62 17 0 0 0 0 6 32 59 15 2 0 2 8 74 46 96 1 0 0 0 15 123 123 13 123 8 0 0 0 32 123 100 117 15 0 3 7 21 21 56 2 0 27 60 42 39 22 17 5 0 0 32 82 74 26 4 123 6 0 1 1 1 27 109 100 9 1 2 8 11 40 110 0 0 25 39 46 55 3 0 0 0 3 22 95 39 1 0 48 30 3 1 4 2 12 42 95 73 0 0 0 0 11 46 
13 21 0 0 0 0 0 0 7 127 56 0 0 0 0 0 0 127 127 13 0 0 0 0 0 5 96 78 20 0 0 0 107 34 0 0 0 0 0 3 127 127 46 0 0 0 0 30 10 97 76 11 34 19 7 10 0 3 12 49 123 37 4 0 89 5 0 0 0 0 0 26 127 1 0 0 0 0 73 127 7 1 1 2 30 32 127 75 2 1 3 7 67 41 44 13 15 0 0 0 0 0 0 10 8 1 0 0 0 0 55 62 12 9 0 0 0 0 119 52 44 7 3 0 1 1 27 43 
93 54 0 0 0 0 0 2 87 128 46 19 6 0 0 5 0 4 74 111 19 0 0 0 7 9 34 34 4 7 6 3 132 4 0 0 0 0 0 29 132 24 7 8 3 3 16 50 4 4 21 62 76 100 14 3 2 0 1 10 50 132 31 11 73 0 0 0 0 0 7 99 60 1 0 0 0 8 132 132 0 0 0 0 29 132 132 22 3 0 0 0 22 118 9 12 0 0 0 0 0 0 4 20 0 0 0 0 0 0 64 58 0 0 0 0 0 29 81 15 1 0 0 0 0 10 7 7 
0 12 13 0 0 0 0 0 0 55 75 0 0 0 0 0 0 18 121 42 0 0 0 0 0 0 17 32 0 0 0 0 54 64 8 0 0 0 0 1 78 134 101 0 0 0 0 2 3 63 134 134 5 0 0 0 0 0 38 134 13 0 0 0 106 13 9 0 0 0 0 19 134 46 2 0 0 4 12 112 16 11 12 57 10 31 57 29 0 0 12 124 121 34 11 5 23 17 28 7 0 0 0 4 109 29 9 1 1 4 18 62 5 0 0 0 3 67 85 27 0 0 0 0 26 113 47 3 
7 0 0 0 0 0 3 20 22 5 5 0 0 0 44 126 18 2 21 11 2 3 59 126 16 3 8 4 1 1 3 24 0 0 26 13 0 0 3 3 17 6 13 1 0 0 8 35 126 20 0 0 0 0 5 96 97 27 13 20 0 0 0 11 0 0 126 102 0 4 7 0 4 18 126 67 0 4 4 0 126 126 81 6 0 0 0 0 88 68 17 31 10 0 0 0 0 0 30 23 0 30 126 1 13 5 53 27 0 19 119 60 120 126 52 6 1 0 6 61 13 42 15 31 43 1 0 5 
7 1 0 0 1 24 18 3 23 22 0 0 0 20 95 14 16 34 8 0 0 5 111 90 10 15 13 1 3 48 53 38 13 5 1 7 65 99 20 3 2 0 0 0 9 122 122 9 81 0 0 0 0 13 122 122 36 1 0 5 52 107 72 57 13 1 0 1 122 122 9 13 3 0 0 0 32 51 14 4 122 4 0 0 0 1 6 34 109 8 1 75 103 6 0 6 0 0 0 0 21 52 17 3 4 1 0 0 13 7 0 0 122 10 0 0 0 0 0 4 117 9 2 33 34 0 0 1 
