5 4 2 0 0 34 7 3 4 1 0 2 25 136 21 5 136 17 4 1 7 50 18 41 72 15 27 57 1 1 1 12 1 2 8 45 68 108 9 0 16 3 43 32 22 135 30 6 136 31 11 2 1 7 1 68 110 4 0 6 2 5 13 79 6 5 56 117 35 2 0 0 2 14 136 101 5 0 0 1 76 136 136 31 0 0 0 19 51 91 8 0 0 0 4 29 8 4 29 7 0 0 0 14 2 16 78 14 0 0 0 4 1 44 86 7 0 1 1 0 4 34 13 0 0 2 2 0 
27 34 3 1 3 20 20 3 0 0 1 2 29 91 54 15 7 0 0 0 0 11 60 93 9 0 3 4 1 0 2 31 11 6 1 10 5 125 132 9 13 0 0 1 3 132 132 22 132 3 0 0 0 19 67 132 64 2 0 0 0 0 3 47 0 3 70 132 8 23 25 0 34 12 44 127 8 18 24 2 132 46 9 4 0 2 2 50 78 9 0 0 0 7 2 37 1 2 14 38 3 8 3 2 4 15 69 127 2 0 2 2 56 115 46 11 0 0 5 4 24 14 0 0 0 6 11 8 
3 4 1 0 2 39 11 1 1 0 0 0 27 123 29 1 112 11 0 0 10 75 14 25 123 18 4 1 0 0 1 32 0 2 4 38 78 113 7 0 1 0 20 26 16 116 32 1 123 21 6 2 2 8 4 30 123 14 0 0 1 0 6 89 1 2 32 123 49 2 0 1 0 15 123 120 4 0 0 0 50 88 123 66 0 0 0 14 70 109 9 0 0 0 4 55 2 5 36 23 5 0 0 2 0 29 90 25 1 0 0 0 1 35 105 46 0 0 0 0 2 63 25 0 0 0 0 0 
2 0 1 8 9 65 41 4 0 0 0 5 33 123 68 24 22 0 0 0 0 13 74 114 27 2 0 0 0 0 7 47 0 0 2 5 2 123 123 3 13 0 0 1 6 123 123 11 123 16 0 0 0 13 36 94 81 10 2 0 0 0 3 47 0 0 102 108 2 14 9 0 12 6 53 100 4 4 5 1 123 40 10 5 0 0 0 53 84 21 1 0 0 1 0 66 0 0 31 42 4 6 1 2 0 6 83 123 3 0 2 2 48 109 77 16 0 0 2 2 23 39 3 0 1 4 3 4 
3 3 5 1 0 1 1 2 8 4 2 3 16 91 9 11 61 2 0 3 33 133 21 20 133 23 10 6 0 2 7 30 5 15 4 10 29 25 2 1 0 1 6 29 65 133 18 0 121 10 10 5 14 91 13 26 133 9 0 1 0 0 3 88 30 15 7 51 31 3 0 0 0 5 133 133 58 17 0 0 43 46 133 70 1 2 0 10 110 113 34 1 0 0 2 46 27 10 4 5 1 0 0 8 5 15 84 31 2 0 0 9 0 33 129 21 0 0 0 0 3 61 48 3 0 0 0 0 
10 4 2 0 3 79 85 6 1 0 0 1 15 126 126 14 63 0 0 0 0 19 84 120 30 0 0 0 0 0 4 47 1 0 40 59 8 108 117 3 24 3 21 38 4 90 105 7 126 9 1 1 0 10 17 87 82 6 0 0 0 3 2 54 3 7 88 100 6 7 2 1 7 17 126 126 2 0 0 1 126 126 64 20 0 0 1 19 63 34 1 0 2 11 11 21 4 0 1 1 1 11 7 4 1 6 24 25 2 1 6 7 5 41 27 6 0 3 25 13 2 3 0 0 0 8 33 5 
3 3 0 0 6 42 7 1 1 0 0 0 56 124 15 1 124 10 0 0 16 37 2 31 124 6 0 0 0 0 2 43 1 3 5 28 99 95 2 0 2 0 28 27 32 114 12 1 124 19 15 2 1 5 2 57 124 15 0 0 0 2 13 122 4 3 27 124 54 3 0 1 0 23 124 94 8 0 0 0 42 98 124 48 0 0 0 8 67 124 8 0 0 0 1 23 4 6 26 21 7 0 0 2 0 40 87 16 2 0 0 0 1 34 93 28 0 0 0 0 6 56 22 0 0 0 0 0 
0 1 1 5 8 61 56 2 0 0 0 4 19 122 81 27 15 0 0 0 0 5 85 107 21 1 0 0 0 0 7 51 0 0 4 4 2 122 122 1 21 0 0 2 1 122 122 18 122 16 0 0 0 5 42 102 74 12 0 0 0 0 2 46 0 0 110 103 2 6 10 0 22 12 52 96 2 3 5 1 122 58 12 2 0 0 0 54 72 24 1 0 0 1 0 61 0 0 28 47 2 2 4 2 2 11 108 98 1 0 2 2 40 112 74 6 0 1 5 3 16 31 3 0 0 5 8 3 
4 4 3 1 0 3 1 3 5 4 2 1 25 129 7 8 108 4 0 1 28 120 24 24 129 24 16 19 1 0 3 23 4 9 6 14 41 36 2 2 0 0 10 34 62 129 17 1 129 13 9 5 8 51 10 35 129 5 0 2 2 1 7 92 26 11 7 68 33 2 0 0 0 6 129 129 42 11 0 0 63 64 129 67 0 0 0 14 101 103 18 0 0 0 3 47 24 8 7 7 1 0 0 8 5 15 85 26 1 0 0 6 1 36 119 21 0 0 0 0 5 58 34 0 0 0 0 0 
0 0 0 0 0 0 127 56 0 0 0 10 6 2 127 96 6 2 16 21 4 1 36 66 13 16 11 2 0 0 0 3 1 1 0 0 0 0 107 31 14 12 0 0 0 0 127 126 127 21 10 3 0 0 41 127 66 11 20 15 0 0 0 26 8 37 20 0 0 0 1 1 13 127 57 0 0 0 0 5 127 127 40 0 0 0 0 24 103 10 7 7 0 0 0 31 65 56 10 0 0 0 0 0 44 127 75 0 0 0 0 2 11 111 95 7 0 0 0 2 18 5 24 10 0 0 0 17 
1 8 10 3 4 18 4 1 17 28 1 0 0 16 63 21 7 24 3 0 0 0 56 46 1 8 3 0 0 1 11 7 0 5 15 2 6 146 22 0 7 5 0 0 0 146 146 44 60 3 0 0 0 4 146 146 37 28 2 0 0 2 53 74 0 0 0 0 9 146 15 0 32 1 0 0 0 94 26 23 146 18 0 0 0 0 2 62 146 46 1 0 0 0 1 16 0 0 0 0 8 55 0 0 40 5 0 0 0 4 1 9 146 16 0 0 0 0 5 67 72 4 0 0 0 0 25 70 
0 4 20 9 0 0 0 0 46 1 3 5 0 0 0 23 143 1 0 0 0 0 0 95 65 2 0 0 3 11 1 14 0 16 99 128 0 0 0 0 20 12 60 82 0 0 0 2 143 61 13 1 0 0 0 61 106 20 1 2 18 18 0 25 0 17 95 143 1 0 0 0 0 41 143 143 3 0 0 0 72 143 125 6 8 2 0 0 29 58 22 15 25 2 0 0 1 4 14 44 23 0 0 0 4 73 59 55 25 0 0 0 1 86 44 2 16 6 0 0 0 9 16 7 8 1 0 0 
0 0 0 0 0 0 96 60 0 0 0 0 0 3 136 84 18 0 0 0 0 0 19 83 1 0 0 0 0 0 3 5 0 0 0 2 2 2 45 25 10 0 0 0 0 0 97 97 136 8 0 2 0 0 10 136 23 8 0 12 7 0 1 6 0 1 86 47 2 0 1 0 10 31 89 15 0 0 3 7 136 136 22 11 3 0 0 35 52 44 1 50 44 0 0 1 0 1 136 52 0 0 0 0 0 52 136 36 0 0 0 0 85 136 74 5 15 4 0 1 23 30 1 24 102 6 0 0 
0 0 0 0 5 3 0 0 1 19 7 0 1 7 21 9 11 67 42 0 0 4 85 30 2 34 88 3 0 2 43 32 0 0 0 0 16 73 12 0 0 3 0 0 12 135 135 9 22 10 0 0 0 51 135 133 77 5 4 0 0 2 82 135 0 0 1 7 135 66 0 0 0 0 0 4 118 96 8 0 78 9 0 1 5 7 8 29 135 20 0 0 0 0 0 49 0 0 0 2 116 37 0 0 0 1 2 2 73 26 0 0 71 25 2 0 2 0 0 2 135 28 0 0 0 0 0 2 
0 0 0 0 0 0 22 23 9 0 0 0 0 0 40 131 71 1 0 0 0 0 2 131 5 1 0 1 1 0 1 3 0 0 27 35 1 0 1 2 24 6 13 6 0 0 3 39 131 18 2 2 0 0 0 113 41 9 3 17 9 0 0 5 0 0 131 131 0 0 0 0 4 22 131 59 0 0 0 0 131 131 78 12 2 0 0 6 50 51 3 60 52 0 0 0 0 3 77 63 0 0 0 0 0 23 131 54 0 0 0 0 53 131 94 4 12 2 1 2 17 28 0 25 107 6 1 0 
1 6 1 0 1 0 0 0 15 49 3 0 0 12 35 8 17 111 27 0 0 14 128 35 4 21 29 2 6 13 54 26 2 3 0 0 3 100 16 0 7 4 0 0 1 128 128 14 76 1 0 0 0 41 128 128 94 1 0 0 0 3 35 128 0 0 0 0 75 128 3 0 3 1 0 1 22 92 14 5 128 7 0 0 0 1 3 49 128 11 0 0 0 0 0 34 0 0 0 6 85 20 0 0 5 2 1 3 21 6 0 0 128 25 0 0 0 0 0 1 128 18 0 0 0 0 0 7 
130 26 0 0 0 0 0 11 69 43 16 11 2 5 7 35 0 0 18 57 30 45 5 1 0 0 4 19 25 61 8 0 132 16 0 0 0 0 0 26 122 73 35 9 0 7 16 37 0 4 37 114 70 62 19 2 7 0 0 37 132 58 7 2 125 0 0 0 0 0 30 105 57 5 1 1 0 18 132 108 1 2 5 9 29 132 132 3 13 0 3 5 65 101 34 4 1 0 0 0 0 0 22 35 6 0 0 0 0 2 104 36 20 6 13 7 1 14 71 34 2 0 11 22 8 10 18 4 
20 35 0 0 0 0 0 0 31 106 119 0 0 0 0 0 0 21 132 21 0 0 0 0 0 8 127 27 0 0 0 0 97 39 8 0 0 0 0 0 132 116 54 5 1 1 0 13 16 36 126 77 33 10 0 6 6 35 80 46 16 9 2 3 70 35 20 5 17 11 0 16 132 4 1 1 5 11 29 132 19 2 0 4 34 111 69 60 6 2 0 0 17 58 27 42 17 5 3 0 11 25 6 12 35 4 15 0 2 4 68 102 10 2 5 0 0 36 130 62 10 0 0 0 5 21 23 57 
119 12 0 0 0 0 0 14 71 21 4 2 0 2 10 50 0 1 8 31 20 44 13 4 0 0 0 15 27 64 6 0 126 18 0 0 0 0 0 20 126 80 29 3 0 1 4 15 2 10 53 90 28 21 8 1 0 0 3 80 126 32 2 0 126 0 0 0 0 0 14 76 92 4 0 0 0 6 126 99 1 0 1 7 15 116 126 6 0 0 0 3 91 126 63 0 6 0 0 0 0 0 26 55 2 0 0 0 0 1 126 33 14 7 13 2 0 31 119 14 1 2 27 15 0 27 28 2 
24 54 4 0 0 0 0 0 18 80 125 6 0 0 0 0 0 12 125 25 0 0 0 0 0 7 113 20 0 0 0 0 125 40 3 0 0 0 0 0 125 111 83 6 0 0 0 3 3 13 125 85 29 3 0 0 6 44 91 28 5 1 0 1 125 14 11 9 14 7 0 28 125 10 1 1 1 8 17 94 9 2 3 10 46 92 29 18 16 8 1 2 6 27 18 35 40 1 0 1 22 14 0 27 64 0 0 0 0 4 102 125 4 0 0 0 2 80 125 38 9 0 0 0 0 14 22 60 
19 10 8 24 5 0 0 3 1 1 37 128 40 0 0 0 8 54 109 80 6 0 0 0 30 96 23 2 7 2 0 0 70 8 2 2 0 0 2 73 25 28 86 79 0 0 0 1 0 49 128 64 13 19 0 0 0 39 47 13 60 87 0 0 128 11 5 6 0 0 0 128 109 55 34 1 7 51 25 22 0 13 40 5 27 128 39 0 0 0 0 1 25 128 3 0 128 16 3 7 3 1 0 26 89 14 0 17 91 44 15 19 0 0 0 24 80 90 22 0 0 0 0 4 10 18 2 0 
6 13 67 5 0 0 5 12 2 5 120 56 0 0 0 2 1 15 82 69 0 0 0 0 3 58 20 2 0 0 0 0 42 6 11 0 0 2 69 120 88 13 76 28 0 0 0 120 13 13 120 120 1 2 5 33 2 97 76 39 4 23 14 0 120 63 0 0 0 0 9 41 120 25 0 0 0 2 8 56 11 0 6 11 7 92 72 50 2 6 11 7 10 120 112 1 71 93 0 0 0 0 0 1 47 30 0 0 2 19 20 8 0 0 0 0 42 120 18 0 18 6 1 0 25 76 10 5 
5 2 4 7 0 0 34 91 29 8 31 121 25 0 8 58 0 0 118 121 18 7 4 1 1 6 99 35 0 2 2 2 98 19 0 0 0 0 23 58 121 60 6 20 17 34 6 26 0 2 27 88 46 41 9 0 0 1 44 54 8 9 8 0 121 7 0 0 0 0 0 17 121 5 0 0 22 95 23 38 0 0 0 1 18 121 121 1 0 0 0 4 3 36 121 31 61 2 0 0 0 0 0 24 46 0 0 4 69 59 26 47 0 0 0 19 94 121 42 1 0 0 0 1 1 8 74 20 
5 4 0 0 11 34 3 0 1 0 0 0 80 122 7 0 122 5 0 0 21 23 0 33 122 0 0 2 0 1 5 45 3 6 4 18 114 60 0 0 2 0 23 31 73 111 4 1 122 18 21 3 1 6 0 72 122 23 0 0 0 1 13 122 13 4 13 106 60 1 0 2 0 27 122 110 22 1 0 0 45 97 122 37 0 0 0 4 86 122 9 0 0 0 0 9 11 7 11 20 6 0 0 4 1 47 73 24 4 0 0 0 3 43 83 22 0 0 0 0 11 55 19 0 0 0 0 0 
7 0 0 2 0 0 16 110 42 10 13 113 19 0 13 76 1 2 103 125 19 2 0 0 0 7 93 34 3 0 0 0 72 7 0 0 0 0 8 68 125 54 1 11 19 27 4 35 4 3 8 67 63 44 8 0 0 0 19 49 19 10 6 0 125 4 0 0 0 0 0 14 125 7 0 0 20 79 2 44 0 0 0 1 23 125 107 2 0 0 0 3 4 52 125 33 60 2 0 0 0 0 0 11 83 0 0 1 64 60 0 63 0 0 0 8 108 125 35 2 0 0 0 0 1 14 76 21 
28 4 1 1 0 0 0 22 13 9 21 90 9 0 0 0 0 0 81 121 7 0 0 0 0 28 121 39 0 0 0 0 106 6 0 0 0 0 0 111 55 50 42 10 0 0 0 7 0 10 121 66 0 7 1 0 0 17 121 26 10 43 2 0 121 47 2 7 8 0 0 78 121 53 13 3 16 32 34 24 2 6 42 8 12 121 121 1 0 0 6 3 6 121 73 0 121 19 0 2 3 0 0 29 83 12 0 20 84 20 7 20 0 0 0 27 105 43 39 0 0 0 0 5 21 27 18 0 
28 6 31 11 0 0 2 67 11 5 97 124 0 0 0 12 0 26 46 124 1 0 0 0 4 76 21 0 0 0 0 0 124 5 0 0 0 0 2 117 96 7 15 49 1 0 1 93 8 23 56 124 14 4 10 18 6 99 52 13 4 31 17 0 124 69 0 0 0 0 0 5 73 5 0 0 0 7 29 47 3 0 5 12 13 124 111 28 0 5 5 2 14 124 124 3 45 51 1 0 0 1 4 4 9 1 0 0 4 50 30 4 2 0 0 0 47 124 21 0 12 24 3 0 13 49 35 4 
0 6 72 45 0 1 23 11 0 2 119 119 7 1 6 5 0 31 119 68 3 6 6 1 0 18 112 6 0 1 0 0 33 5 2 1 0 3 101 72 106 24 40 63 14 6 18 34 0 2 75 89 40 12 0 0 0 2 38 36 4 9 3 0 119 15 0 0 0 1 26 39 119 24 1 0 35 49 2 28 0 0 0 3 47 119 20 0 0 0 0 3 3 119 95 1 99 0 0 0 0 0 0 33 75 0 0 0 35 41 2 70 0 0 0 1 91 119 13 0 0 0 0 0 5 101 54 0 
53 5 1 3 0 0 0 19 8 6 17 122 3 0 0 0 0 6 106 122 0 0 0 0 4 67 87 14 1 0 0 0 122 17 1 4 0 0 0 112 54 38 70 30 0 0 4 7 0 2 122 80 7 16 6 0 0 10 87 26 33 55 1 0 122 66 0 7 6 0 0 51 76 27 10 4 27 53 71 20 0 0 15 13 16 122 122 0 0 0 0 1 12 122 47 0 122 5 0 2 2 0 0 57 53 2 0 34 95 25 5 22 0 0 0 34 83 40 36 0 0 0 0 3 13 27 15 0 
5 21 83 5 0 0 0 4 1 4 122 82 0 0 0 0 11 46 46 67 0 0 0 0 23 94 6 0 0 1 0 0 52 13 14 0 0 0 22 122 55 10 78 69 0 0 0 69 9 38 108 122 3 2 1 6 17 90 31 2 19 72 5 0 122 5 0 0 0 0 7 89 116 2 0 2 0 2 11 83 7 1 11 25 16 121 67 29 1 7 4 2 49 122 67 0 122 33 0 0 0 0 0 2 53 5 0 0 1 29 16 9 2 0 0 0 71 122 19 3 16 23 0 0 19 64 24 2 
15 29 1 0 0 0 0 0 17 76 113 1 0 0 0 0 0 13 134 17 0 0 0 0 0 1 86 29 0 0 0 0 95 34 1 0 0 0 0 0 134 121 94 8 1 0 0 4 10 33 134 92 19 0 0 0 4 25 113 99 11 0 0 0 80 48 15 5 6 2 0 7 134 13 5 4 6 8 4 105 32 9 5 24 55 61 15 40 10 8 4 17 31 49 7 21 34 9 0 1 15 16 8 10 92 0 0 0 6 13 45 134 8 0 0 0 3 65 113 73 4 0 0 0 10 30 17 44 
0 0 0 0 0 95 90 0 1 0 0 0 0 127 127 6 120 5 0 0 0 19 72 127 54 2 0 0 0 3 1 36 0 0 0 0 1 127 69 0 24 8 2 0 0 46 58 11 127 63 1 0 0 2 6 47 111 33 5 4 6 8 6 26 1 48 51 1 1 11 8 0 10 97 127 1 0 0 0 1 127 127 43 0 0 0 3 59 54 8 0 0 2 20 76 66 3 72 66 0 0 0 0 0 3 43 97 7 0 5 5 1 5 30 22 4 0 7 9 4 1 1 0 0 0 1 35 7 
4 3 0 19 47 5 0 1 0 0 0 40 131 13 0 0 73 0 0 2 10 2 0 40 131 0 0 0 0 0 0 50 8 2 0 14 60 24 2 5 0 0 5 60 131 31 0 0 70 10 14 11 12 1 0 13 131 2 0 0 0 0 0 53 16 23 15 26 18 1 0 0 3 26 131 131 60 0 0 0 21 18 131 131 2 0 0 1 131 87 65 7 0 0 0 18 59 27 5 0 0 0 0 3 44 37 72 33 3 3 4 13 1 21 131 89 3 1 2 2 4 53 101 11 0 0 0 0 
126 23 0 0 0 0 0 11 50 34 17 8 1 7 7 26 0 0 9 56 44 58 5 0 1 0 0 16 34 61 14 0 131 12 0 0 0 0 0 24 126 47 25 14 3 5 17 27 0 1 15 107 123 39 14 1 10 0 0 33 131 29 1 1 128 1 0 0 0 0 30 116 38 0 0 0 0 14 131 109 0 0 0 0 44 131 131 3 18 0 0 0 87 89 26 2 3 0 0 0 0 0 20 48 8 2 0 0 0 2 112 35 12 10 25 15 0 32 68 10 7 1 11 17 0 13 12 2 
19 46 3 0 0 0 0 0 31 117 122 2 0 0 0 0 0 18 131 15 0 0 0 0 0 7 127 27 0 0 0 0 104 38 10 2 0 0 0 2 131 116 36 0 0 0 0 12 18 27 129 50 22 14 2 4 5 25 57 40 17 8 1 5 71 9 10 9 26 18 0 32 131 4 0 0 0 0 45 131 14 1 0 2 13 106 120 39 7 1 0 0 9 52 40 57 14 2 9 0 10 14 0 13 25 1 19 0 0 0 89 89 2 0 8 0 0 33 131 33 16 0 0 0 0 14 32 64 
7 0 0 4 35 3 0 3 14 1 0 37 136 4 0 1 136 1 0 2 4 0 0 42 79 0 0 3 4 0 0 13 13 1 0 9 18 0 0 2 10 1 0 71 136 0 0 0 136 2 0 8 20 0 0 63 136 0 0 2 6 0 0 40 18 2 0 1 9 0 0 1 9 2 18 129 128 0 0 0 136 2 7 74 19 0 0 44 136 0 0 0 4 0 0 36 21 2 0 0 0 0 0 0 52 24 34 85 24 0 0 0 104 9 12 136 60 0 0 8 136 5 1 0 0 0 0 19 
101 24 25 38 0 0 0 72 132 79 3 12 1 1 1 26 9 14 12 36 5 4 8 11 2 4 6 5 7 9 4 11 132 77 48 40 0 0 0 19 132 85 8 11 4 0 0 27 21 13 16 64 36 2 3 18 10 6 7 57 48 6 2 12 132 28 15 12 1 1 2 53 132 6 0 2 1 0 29 129 16 0 0 42 36 21 43 58 6 0 1 34 18 14 47 28 33 11 3 4 16 19 12 29 6 0 0 14 29 33 132 98 0 0 0 1 2 50 132 83 0 0 0 0 1 36 132 16 
1 46 52 12 20 4 4 1 0 106 118 23 31 3 0 0 0 66 131 45 65 25 0 0 10 102 89 3 6 3 0 0 111 48 21 0 0 11 35 43 25 131 97 4 2 2 0 0 0 52 131 26 10 20 2 0 2 21 82 19 12 19 4 4 131 19 0 0 0 12 9 69 93 58 7 0 2 40 18 20 8 29 10 15 12 72 20 0 7 9 6 20 19 24 2 3 131 0 0 0 0 0 1 131 103 14 1 0 1 18 8 74 6 22 3 1 4 87 15 0 1 2 0 2 4 24 25 8 
18 4 6 0 2 2 8 54 13 11 14 16 21 12 28 38 4 0 0 22 67 44 26 12 23 0 0 0 1 2 8 38 4 0 0 12 27 18 25 46 2 0 0 8 64 127 127 40 80 15 0 1 23 127 127 41 110 16 0 0 0 4 18 46 6 9 30 29 65 18 5 4 5 9 21 123 127 28 12 2 127 45 2 40 45 9 21 32 127 21 0 0 0 1 1 27 3 14 55 22 8 6 1 1 0 4 27 115 127 41 0 0 79 10 5 42 81 16 3 52 89 10 0 0 0 0 0 54 
0 0 0 32 74 11 0 0 51 13 1 53 137 27 1 13 137 57 1 0 1 2 10 79 15 15 3 2 3 5 43 26 0 1 1 12 119 49 0 0 45 9 28 28 137 94 0 23 137 26 13 1 7 10 13 97 56 17 3 1 5 13 48 43 1 6 25 49 103 21 0 0 24 99 137 54 56 18 0 1 73 95 137 56 5 0 0 5 44 26 21 27 6 0 0 9 5 5 8 30 25 0 0 1 81 44 27 8 2 1 3 15 10 7 28 61 28 8 17 6 4 7 6 47 21 2 2 1 
67 15 10 3 1 4 1 11 65 6 0 9 34 104 117 64 16 0 4 23 27 40 116 84 20 0 0 0 0 4 5 36 11 2 11 43 24 14 1 7 14 0 0 49 117 66 34 33 117 4 0 10 21 10 63 116 83 2 0 0 0 1 13 60 2 1 1 9 29 23 2 0 12 9 26 117 86 2 1 2 117 95 97 93 33 8 9 26 104 30 9 22 18 19 23 64 3 5 4 2 2 2 1 0 50 23 35 25 1 0 5 5 10 74 104 56 14 1 18 21 41 60 95 49 16 0 0 3 
27 19 1 15 41 46 13 24 13 0 0 12 41 91 36 49 63 0 0 3 5 2 4 119 10 5 1 4 4 1 1 9 23 28 12 46 102 13 3 3 10 0 3 79 119 5 0 8 119 8 3 9 2 0 0 68 55 6 2 25 20 2 4 13 1 14 12 45 81 5 1 0 4 35 119 119 63 1 0 0 119 119 108 69 2 0 0 14 60 46 11 38 85 5 0 5 10 17 6 25 20 0 0 1 53 46 78 40 2 0 3 26 18 116 119 32 20 2 0 9 2 30 10 17 119 14 0 0 
121 31 0 0 1 19 8 11 38 10 0 2 12 118 121 36 0 0 2 23 53 35 87 55 21 0 0 3 20 17 11 15 82 6 1 1 53 40 3 25 6 0 0 3 121 121 84 72 60 2 0 0 4 30 121 121 93 6 0 0 2 20 20 30 17 2 3 13 63 10 0 19 3 0 0 38 121 16 1 9 121 11 0 3 8 0 3 61 98 24 0 6 13 26 11 36 7 1 1 14 14 3 1 4 5 5 10 121 88 0 0 1 62 90 47 24 11 0 0 13 37 24 7 14 34 35 1 18 
12 41 10 0 0 0 0 0 6 69 120 1 0 0 0 0 0 50 120 38 5 0 0 0 1 8 17 55 16 0 0 0 120 65 1 0 0 0 0 1 120 120 119 0 0 1 0 12 5 36 120 95 87 6 1 2 1 47 64 118 64 0 0 0 120 24 0 0 0 0 0 22 120 12 1 0 0 1 6 120 8 2 16 26 42 24 28 46 13 48 74 29 13 9 11 13 41 14 4 0 1 0 1 26 53 0 0 0 0 0 19 120 2 0 0 0 0 50 85 56 26 0 0 0 0 21 26 56 
36 36 20 0 0 0 0 8 37 117 104 1 0 0 0 16 104 52 32 3 4 4 7 51 3 1 0 4 15 35 45 6 122 33 2 0 0 0 0 18 122 95 76 10 1 1 5 19 12 37 61 23 22 34 10 2 0 1 0 39 90 52 9 0 122 11 0 0 0 0 8 77 98 6 0 0 0 7 122 122 1 0 0 1 5 90 122 14 0 0 0 1 21 122 54 0 7 0 0 0 0 0 11 37 0 0 0 0 0 0 107 84 0 0 0 0 0 11 122 39 2 0 3 1 2 37 45 7 
16 53 30 2 4 4 12 4 18 134 27 7 11 7 1 0 5 109 134 13 4 0 0 0 1 21 53 9 9 9 4 2 134 27 2 0 5 27 43 61 108 134 6 0 1 0 0 6 15 63 12 8 35 39 0 0 15 4 11 11 54 49 3 3 134 2 0 0 29 42 8 104 134 36 0 0 7 21 0 31 18 31 6 8 27 101 4 1 10 13 18 34 30 16 0 1 134 0 0 0 11 7 0 77 134 3 1 0 5 19 11 134 28 37 4 0 16 44 4 3 4 5 0 2 22 49 3 2 
130 44 17 0 0 0 0 12 130 40 17 10 0 0 0 16 49 3 11 11 1 0 0 34 71 0 0 0 0 0 0 33 130 113 83 2 0 0 0 35 130 33 29 17 1 0 0 128 51 2 13 82 9 0 0 17 109 0 0 3 0 0 0 40 115 114 13 0 0 0 0 1 130 41 15 0 0 0 1 130 42 2 3 61 13 1 8 118 69 0 0 20 6 0 3 34 46 46 0 0 0 0 0 0 34 18 3 0 0 0 0 34 18 7 1 4 3 0 14 126 20 0 0 3 4 0 7 41 
18 45 9 1 5 28 40 22 5 70 82 22 10 13 9 3 6 11 99 98 2 2 25 12 53 23 32 7 0 0 7 23 121 91 3 0 0 1 12 32 35 121 36 5 0 2 12 8 5 44 121 92 9 28 0 1 18 20 85 33 34 44 1 1 121 78 0 0 0 0 17 37 59 94 1 0 0 0 68 70 28 20 50 24 42 54 5 20 5 104 121 17 25 53 0 0 54 2 0 0 0 0 42 83 99 0 0 0 0 0 46 121 92 16 15 1 0 0 0 62 16 32 29 0 0 0 0 19 
0 30 14 1 11 61 18 1 37 116 34 0 2 5 15 23 32 69 20 51 28 0 6 21 116 57 0 4 6 0 2 19 69 84 13 3 10 7 5 8 94 116 35 0 0 2 3 29 27 89 28 62 64 4 8 7 101 70 17 12 7 1 9 25 84 6 0 0 18 20 20 76 116 1 0 0 3 17 20 116 16 5 3 1 6 56 89 41 6 5 2 0 0 4 111 60 4 0 0 0 0 1 46 83 23 0 0 0 1 11 64 116 1 0 0 0 8 113 106 50 0 0 0 0 0 15 116 31 
4 2 0 1 17 35 1 2 31 1 0 0 95 135 3 7 135 5 0 1 8 8 4 81 33 2 2 5 6 3 6 20 5 7 1 42 100 52 0 0 32 4 45 52 88 91 1 8 135 38 19 2 0 2 3 130 74 26 0 0 1 2 9 70 29 6 12 91 35 0 0 2 2 33 135 115 19 0 0 0 104 135 135 12 0 0 0 5 81 77 0 0 0 0 0 3 27 10 12 6 2 0 0 5 5 38 69 10 1 0 0 3 4 68 49 4 0 0 0 0 8 25 1 0 1 6 4 2 
