3 0 0 19 91 8 0 0 8 1 0 17 125 5 0 1 139 2 0 0 1 0 0 54 117 0 0 0 0 0 0 31 2 0 1 31 114 21 0 0 4 2 14 57 139 13 0 0 139 31 11 1 1 0 0 37 139 11 0 0 0 0 0 49 10 21 24 49 25 0 0 0 1 34 139 139 22 0 0 0 53 139 139 21 0 0 0 1 59 86 36 14 0 0 0 10 61 22 7 0 0 0 0 1 31 32 75 10 2 1 2 4 1 19 77 9 1 0 0 0 1 11 14 12 0 0 0 0 
0 0 0 20 126 20 0 0 10 0 0 6 60 4 0 2 138 0 0 0 0 0 0 62 111 1 0 0 0 0 0 39 1 0 1 68 138 17 0 0 5 3 25 52 65 3 0 1 138 34 11 0 0 0 0 33 138 14 0 0 0 0 2 41 7 20 42 80 34 1 0 0 0 35 138 138 11 0 0 0 49 138 138 23 0 0 0 1 59 107 23 15 0 0 0 4 54 32 17 1 0 0 0 2 17 39 89 24 8 1 0 1 0 33 82 15 2 0 0 0 4 10 11 8 0 0 0 0 
0 0 0 25 128 10 0 1 3 0 0 13 61 5 0 2 109 1 0 0 0 0 0 60 128 0 0 0 0 0 0 67 2 0 1 87 120 10 0 0 1 2 19 96 73 1 0 0 88 35 19 1 0 0 0 17 128 43 1 0 0 0 0 61 10 1 4 67 30 1 0 2 2 43 128 128 30 0 0 0 20 128 128 42 0 0 0 0 71 128 22 3 0 0 0 0 26 14 7 3 1 0 0 0 34 98 77 14 2 0 0 0 3 49 117 21 7 0 0 1 2 25 13 2 1 0 0 0 
0 0 0 0 0 0 59 38 0 0 0 0 0 0 134 134 30 1 0 0 0 3 104 134 40 13 8 0 0 0 2 40 0 0 27 41 1 1 4 2 12 18 8 3 0 0 13 23 134 84 3 0 0 0 12 113 134 46 0 0 0 0 1 52 0 2 104 134 4 0 0 0 4 65 134 46 0 0 0 0 112 134 46 2 0 0 0 3 75 95 15 4 0 0 2 6 0 4 21 13 1 0 0 2 1 11 84 17 0 0 3 8 80 42 24 6 0 0 3 32 31 5 6 2 0 0 6 44 
1 0 0 25 94 9 0 1 4 1 0 19 105 5 0 1 140 2 0 0 1 0 0 44 132 0 0 0 0 0 0 32 1 1 1 40 117 30 1 1 2 2 23 56 114 18 0 0 140 34 17 1 0 0 0 34 140 17 0 0 0 0 0 48 13 28 46 60 23 0 0 0 1 32 140 140 12 0 0 0 34 140 140 27 0 0 0 0 59 98 54 11 0 0 0 7 66 22 9 0 0 0 0 2 22 21 60 10 3 4 3 4 2 12 68 9 1 0 0 0 2 11 16 7 0 0 0 0 
0 0 0 0 0 36 125 0 0 0 0 0 0 51 140 18 55 10 0 0 0 6 56 100 15 6 0 0 0 0 2 11 0 0 0 0 0 51 140 2 18 1 0 0 0 39 140 35 140 25 0 0 0 0 33 140 66 8 1 0 0 0 2 12 0 21 97 4 0 1 5 1 23 54 114 16 0 0 3 2 140 140 12 0 0 0 1 37 60 9 2 5 3 4 24 24 0 27 97 6 0 1 1 0 1 39 125 26 1 1 1 0 43 62 23 0 0 0 12 27 9 0 0 0 0 3 66 22 
1 3 6 1 1 75 29 0 7 2 0 0 0 61 135 43 8 1 1 0 1 1 103 135 7 5 2 1 4 4 8 22 0 0 0 0 0 135 98 0 5 0 0 0 0 79 135 47 135 10 0 0 0 0 61 135 102 16 4 1 2 1 26 84 0 0 0 0 0 44 23 1 25 13 0 0 0 2 5 21 135 81 2 0 0 0 14 45 67 20 3 0 0 2 53 97 0 19 7 1 1 2 1 0 19 128 40 0 0 0 0 1 36 135 6 0 0 3 2 0 8 21 5 0 0 6 5 2 
0 0 0 33 73 3 0 0 9 3 2 3 3 0 0 3 126 1 0 0 0 0 0 84 109 0 0 0 5 2 0 69 1 0 4 126 82 2 0 0 1 7 35 37 9 0 0 0 119 43 14 0 0 0 0 31 126 41 1 4 1 1 0 61 6 4 19 111 55 0 1 2 22 29 126 126 11 0 0 0 42 126 126 41 0 0 0 0 90 126 12 4 0 0 0 0 21 19 23 10 7 0 0 1 46 87 96 29 3 0 0 0 5 63 119 27 6 4 4 5 3 28 7 2 5 0 1 3 
0 0 0 25 101 4 0 0 3 1 1 21 85 2 0 1 136 3 0 0 0 0 0 41 133 2 0 0 0 0 0 27 1 0 1 32 129 34 2 0 2 1 13 32 103 20 0 1 136 20 9 0 0 0 0 36 136 10 0 0 0 0 0 49 5 23 59 70 35 1 0 0 0 17 136 136 15 0 0 0 38 136 136 17 0 0 0 1 76 106 55 6 0 0 0 8 49 29 20 0 0 0 0 2 9 17 91 14 3 3 5 2 1 20 94 9 0 0 0 0 1 14 23 6 0 0 0 0 
0 0 0 0 0 31 126 0 0 0 0 0 0 54 137 11 56 6 0 0 0 7 73 108 22 5 0 0 0 0 1 14 0 0 0 0 0 48 137 2 9 0 0 0 0 42 137 20 137 15 0 0 0 1 37 137 92 8 0 0 0 0 1 20 1 23 76 1 0 1 5 2 12 30 104 16 0 1 3 1 137 131 16 0 0 0 0 20 94 12 3 3 5 2 11 20 0 30 101 3 0 0 0 0 1 32 137 29 3 1 1 0 56 72 37 1 0 0 5 22 20 0 0 0 0 2 49 30 
67 62 1 0 0 0 0 0 41 37 29 32 8 8 5 6 6 2 15 26 11 8 6 17 0 5 14 10 12 0 0 2 123 56 0 0 0 0 0 12 123 52 88 59 1 0 0 10 8 13 123 123 8 0 0 9 0 12 104 48 26 3 0 1 123 2 0 0 0 0 0 60 123 4 1 0 2 8 6 118 17 3 24 23 29 88 123 45 8 2 5 31 78 55 78 15 100 3 0 0 0 0 0 13 88 1 0 0 17 40 9 72 45 13 3 10 81 123 57 16 64 24 0 0 0 17 39 18 
73 55 1 0 0 0 0 3 53 38 38 13 4 5 18 16 1 3 8 27 14 4 13 6 0 6 16 9 10 2 0 0 122 79 1 0 0 0 0 17 122 77 116 68 0 0 0 18 7 18 122 122 8 2 3 7 0 15 84 40 22 4 0 0 122 3 0 0 0 0 0 70 122 7 9 1 1 13 13 122 14 4 45 39 20 122 122 40 15 11 8 24 53 59 61 11 83 15 1 0 0 0 0 14 72 1 0 0 9 40 31 75 33 22 4 20 28 122 44 14 50 40 2 0 0 5 15 11 
0 0 1 46 68 0 0 0 18 3 4 5 2 0 0 4 130 1 0 0 0 0 0 120 70 0 0 0 3 2 1 53 2 0 5 130 79 0 0 1 1 8 49 61 12 0 0 0 130 57 13 0 0 0 0 48 130 33 4 9 0 1 0 44 8 3 22 83 47 1 0 4 24 46 130 130 9 0 0 0 78 130 130 50 0 0 0 0 84 117 12 9 1 0 0 0 30 16 17 7 2 0 0 2 46 87 76 24 2 0 0 2 4 54 97 23 7 2 5 7 2 18 5 1 5 0 0 3 
80 51 2 0 0 0 0 1 32 27 34 43 7 6 6 4 2 8 29 24 9 2 4 18 0 16 25 7 6 0 0 0 122 46 1 0 0 0 0 11 122 46 95 62 0 0 0 11 6 23 122 105 15 0 1 6 0 14 59 44 47 7 0 0 122 1 0 0 0 0 0 72 122 3 1 0 3 12 6 122 11 6 11 22 42 118 122 35 12 11 0 17 76 63 65 16 106 0 0 0 0 0 0 16 94 0 0 1 20 39 8 75 42 22 1 14 95 122 43 18 58 38 0 0 0 11 22 18 
0 0 1 65 43 0 0 0 29 2 7 4 1 0 0 11 135 1 1 0 1 0 0 135 42 0 0 1 3 1 1 46 2 0 8 135 75 0 1 2 3 13 65 75 9 0 0 0 135 72 10 2 0 0 0 55 135 26 7 18 0 0 0 31 11 7 22 71 40 0 1 4 46 50 135 135 7 0 0 0 99 135 135 56 0 0 0 0 62 77 9 16 2 0 0 0 36 14 12 6 1 0 0 4 61 75 61 20 3 0 0 6 8 43 63 25 8 1 5 8 3 8 2 2 5 0 0 4 
51 24 1 0 0 0 1 25 14 46 19 1 7 6 1 4 19 118 22 12 11 9 0 0 11 7 6 18 14 20 4 7 118 44 1 0 3 4 7 60 70 118 4 3 24 20 8 19 32 118 9 10 118 118 4 6 51 2 4 11 66 75 14 43 113 0 0 0 0 0 3 105 118 54 0 0 0 6 81 118 13 13 2 18 118 96 104 26 30 2 7 19 62 16 8 20 42 0 0 0 0 0 9 48 15 0 0 0 0 0 87 118 11 2 0 0 7 22 78 53 14 1 0 0 9 13 3 1 
16 3 0 0 0 23 23 5 3 1 0 0 0 65 138 12 13 2 1 2 6 6 126 92 13 10 7 5 7 1 6 16 3 2 0 0 8 138 59 0 3 0 0 0 0 138 138 19 138 2 0 0 0 11 97 138 74 1 1 0 0 37 73 57 0 0 0 0 24 138 13 6 18 0 0 0 0 16 25 24 138 6 0 0 0 21 17 57 63 24 0 0 2 57 46 34 0 0 0 0 6 17 0 6 13 4 0 0 0 0 1 22 131 70 0 0 0 1 2 32 24 62 2 0 1 3 2 5 
0 4 7 8 1 0 0 0 15 12 10 0 0 0 0 15 130 5 1 0 0 0 0 130 60 2 4 10 1 0 0 47 0 4 55 108 9 0 0 0 7 16 58 25 0 0 0 0 130 33 5 0 0 0 0 24 130 27 5 4 0 0 0 18 17 10 64 101 20 0 0 10 39 19 130 130 0 0 0 12 103 130 130 46 0 0 0 0 122 105 4 1 1 0 0 0 13 13 24 31 4 0 0 6 95 58 69 23 0 0 0 11 16 58 113 28 3 4 3 2 3 33 5 2 4 2 8 7 
104 7 0 0 0 0 0 22 76 19 5 2 5 11 9 43 0 0 10 21 45 98 16 1 11 0 5 9 8 41 43 19 124 16 0 0 0 0 0 18 124 60 33 11 3 1 3 13 7 11 118 124 38 32 12 2 16 1 42 111 69 24 4 14 124 11 0 0 0 0 3 58 124 17 0 0 0 37 124 86 6 2 6 10 13 124 124 7 3 1 3 10 61 114 68 2 16 0 0 0 0 0 9 38 2 0 0 0 0 31 111 31 4 0 0 0 0 36 77 9 14 11 13 0 0 7 13 5 
16 30 10 0 0 0 0 0 8 65 127 19 0 0 0 0 0 2 128 55 0 0 0 0 0 3 83 17 0 0 0 0 119 22 0 0 0 0 0 13 128 96 83 31 0 0 0 14 2 7 128 108 24 11 0 0 3 27 126 49 4 2 0 1 103 9 9 2 3 0 0 16 128 9 4 3 8 28 12 77 10 3 6 14 63 128 36 36 21 8 5 4 4 11 18 77 28 2 9 6 19 1 0 10 64 4 6 0 2 33 72 101 10 10 21 2 23 125 50 30 59 11 3 0 0 1 7 56 
102 19 0 0 0 0 0 18 35 20 15 15 10 18 5 22 0 0 22 61 58 86 4 0 17 0 13 22 8 25 8 14 121 30 0 0 0 0 0 20 121 51 39 25 3 0 1 9 2 4 110 121 32 13 4 0 12 0 36 114 95 13 1 9 121 20 0 0 0 0 7 66 91 15 0 0 0 42 121 55 2 0 3 7 21 121 121 3 2 0 0 6 102 107 54 1 26 0 0 0 0 0 20 63 2 0 0 0 0 62 121 28 1 0 0 0 0 60 98 2 3 4 9 0 0 18 25 1 
37 42 17 0 0 0 0 2 19 72 127 27 0 0 0 0 0 0 127 87 0 0 0 0 0 1 102 32 0 0 0 0 127 14 0 0 0 0 0 26 127 61 52 26 0 0 0 16 1 4 127 87 26 21 1 0 4 11 77 48 17 10 2 2 127 3 1 1 3 0 0 25 127 5 1 1 4 18 25 79 3 0 2 6 52 127 37 15 14 3 1 0 6 43 35 83 36 2 4 2 4 0 3 24 36 3 5 0 1 19 110 105 1 2 18 2 22 127 67 13 24 4 6 0 1 11 11 63 
8 1 0 0 0 0 0 4 58 0 0 0 0 0 2 83 137 0 0 0 0 0 1 77 10 0 0 0 0 1 0 2 3 3 28 14 0 0 0 0 72 6 9 2 0 0 0 22 137 6 0 0 0 0 0 85 32 4 2 2 3 1 0 4 0 0 137 112 0 0 0 0 19 33 137 97 0 0 0 2 137 137 40 14 5 0 0 14 27 38 11 31 40 0 0 0 0 0 99 72 8 0 0 0 3 58 137 100 7 0 0 0 46 137 60 14 31 3 1 4 2 16 5 27 102 3 0 0 
0 0 1 1 0 0 0 0 11 19 5 0 0 9 24 6 28 90 34 0 0 5 95 47 1 37 41 4 1 15 44 29 0 0 0 0 0 89 41 0 3 1 0 0 0 134 134 7 56 2 0 0 0 60 134 134 88 6 0 0 0 7 67 134 0 0 0 0 21 134 47 0 1 0 0 0 1 110 53 1 134 6 0 0 0 8 13 26 134 34 1 0 0 0 0 29 0 0 0 0 13 46 1 0 2 0 1 0 1 8 5 1 128 2 0 0 0 0 1 12 134 5 0 0 0 0 0 18 
6 2 0 0 0 0 0 4 47 0 0 0 0 0 3 82 135 0 0 0 0 0 4 79 16 0 0 0 0 0 0 3 2 2 39 31 0 0 0 0 62 8 13 6 0 0 0 18 135 6 0 0 0 0 0 74 40 4 1 1 1 1 0 6 0 0 135 135 0 0 0 0 14 32 135 135 0 0 0 1 135 135 60 12 4 0 0 11 28 44 14 26 36 0 0 0 0 0 52 69 20 1 0 0 5 55 135 80 8 0 0 0 26 135 75 11 31 3 4 2 0 15 6 23 102 3 1 0 
0 0 0 1 0 1 0 0 13 20 2 0 0 11 32 6 12 101 24 0 0 5 92 79 0 27 31 5 4 14 37 29 0 0 0 0 0 93 36 0 4 0 0 0 0 133 133 3 63 1 0 0 0 51 133 133 85 4 0 0 0 6 50 133 0 0 0 0 37 133 34 0 1 0 0 0 3 113 43 2 133 8 0 0 0 7 9 27 133 37 4 0 0 0 0 25 0 0 0 0 21 54 0 0 3 0 0 1 2 10 3 1 133 2 0 0 0 0 0 13 133 5 0 0 0 0 0 19 
