118 2 0 0 0 10 3 31 19 0 0 0 0 74 111 20 1 0 0 0 0 8 113 106 3 0 0 0 0 0 3 41 91 5 0 1 20 74 10 38 8 0 3 7 37 118 118 34 99 6 0 1 0 14 118 118 118 5 0 0 0 0 3 104 13 5 1 22 23 16 6 5 0 7 71 92 35 19 10 6 118 113 74 42 1 4 14 11 118 52 0 0 0 0 1 21 4 0 0 2 0 1 7 9 35 27 28 16 0 0 1 18 47 89 84 6 0 0 1 35 21 17 3 0 0 0 0 13 
19 0 0 0 2 68 37 12 0 0 0 0 0 76 118 31 5 0 0 0 0 1 118 118 7 0 0 0 0 0 6 43 25 0 0 4 79 118 43 25 3 0 6 5 11 77 117 44 118 11 1 0 1 19 81 118 118 11 0 0 0 0 3 86 4 2 18 62 38 27 5 4 6 19 87 81 6 9 10 5 118 117 59 32 1 2 3 15 118 52 0 0 0 0 2 18 3 0 6 12 0 0 1 13 38 46 48 23 0 0 0 12 51 89 103 8 0 0 1 17 20 13 2 0 0 0 0 12 
66 0 0 0 1 38 12 39 0 0 0 0 0 115 121 12 13 0 0 0 0 5 121 121 14 0 0 0 0 0 7 41 58 1 0 4 50 117 23 53 3 4 9 16 33 121 116 15 121 26 2 5 0 18 79 110 121 10 0 0 0 0 4 52 8 3 8 31 30 14 12 8 12 52 100 69 17 9 3 2 121 121 112 23 0 1 1 6 81 27 0 0 0 0 3 23 3 0 1 2 0 2 6 11 39 29 14 5 0 0 7 30 31 42 29 0 0 0 25 91 4 3 0 0 0 0 3 25 
3 1 0 7 47 29 27 3 37 2 0 6 10 21 107 86 57 0 0 0 0 0 29 132 41 0 0 0 0 0 0 37 3 3 24 57 63 5 0 0 33 17 18 46 78 22 24 41 132 38 3 1 0 1 18 132 132 17 0 0 0 0 0 46 32 48 51 98 25 2 0 1 4 75 132 132 50 8 0 0 82 132 132 0 0 0 0 5 101 77 3 0 0 0 0 1 52 15 3 9 1 0 0 1 12 31 82 21 1 0 0 0 19 43 50 0 0 0 0 0 15 6 1 0 0 0 0 0 
10 0 0 0 0 0 17 122 1 0 0 0 0 51 81 122 10 0 0 0 0 73 122 58 19 0 0 0 0 0 19 64 15 1 0 0 0 6 17 54 4 3 0 0 25 122 112 64 122 55 0 0 10 87 107 90 122 5 0 0 0 0 4 110 6 1 0 0 3 33 4 1 10 60 2 0 33 78 1 0 91 122 2 0 7 3 0 4 122 22 0 0 0 0 0 15 0 14 1 0 4 33 1 0 13 103 5 0 3 16 0 0 44 53 1 0 0 0 0 2 121 21 0 0 0 0 0 22 
0 0 0 0 0 0 47 98 0 0 0 0 0 109 93 22 9 0 0 0 0 67 120 109 18 0 0 0 0 0 7 49 1 0 0 0 0 5 97 99 7 9 0 0 40 120 120 39 120 45 0 0 12 68 50 120 120 0 0 0 0 0 1 103 4 0 0 0 4 15 5 7 23 46 0 0 48 59 4 2 120 82 0 0 5 2 0 15 120 8 0 0 0 0 0 82 0 3 0 0 7 19 0 0 25 80 0 0 9 20 0 0 36 69 0 0 0 0 0 2 111 30 0 0 0 0 0 14 
1 0 0 0 0 2 32 95 0 0 0 0 0 99 101 26 11 0 0 0 0 29 124 86 10 0 0 0 0 0 6 33 7 0 0 0 3 49 54 112 7 6 0 1 28 124 124 34 124 22 0 0 1 22 81 124 119 0 0 0 0 0 7 98 4 0 0 0 20 48 6 2 18 76 1 3 64 38 2 0 124 111 0 0 1 0 0 18 124 4 0 0 0 0 0 34 2 10 0 0 9 35 0 0 30 92 0 0 5 14 0 0 59 34 0 0 0 0 1 5 124 18 0 0 0 0 0 11 
43 1 0 0 0 0 4 88 42 0 0 0 0 52 103 88 4 0 0 0 0 49 121 58 23 0 0 0 0 0 21 61 26 4 0 0 2 25 19 28 7 0 0 0 25 121 121 27 116 15 0 0 4 47 121 121 121 3 0 0 0 0 3 121 1 0 0 0 10 50 2 0 0 38 3 2 63 55 0 0 100 121 3 1 7 3 1 7 121 39 0 0 0 0 0 37 0 10 0 0 1 44 0 0 5 121 2 0 4 20 0 0 39 80 1 0 0 1 0 0 121 26 0 0 0 0 0 0 
0 0 0 0 0 0 67 52 0 0 0 0 2 123 95 10 19 0 0 0 0 61 123 119 20 0 0 0 0 0 5 50 0 0 0 0 0 6 123 73 13 11 0 2 41 123 123 22 123 35 0 1 10 51 35 123 116 0 0 0 0 0 0 123 1 0 0 0 4 11 10 4 27 47 0 0 41 51 4 2 108 86 0 0 3 2 0 10 123 13 0 0 0 0 0 64 1 4 0 0 7 16 0 0 29 77 0 0 8 15 0 0 40 57 0 0 0 1 0 1 123 9 0 0 0 1 0 5 
8 1 0 0 0 1 2 8 116 0 0 0 0 0 10 125 51 0 0 0 0 0 97 125 2 0 0 0 0 0 27 22 2 2 0 0 0 10 21 2 27 13 11 0 3 57 79 45 60 77 25 0 5 40 125 125 125 35 0 0 0 0 40 115 0 22 75 3 1 10 16 0 0 78 118 4 2 20 13 0 66 125 60 0 1 4 0 0 125 125 0 0 0 0 0 3 0 18 40 0 0 1 0 0 0 57 51 1 0 0 2 0 32 125 30 0 0 0 0 0 34 65 1 0 0 0 0 0 
0 0 1 14 57 19 22 3 43 0 1 8 10 5 65 120 74 0 0 0 0 0 6 137 33 2 0 0 0 0 0 18 0 7 33 92 67 13 0 0 33 27 20 38 54 29 13 60 137 40 2 0 0 0 4 137 137 13 0 0 0 0 0 24 20 27 47 137 44 2 0 0 4 60 137 102 24 3 0 0 105 137 137 2 0 0 0 7 84 44 1 0 0 0 0 0 15 6 9 7 0 0 0 0 15 23 73 6 0 0 0 0 19 31 45 0 0 0 0 0 13 5 0 0 0 0 0 0 
0 0 0 0 0 6 45 7 1 0 0 0 21 132 72 4 20 0 0 0 2 72 132 128 27 0 0 0 0 0 14 88 0 0 0 0 0 46 132 28 17 13 0 6 93 132 94 5 132 44 0 2 13 40 27 105 112 0 0 0 0 0 2 132 1 0 0 0 4 17 39 11 33 33 0 2 69 51 9 2 117 69 0 0 4 2 0 6 131 17 0 0 0 0 0 59 0 0 0 0 8 12 0 0 35 53 0 0 21 22 0 0 53 63 0 0 0 0 0 0 61 12 0 0 0 1 1 4 
2 1 0 0 0 0 3 3 93 6 0 0 0 0 5 39 130 4 0 0 0 0 14 119 11 0 0 0 0 0 7 12 1 0 26 13 0 0 43 12 17 1 34 8 0 11 96 31 49 14 34 5 0 13 130 130 83 12 1 0 0 0 49 130 0 0 92 36 0 0 3 0 0 7 130 26 0 2 10 0 20 124 130 7 0 3 9 14 130 130 12 0 0 0 0 31 2 4 31 7 0 0 0 2 1 44 95 12 0 0 0 0 10 130 56 0 0 0 0 0 6 107 11 0 0 0 0 0 
50 0 0 0 0 5 12 71 10 0 0 0 0 74 123 18 4 0 0 0 0 25 124 70 15 0 0 0 0 0 6 35 33 0 0 0 4 86 72 54 4 0 0 0 7 124 124 28 124 2 0 0 0 14 93 124 120 0 0 0 0 0 6 85 0 0 0 0 41 57 9 1 12 39 2 0 45 37 7 4 124 85 0 0 0 1 2 38 124 18 0 0 0 0 4 63 0 8 0 0 18 29 0 0 5 124 3 1 12 7 0 0 66 90 0 0 0 0 0 2 124 31 0 0 0 0 0 0 
83 3 0 0 0 2 51 63 4 0 0 0 5 121 108 8 28 2 0 0 4 108 121 121 21 0 0 0 0 0 5 102 17 0 0 0 1 11 121 58 8 15 0 0 24 121 121 6 121 61 0 0 14 56 14 71 121 4 0 0 0 0 0 121 0 0 0 0 8 14 5 0 26 56 0 0 14 33 3 0 83 99 0 0 3 6 0 3 121 4 0 0 0 3 0 50 2 1 0 0 5 10 1 1 55 65 0 0 4 8 0 1 26 42 1 1 11 9 0 0 115 1 0 0 2 4 0 21 
13 0 0 0 0 0 3 62 24 0 0 0 1 0 20 85 99 56 1 4 3 0 6 22 70 40 0 0 0 0 0 0 11 3 19 13 0 0 0 41 14 2 4 0 0 0 33 124 132 9 0 0 0 0 7 124 119 4 0 0 0 0 0 7 1 2 132 132 0 0 0 0 5 57 132 53 0 0 2 14 132 132 128 0 0 0 0 35 97 23 0 0 0 0 0 3 0 0 65 47 0 0 0 0 0 35 132 41 0 0 0 0 6 68 88 0 0 0 0 0 5 7 1 0 0 0 0 1 
0 0 0 0 0 6 21 0 0 0 0 0 0 36 71 0 5 0 0 0 0 16 96 28 3 0 0 0 0 0 4 8 1 1 0 0 2 55 136 17 0 0 0 0 14 136 136 4 86 0 0 0 2 60 136 136 67 0 0 0 0 0 3 108 1 3 3 1 32 45 16 5 0 0 0 0 91 103 5 1 136 3 0 0 12 15 4 80 136 7 0 0 0 0 0 44 0 0 0 0 14 70 2 0 0 0 0 0 25 77 1 1 136 31 0 0 2 8 2 10 136 34 0 0 0 0 0 0 
5 0 0 0 0 0 21 53 10 0 0 0 0 0 28 76 100 40 3 2 0 0 0 24 72 42 0 0 0 0 0 0 1 1 8 3 0 0 14 45 24 1 0 1 0 0 22 121 126 7 0 0 0 0 0 126 126 4 0 0 0 0 0 10 0 4 126 88 0 0 0 2 14 66 126 27 0 0 3 22 126 92 100 19 0 0 0 58 126 24 0 0 0 0 0 4 0 3 126 64 0 0 0 0 0 67 126 26 0 0 0 0 17 74 126 24 0 0 0 0 16 19 2 0 0 0 0 0 
0 0 0 0 0 8 33 2 0 0 0 0 0 46 83 0 2 0 0 0 0 24 125 30 8 0 0 0 0 0 12 23 1 1 0 0 0 45 125 15 0 0 0 0 2 125 125 0 125 1 0 0 0 89 125 108 125 2 0 0 0 0 7 86 2 2 0 0 23 59 10 2 0 0 0 0 52 125 7 0 116 2 0 0 12 28 4 92 125 4 0 0 0 0 0 125 0 0 0 1 43 25 0 0 1 0 0 0 55 40 0 0 94 11 0 0 5 7 0 6 125 32 0 0 0 0 0 3 
13 0 0 0 0 4 12 23 51 0 0 0 0 0 4 96 136 0 0 0 0 0 3 75 60 0 0 0 0 0 0 13 17 9 42 9 0 0 8 19 44 1 14 8 0 0 24 95 136 15 0 0 0 0 12 97 127 4 0 0 0 0 0 12 1 118 136 51 0 0 0 0 13 35 136 136 0 0 7 15 136 136 74 11 0 0 2 9 80 29 0 0 0 0 0 1 0 43 56 6 0 0 0 0 0 10 121 60 0 0 0 0 10 68 86 10 0 0 0 0 6 9 0 0 0 0 0 0 
1 0 0 0 0 0 8 33 47 0 0 0 0 0 8 92 129 4 0 0 0 0 0 52 83 2 0 0 0 0 0 7 3 3 17 12 0 0 8 21 64 3 19 2 0 0 10 77 129 4 0 0 0 0 5 121 129 3 0 0 0 0 0 13 0 69 129 27 0 0 0 0 11 57 129 129 0 0 3 14 129 129 80 32 0 0 3 25 112 33 0 0 0 0 0 2 0 29 111 12 0 0 0 0 0 32 111 55 0 0 0 0 13 71 105 27 0 0 0 0 11 16 1 0 0 0 0 0 
1 3 11 20 6 44 38 14 31 6 6 5 4 13 35 75 53 5 2 1 1 2 7 126 124 5 0 0 0 0 1 102 8 15 25 126 10 3 0 4 43 16 16 73 6 3 1 41 126 76 1 0 0 1 1 30 126 73 0 0 0 0 0 16 16 28 33 58 4 0 1 4 25 73 126 126 7 3 0 13 126 108 126 67 0 0 0 14 126 58 3 0 0 0 1 13 25 23 7 0 0 0 1 15 47 34 34 15 0 0 2 75 7 20 88 21 0 0 2 14 7 10 4 0 0 0 0 7 
4 0 0 0 2 1 16 58 28 0 0 0 3 0 7 100 124 42 4 3 10 0 2 24 79 18 0 0 0 0 0 3 4 14 58 35 7 1 6 30 21 6 18 9 0 0 11 133 133 29 1 0 0 0 9 131 92 8 0 0 0 0 0 7 6 82 133 133 0 0 0 0 3 39 133 133 0 0 1 13 133 133 123 5 0 0 1 28 68 17 0 0 0 0 0 4 6 12 16 12 0 0 0 0 0 7 99 31 0 0 0 0 1 41 58 2 0 0 0 0 2 3 0 0 0 0 0 1 
0 0 0 0 0 3 17 0 0 0 0 0 0 26 58 0 0 0 0 0 0 13 61 26 0 0 0 0 0 1 1 4 1 4 2 0 3 57 144 12 0 0 0 0 27 144 144 18 106 0 0 0 4 46 122 144 64 0 0 0 0 0 0 48 1 8 7 0 14 76 21 3 5 0 0 0 68 144 6 5 144 40 0 0 8 20 1 62 144 15 0 0 0 0 0 10 0 0 0 0 29 51 2 0 12 6 5 4 39 61 2 1 144 48 1 0 0 5 18 89 48 10 0 0 0 1 48 61 
1 0 0 0 0 0 9 39 36 0 0 0 0 0 8 101 137 11 0 0 0 0 0 47 74 4 0 0 0 0 0 3 2 1 23 19 0 0 3 17 55 5 25 5 0 0 8 84 137 7 0 0 0 0 0 123 124 2 0 0 0 0 0 10 0 32 137 100 0 0 0 0 11 92 137 98 0 0 0 11 137 137 99 48 0 0 0 24 90 24 0 0 0 0 0 2 0 9 87 30 0 0 0 0 0 38 103 30 0 0 0 0 9 50 86 21 0 0 0 0 8 8 0 0 0 0 0 0 
0 0 0 0 0 7 8 0 0 0 0 0 0 33 66 0 2 0 0 0 0 11 96 23 4 0 0 0 0 0 5 10 0 0 0 0 0 126 106 0 1 0 0 0 11 126 126 1 126 13 0 0 4 41 126 123 87 4 0 0 0 0 5 41 0 0 0 0 9 126 32 1 6 0 0 0 24 126 15 2 126 12 0 0 5 16 11 126 116 2 0 0 0 0 7 126 0 0 0 0 32 37 0 0 3 2 0 0 28 29 0 0 103 11 0 0 1 2 0 28 126 19 0 0 0 0 0 19 
38 19 11 49 4 0 0 1 64 46 148 62 0 0 0 1 3 14 148 65 0 0 0 0 18 47 92 2 0 0 0 0 81 20 10 87 9 0 0 1 148 69 96 40 0 0 0 14 7 6 148 105 0 0 0 0 6 36 148 14 0 0 0 0 46 12 4 56 12 0 0 5 148 24 2 7 1 0 0 84 19 1 10 2 0 0 0 7 0 0 16 2 0 0 0 0 6 0 0 12 15 0 0 3 138 1 0 4 6 0 0 130 52 0 0 0 0 0 0 40 0 0 0 0 0 0 0 0 
76 0 0 0 0 0 52 98 82 0 0 0 0 0 2 47 1 0 0 0 0 0 0 0 0 0 0 0 0 3 3 0 140 0 0 0 0 0 5 73 140 1 0 0 0 0 4 29 4 0 0 0 0 40 24 2 0 0 0 0 0 140 48 0 140 2 0 0 0 4 15 31 140 1 0 0 0 91 140 44 6 9 0 0 0 140 140 9 1 20 5 0 0 138 40 0 40 10 0 0 0 12 39 21 36 60 0 0 0 42 117 25 30 61 0 0 0 9 37 9 2 23 3 0 0 3 0 0 
13 0 0 0 0 0 14 67 6 0 2 4 2 2 28 47 101 86 9 9 1 0 0 8 57 49 0 0 0 0 0 0 4 1 7 1 0 0 24 68 20 0 0 0 0 0 40 134 134 16 0 0 0 0 0 118 81 6 0 0 0 0 0 8 0 2 134 103 0 0 1 4 18 66 134 21 0 0 5 38 134 90 111 7 0 0 0 73 89 12 0 0 0 0 0 7 0 1 116 64 0 0 0 0 0 56 134 20 0 0 0 0 21 56 125 6 0 0 0 0 12 7 1 0 0 0 0 0 
0 0 0 0 0 2 28 5 0 0 0 0 0 25 52 0 1 0 0 0 0 18 95 15 4 0 0 0 0 1 10 11 4 3 0 0 0 17 127 55 0 0 0 0 3 127 127 1 114 0 0 0 1 108 127 125 110 0 0 0 0 0 9 81 5 9 2 2 19 26 12 6 0 0 0 0 69 127 12 0 127 3 0 0 16 42 4 91 127 10 0 0 0 0 0 101 0 0 1 2 22 40 3 0 0 0 0 0 60 66 0 0 127 21 0 0 8 9 1 5 127 40 0 0 0 0 0 1 
39 1 0 0 0 6 15 8 1 0 0 0 24 131 51 3 17 0 0 0 4 90 131 115 15 0 0 0 0 0 13 114 31 0 0 0 0 66 131 38 17 9 0 1 79 131 99 3 131 34 0 0 20 52 19 76 131 4 0 0 0 0 1 131 0 0 0 0 3 22 65 3 27 37 0 0 39 48 20 1 110 86 0 0 6 2 0 2 131 7 0 0 1 1 1 53 2 0 0 0 8 8 0 0 37 55 0 0 11 13 2 1 51 48 0 0 6 6 0 0 69 1 0 0 5 7 1 19 
46 21 11 32 2 0 0 2 62 48 150 51 0 0 0 3 1 4 150 68 0 0 0 0 1 15 117 13 0 0 0 0 87 23 15 67 8 0 0 4 150 69 96 26 0 0 0 27 8 3 150 92 0 0 0 0 0 7 150 37 0 0 0 0 65 18 11 60 6 0 0 4 150 42 3 2 0 0 0 41 19 1 8 2 0 0 0 2 0 0 16 2 0 0 0 0 14 2 0 14 13 0 0 5 142 2 0 1 1 0 0 139 31 0 0 0 0 0 0 32 0 0 0 0 0 0 0 0 
130 0 0 0 0 0 0 73 110 0 0 0 0 0 0 32 2 0 0 0 0 0 0 0 0 0 0 0 0 3 1 0 140 0 0 0 0 0 2 40 140 0 0 0 0 1 5 19 4 0 0 0 0 19 28 1 0 0 0 0 1 140 27 0 140 0 0 0 0 3 14 37 140 0 0 0 0 96 140 46 5 4 0 0 0 125 140 9 2 10 2 0 0 140 63 2 38 4 0 0 0 10 44 21 28 43 0 0 0 47 119 25 32 52 0 0 0 9 50 11 7 28 4 0 0 1 3 1 
51 37 20 55 0 0 0 0 79 68 144 67 0 0 0 0 1 16 144 65 0 0 0 1 15 90 135 1 0 0 0 0 103 32 19 70 3 0 0 7 144 69 62 18 0 0 0 32 2 3 144 45 0 0 0 0 2 27 137 3 0 0 0 0 40 1 2 26 21 0 1 17 144 6 0 3 2 0 0 144 28 1 1 0 0 0 0 16 0 0 1 1 0 0 0 0 7 1 0 15 7 0 0 0 144 14 0 9 2 0 0 59 59 4 0 0 0 0 0 18 0 0 0 0 0 0 0 0 
75 0 0 0 0 0 39 111 41 0 0 0 0 0 1 20 0 0 0 0 0 0 0 0 0 0 0 0 1 1 0 0 144 1 0 0 0 0 4 94 144 2 0 0 0 1 1 21 0 0 0 0 1 48 33 0 0 0 0 0 0 81 99 0 144 2 0 0 0 3 37 37 130 2 0 0 0 68 144 27 0 6 2 0 0 144 137 3 1 21 2 0 0 89 108 1 62 13 0 0 0 7 77 27 47 46 0 0 0 26 144 29 10 42 6 0 0 27 32 5 0 15 5 0 1 2 1 0 
8 0 0 1 2 0 8 58 32 0 0 0 0 0 8 115 140 43 1 1 1 0 5 40 58 16 0 0 0 0 0 1 9 10 62 63 1 0 0 18 21 9 23 5 0 0 12 111 140 23 3 0 0 0 7 126 96 2 0 0 0 0 0 10 2 16 140 140 0 0 0 0 4 65 140 111 0 0 0 4 140 140 119 2 0 0 0 14 60 18 1 0 0 0 0 3 0 1 20 17 0 0 0 0 0 14 100 30 0 0 0 0 2 41 43 1 0 0 0 0 2 2 0 0 0 0 0 1 
0 0 0 0 0 2 4 0 0 0 0 0 0 27 51 1 4 0 0 0 0 10 52 18 0 0 0 0 0 1 1 1 0 0 0 0 4 106 144 4 2 0 0 0 14 144 144 33 83 0 0 0 0 31 129 144 55 0 0 0 0 0 10 43 2 2 3 1 33 79 44 4 2 0 0 0 79 116 11 6 144 17 0 0 4 10 9 103 144 14 0 0 0 0 0 24 0 0 0 0 26 68 2 0 7 3 1 0 24 65 5 2 144 62 0 0 0 3 14 32 89 22 0 0 0 0 19 16 
26 29 23 65 1 0 0 0 39 50 138 86 0 0 0 4 26 53 138 40 0 0 2 19 132 91 19 0 0 0 0 33 94 24 23 77 7 0 0 5 138 74 127 64 0 0 0 25 3 28 138 83 0 0 0 0 34 84 84 1 0 0 0 0 42 2 1 24 17 1 1 13 138 3 2 5 3 0 0 138 22 0 10 2 0 0 0 7 0 1 6 0 0 0 0 0 8 0 1 14 3 0 0 0 138 2 1 7 1 0 0 62 46 0 0 0 0 0 0 16 0 0 0 0 0 0 0 0 
37 20 20 1 0 0 0 3 9 18 153 21 0 0 0 0 0 1 153 19 0 0 0 0 0 4 97 7 0 0 0 0 130 20 15 11 0 0 0 36 153 58 153 23 0 0 0 65 3 2 153 49 0 0 0 1 0 0 153 26 0 0 0 0 65 18 18 23 0 0 0 14 153 25 7 0 0 0 0 110 42 2 37 4 0 0 0 13 0 0 38 4 0 0 0 0 32 18 10 5 0 0 0 0 153 37 1 0 0 0 0 5 48 4 0 0 0 0 0 3 0 0 0 0 0 0 0 0 
135 0 0 0 0 0 0 24 146 0 0 0 0 0 0 32 13 0 0 0 0 0 0 1 0 0 0 0 0 0 0 0 146 0 0 0 0 0 0 29 146 0 0 0 0 1 2 41 25 0 0 0 0 33 50 3 0 0 0 0 0 19 95 0 146 1 0 0 0 0 1 23 146 0 0 0 0 85 112 70 9 0 0 0 0 146 146 10 2 0 0 0 0 31 146 12 28 0 0 0 0 3 19 20 22 2 0 0 0 62 122 30 24 17 0 0 0 36 53 9 14 8 0 0 0 0 12 9 
18 0 0 0 0 0 6 57 19 0 1 6 4 0 6 60 132 12 0 8 11 0 0 17 85 3 0 0 0 0 0 5 4 5 21 11 5 5 22 57 17 1 8 3 2 0 24 132 132 40 0 0 4 0 10 98 95 11 0 0 0 0 0 6 10 114 132 78 2 0 0 3 8 26 132 132 0 0 5 42 132 132 108 6 0 0 5 66 76 15 1 0 0 0 0 12 34 50 22 12 0 0 0 0 0 6 127 51 0 0 0 0 5 60 88 5 0 0 0 0 5 6 1 0 0 0 0 2 
0 0 0 0 0 6 21 0 0 0 0 0 1 25 57 0 1 0 0 0 0 24 74 28 1 0 0 0 0 1 2 9 0 6 6 0 0 84 133 6 0 1 1 0 29 133 133 8 108 1 0 0 15 89 132 133 95 2 0 0 0 0 1 62 4 16 7 0 6 45 18 4 1 2 2 0 73 133 4 2 133 36 0 0 24 45 5 39 133 21 0 0 0 0 8 19 0 0 0 0 9 47 7 0 2 1 4 3 52 72 1 0 120 27 4 2 8 9 8 94 41 6 0 0 0 0 78 93 
16 6 6 10 6 3 36 61 41 8 1 0 0 0 12 77 141 2 0 0 0 0 4 141 55 1 0 0 0 0 0 21 14 38 64 18 3 1 4 9 35 40 9 1 3 1 15 45 141 37 0 0 2 1 18 83 141 14 0 0 0 0 0 17 1 10 141 59 0 0 0 0 4 37 141 64 1 1 3 2 141 141 119 0 1 0 0 2 89 36 0 0 0 0 0 0 5 7 58 8 0 0 0 0 8 12 134 21 0 0 0 0 10 52 79 0 0 0 0 0 9 7 0 0 0 0 0 0 
0 0 0 0 0 16 37 0 0 0 0 0 0 21 130 8 0 0 0 0 0 1 96 28 0 0 0 0 0 0 10 7 0 0 0 0 3 140 132 1 0 0 2 1 15 115 140 28 116 0 1 0 0 3 140 140 77 0 0 0 0 0 11 52 0 0 0 0 13 88 29 6 6 1 4 2 20 52 40 28 140 33 2 0 5 1 7 49 140 11 0 0 0 0 8 17 3 4 3 5 38 59 16 4 53 12 3 5 12 21 19 43 140 26 0 0 0 0 3 24 93 6 0 0 0 0 4 11 
80 29 29 10 0 0 0 4 42 32 143 51 0 0 0 4 0 2 143 55 0 0 0 0 0 11 143 23 0 0 0 0 143 32 20 29 1 0 0 18 143 46 102 19 0 0 0 35 2 1 143 49 0 0 0 0 0 4 143 33 0 0 0 0 121 40 12 33 1 0 0 6 143 37 0 0 0 0 0 20 6 1 5 1 0 0 0 0 0 1 7 0 0 0 0 0 40 2 3 15 2 1 0 18 143 2 0 0 0 0 0 125 10 0 0 0 0 0 0 12 0 0 0 0 0 0 0 0 
142 0 0 0 0 0 0 55 102 0 0 0 0 0 0 17 1 0 0 0 0 0 0 0 0 0 0 0 0 0 0 0 142 0 0 0 0 0 0 39 142 0 0 0 0 0 1 20 3 0 0 0 0 3 13 1 0 0 0 0 0 75 14 0 142 0 0 0 0 1 9 39 142 0 0 0 0 84 142 37 0 0 0 0 0 80 142 6 2 3 0 0 0 142 103 1 62 0 0 0 0 9 53 30 32 14 0 0 0 78 142 24 23 26 0 0 0 18 108 19 11 26 1 0 0 8 20 2 
140 0 0 0 0 0 0 25 96 0 0 0 0 0 0 11 2 0 0 0 0 0 0 0 0 0 0 0 0 0 0 0 140 0 0 0 0 0 0 50 140 0 0 0 0 1 2 23 2 0 0 0 0 4 20 1 0 0 0 0 1 48 18 0 140 0 0 0 0 1 5 42 140 0 0 0 0 97 125 38 0 0 0 0 0 72 140 5 1 1 0 0 0 134 139 2 67 0 0 0 0 9 43 38 28 4 0 0 0 101 140 27 20 9 0 0 0 21 114 24 13 18 0 0 0 10 34 7 
15 7 23 30 4 2 0 31 27 4 3 1 0 0 4 75 80 8 2 4 3 1 2 82 131 6 0 0 0 0 0 68 4 3 16 131 9 0 0 4 48 14 12 38 2 0 3 41 131 76 1 0 0 0 0 16 131 66 0 0 0 0 0 20 12 43 52 74 6 0 0 2 30 66 131 131 2 0 1 17 131 100 131 76 0 0 0 13 131 57 4 0 0 0 0 16 38 35 8 0 0 0 0 25 35 32 47 27 0 0 0 56 5 35 103 41 0 0 0 5 10 23 8 0 0 0 0 6 
19 0 0 0 0 12 83 79 25 0 0 0 2 94 90 55 20 1 0 0 2 125 125 84 42 0 0 0 0 0 16 90 11 0 0 0 8 34 82 55 12 10 0 0 5 125 125 55 120 77 0 0 3 125 36 53 125 4 0 0 0 0 1 106 3 2 0 0 12 20 3 0 33 37 0 0 11 28 10 3 84 98 1 1 4 5 1 5 125 1 0 0 1 1 0 50 2 1 0 1 8 8 0 0 56 52 0 0 7 6 0 1 47 32 0 0 12 6 0 0 125 2 0 0 2 1 0 12 
23 45 28 72 8 0 0 0 40 84 138 137 0 0 0 6 29 50 138 83 0 0 3 43 138 87 24 0 0 0 0 58 97 34 6 33 20 1 0 18 138 67 82 56 0 0 0 38 0 30 138 91 0 0 0 0 19 86 64 3 0 0 0 0 87 8 0 23 10 0 0 10 138 21 0 3 1 0 0 45 3 0 3 1 0 0 0 2 0 0 2 0 0 0 0 0 37 1 0 9 4 0 0 8 138 3 0 1 1 0 0 66 6 0 0 0 0 0 1 8 0 0 0 0 0 0 0 0 
24 32 3 2 4 5 1 0 110 131 0 0 3 81 36 6 16 10 0 0 0 75 131 71 5 0 0 0 0 0 37 103 33 29 4 1 13 32 12 12 54 30 0 0 16 131 117 20 96 2 0 0 0 110 88 90 55 3 0 0 0 0 30 131 2 1 0 6 83 39 1 2 29 1 0 6 111 75 6 2 131 9 0 0 3 3 1 19 106 9 0 0 0 0 2 41 0 1 0 5 77 7 0 0 9 1 14 27 82 4 1 2 59 3 3 6 11 8 48 53 28 1 0 0 0 6 26 37 
1 1 1 0 6 20 32 31 0 0 0 0 0 3 42 127 14 2 4 4 1 0 9 91 2 0 3 18 10 2 2 7 16 42 55 46 1 2 9 16 6 2 26 71 0 0 13 56 130 31 23 25 4 0 2 114 36 16 20 84 36 7 6 4 7 17 44 44 1 0 0 0 2 6 57 112 2 0 0 1 130 111 58 48 3 0 0 51 99 24 4 130 71 0 0 17 0 1 108 119 0 0 0 0 0 60 130 31 1 0 0 0 27 130 111 2 0 0 0 0 21 29 4 40 20 0 0 0 
13 8 4 7 0 0 0 12 22 3 0 1 1 0 4 38 121 47 7 7 1 0 0 29 131 32 0 0 0 0 0 21 2 1 15 131 7 1 6 18 59 17 29 23 0 0 5 67 131 46 0 0 0 0 0 48 131 18 0 0 0 0 0 39 16 81 91 75 4 0 0 1 19 46 131 131 0 0 0 39 125 101 131 79 0 0 0 48 131 59 7 0 0 0 0 21 55 38 3 0 0 0 0 38 15 13 39 21 0 0 0 28 4 21 98 25 0 0 0 4 7 13 8 0 0 0 0 5 
0 0 0 0 3 29 38 0 0 0 0 0 4 114 104 2 21 0 0 0 1 19 116 66 8 0 0 0 3 2 0 5 4 0 0 0 0 120 139 14 0 0 0 0 10 139 139 6 139 17 0 0 13 54 69 134 77 4 0 0 5 12 0 11 5 5 2 0 10 41 29 6 3 1 0 0 14 73 61 9 139 34 0 0 13 48 15 124 50 2 0 0 5 49 54 74 0 0 0 0 18 27 6 1 15 24 0 0 13 26 8 1 100 93 0 1 6 4 6 29 14 1 0 0 0 9 39 39 
30 2 0 0 0 0 1 42 22 5 10 13 0 0 2 31 133 14 8 11 1 0 0 34 89 6 0 0 0 0 0 14 9 4 25 18 0 0 17 76 22 1 8 6 1 0 22 133 133 57 2 5 4 2 6 60 107 20 0 0 0 0 0 6 7 109 133 96 0 0 2 4 16 14 133 133 0 0 6 71 133 118 103 8 0 0 4 67 63 16 0 0 0 0 0 8 17 51 19 10 0 0 0 1 0 4 127 53 0 0 0 0 10 53 97 6 0 0 0 0 6 5 0 0 0 0 0 2 
0 0 0 0 1 10 19 0 0 0 0 0 1 19 62 2 1 0 0 0 1 23 73 21 1 0 0 0 0 1 3 8 3 3 0 0 0 105 129 1 2 7 1 0 20 120 129 6 120 1 0 0 21 106 129 129 104 1 0 0 0 0 2 57 20 11 0 0 4 33 22 3 3 7 1 0 68 129 6 1 129 40 0 0 44 64 0 47 129 20 0 0 0 0 10 30 3 0 0 0 1 25 19 3 0 1 0 0 41 90 6 0 104 34 0 0 19 14 4 89 38 8 0 0 0 0 57 109 
38 23 20 7 0 1 4 33 37 6 0 0 0 2 13 58 137 0 0 0 0 1 13 132 71 0 0 0 0 0 0 30 16 27 50 12 0 0 0 1 22 14 7 3 9 9 10 10 137 40 4 2 4 3 8 78 137 13 0 0 0 0 0 34 1 10 137 70 0 0 0 0 4 43 137 88 5 3 3 1 136 137 137 3 0 0 0 0 122 51 2 0 0 0 0 1 5 6 47 13 0 0 0 0 7 17 127 25 0 0 0 0 8 46 94 3 0 0 0 0 11 12 3 0 0 0 0 0 
0 0 0 0 0 29 42 0 0 0 0 0 0 35 137 5 4 0 0 0 0 3 124 43 3 0 0 0 0 0 10 11 0 0 0 1 10 137 137 0 5 2 3 2 6 106 137 26 137 0 0 0 0 1 137 137 90 0 0 0 0 0 8 45 0 0 0 3 21 59 26 1 4 6 9 9 12 13 24 9 137 59 3 6 3 2 6 53 137 16 0 0 0 0 7 21 14 2 0 0 12 57 40 17 35 5 0 0 0 2 27 32 137 30 0 0 0 0 2 19 82 8 0 0 0 0 3 11 
6 0 0 2 20 19 4 7 4 0 0 3 33 52 10 7 136 6 0 0 3 12 4 83 68 26 0 0 0 2 4 14 10 0 1 3 25 50 31 36 1 2 24 3 20 136 16 7 136 13 16 0 1 20 8 134 136 3 0 1 4 12 6 46 0 46 136 5 8 17 14 4 0 23 136 31 6 17 1 0 136 60 136 67 1 0 0 10 136 35 10 4 1 0 0 13 5 45 61 0 0 0 0 3 3 14 96 24 9 6 2 3 28 29 78 71 8 4 0 0 59 33 12 0 0 0 0 0 
0 0 0 4 6 13 61 19 1 2 6 10 6 56 134 3 13 3 1 0 0 17 134 32 11 1 0 0 0 1 60 32 0 0 3 7 6 103 134 6 16 0 1 17 8 134 134 14 134 59 2 0 0 13 134 55 83 61 10 5 0 0 20 27 0 4 38 44 9 11 7 0 21 2 28 134 13 8 2 3 134 19 7 21 0 0 0 43 99 19 7 6 2 3 2 26 0 2 22 17 4 6 2 0 0 2 28 57 24 35 9 0 130 7 8 24 16 5 0 53 64 0 0 0 0 2 3 58 
4 18 12 78 20 1 0 0 22 98 136 114 3 0 0 10 56 25 134 113 0 0 1 89 136 36 15 1 0 0 0 84 53 20 2 23 19 1 0 2 136 99 61 58 2 0 0 5 11 39 136 136 0 0 0 0 54 92 71 8 0 0 0 5 64 10 0 14 5 0 0 4 136 23 0 1 1 0 0 21 7 0 9 3 0 0 0 4 0 2 5 0 0 0 0 1 28 2 3 12 1 0 0 8 136 2 1 5 0 0 0 57 10 0 0 0 0 0 0 9 0 0 0 0 0 0 0 1 
12 8 1 0 0 15 8 3 5 4 0 0 4 56 16 1 142 4 0 0 3 8 0 17 115 9 0 0 0 0 0 9 4 5 15 24 7 12 7 1 2 2 12 19 1 8 2 0 142 7 1 1 0 0 0 20 142 17 1 0 0 0 0 14 4 8 142 35 0 0 15 53 0 3 142 68 0 0 0 2 131 78 142 28 0 0 0 4 142 62 16 0 0 0 0 3 58 7 32 3 0 0 25 142 46 12 107 11 0 0 0 61 2 30 128 7 0 0 0 0 4 21 18 0 0 0 0 0 
0 0 0 0 0 18 72 9 0 0 0 0 0 38 142 14 23 0 0 0 0 14 138 70 16 0 0 0 0 0 2 21 0 0 2 2 0 61 142 2 2 1 0 0 0 63 142 4 142 8 0 0 0 13 101 95 116 0 0 0 0 0 3 34 0 0 11 52 8 1 9 2 12 13 2 8 1 0 3 2 142 28 0 0 0 2 0 19 126 1 0 0 4 112 36 19 0 0 0 21 7 6 11 5 12 17 6 18 7 2 4 4 142 13 1 1 13 19 3 19 56 0 0 0 62 142 22 9 
7 0 0 3 11 17 18 19 6 0 0 5 31 54 3 7 141 11 0 0 4 14 1 68 54 38 0 0 0 1 2 10 15 0 4 21 21 33 23 46 2 1 28 5 18 141 24 12 141 17 15 1 1 30 11 141 131 9 0 1 0 9 16 36 0 32 141 25 17 11 5 2 0 31 141 50 9 22 3 0 141 87 141 76 1 1 0 14 135 36 17 1 0 1 0 8 3 19 51 6 6 1 1 8 3 17 58 19 5 2 8 15 29 33 57 51 5 6 0 1 44 26 10 0 0 0 0 2 
0 0 0 3 5 11 43 32 2 0 1 9 13 51 107 4 20 0 0 0 0 15 140 37 8 0 0 0 0 3 53 20 0 0 3 5 4 103 140 12 15 1 2 24 8 140 140 18 140 64 1 1 0 23 140 77 65 44 7 6 2 2 21 22 0 6 40 39 5 17 14 0 21 5 33 140 17 14 3 2 140 22 10 27 4 0 1 64 67 9 4 1 8 15 5 31 0 6 15 19 13 10 3 0 2 17 24 31 31 50 16 0 133 22 29 10 9 4 0 41 70 7 4 1 0 4 2 32 
2 0 0 6 17 17 4 5 2 0 1 7 30 44 5 5 131 5 0 0 4 14 1 67 73 32 0 0 0 1 1 14 9 0 0 1 30 46 29 35 0 1 10 2 19 131 23 5 131 10 9 0 1 28 15 131 131 5 0 0 1 9 6 51 0 31 131 12 3 25 23 7 0 25 131 21 6 36 3 0 131 65 131 51 1 1 0 13 131 36 8 4 1 0 0 16 2 48 84 0 0 0 0 2 1 16 131 19 8 6 2 2 23 34 94 74 8 4 0 0 61 42 14 0 0 0 0 0 
0 0 0 1 2 16 66 30 0 1 1 8 7 60 131 4 10 5 1 0 0 19 131 34 13 2 0 0 0 1 62 41 0 0 3 11 3 81 131 5 9 0 2 27 13 131 131 11 131 48 1 1 0 15 131 64 99 68 9 4 0 0 18 32 1 8 33 41 5 6 4 0 9 1 24 131 17 6 0 2 131 14 8 41 2 0 0 41 131 15 8 6 1 2 1 29 1 7 16 18 4 3 1 0 0 0 35 46 26 32 9 0 109 11 6 29 23 9 0 34 86 1 0 0 0 1 2 59 
0 0 0 2 10 13 32 12 5 0 0 8 41 48 8 12 139 19 4 2 8 10 2 65 48 39 15 1 0 1 3 6 2 0 0 48 41 16 34 39 2 1 13 9 29 136 32 31 139 18 14 1 8 45 20 139 123 14 0 0 0 5 22 45 0 18 99 76 41 1 4 2 0 59 139 46 11 29 10 2 139 99 139 64 3 6 1 26 131 55 17 0 0 0 1 15 5 24 57 6 5 2 1 2 3 33 64 13 7 2 11 21 26 39 53 43 2 1 3 5 41 29 9 1 0 0 0 1 
14 1 0 1 5 6 46 38 0 0 0 5 22 49 118 13 18 0 0 0 0 16 133 55 8 1 0 0 0 0 44 28 4 2 7 9 2 72 139 19 14 1 8 45 17 139 139 18 139 60 3 6 1 28 139 95 56 41 2 1 4 5 27 34 0 8 42 47 7 13 6 0 12 8 33 135 29 32 1 1 139 41 13 29 10 2 0 67 67 12 7 2 10 21 3 36 0 2 11 12 32 9 0 0 0 46 38 17 37 40 2 0 92 80 40 1 4 2 0 19 59 8 4 2 0 2 5 26 
3 2 0 0 3 14 13 4 17 5 2 1 1 20 18 8 78 4 2 2 4 42 7 19 132 13 0 0 0 0 0 13 3 12 28 13 9 12 6 2 4 0 12 16 3 27 20 3 132 5 1 2 0 13 6 4 132 17 1 0 0 0 0 5 19 4 110 33 2 2 21 132 13 2 132 107 0 0 1 30 88 39 132 64 0 0 0 0 132 66 32 0 0 0 0 0 42 31 4 1 0 1 15 132 118 10 71 19 0 0 1 132 10 24 132 24 0 0 0 1 10 30 40 0 0 0 0 0 
0 0 0 0 0 33 94 11 0 0 0 0 0 62 144 11 54 0 0 0 0 21 144 93 33 0 0 0 0 0 2 27 1 0 9 27 1 72 128 2 3 2 1 10 0 46 144 2 144 18 0 0 0 9 53 59 128 1 0 0 0 33 25 28 4 1 8 35 11 8 11 5 10 9 2 43 16 4 4 0 144 26 1 1 5 28 3 14 96 1 0 0 14 144 51 14 0 0 2 13 12 6 4 0 13 6 9 17 11 2 10 11 99 15 4 4 25 60 3 19 16 0 0 3 63 134 11 18 
21 1 0 0 1 17 83 70 19 0 0 0 0 104 122 82 26 5 0 0 0 122 122 75 69 0 0 0 0 0 21 92 3 0 0 0 23 66 58 27 14 12 0 0 5 122 122 50 110 97 0 0 1 85 40 39 122 5 0 0 0 0 0 111 0 2 2 0 20 27 1 0 44 44 0 0 16 19 4 0 91 89 0 2 7 5 1 1 122 2 0 1 2 1 0 50 1 1 2 0 7 14 0 0 56 54 0 0 3 3 0 1 41 29 0 0 5 11 0 2 117 7 0 0 1 1 0 25 
27 15 2 0 0 0 1 14 7 1 2 2 4 6 25 37 138 0 1 1 2 1 13 138 75 0 0 0 0 0 0 34 24 14 25 7 2 2 1 2 10 10 5 6 17 15 11 4 138 40 7 2 3 1 2 49 138 5 0 0 0 0 0 22 0 8 138 86 5 1 0 0 4 50 138 68 8 6 6 0 138 138 138 1 0 0 0 1 138 40 5 0 0 0 0 3 4 4 46 15 0 0 0 0 4 11 138 23 0 0 0 0 7 43 111 1 0 0 0 0 12 13 6 0 0 0 0 0 
0 0 0 0 0 32 52 0 0 0 0 0 0 31 138 1 6 0 0 0 0 7 138 40 6 0 0 0 0 0 11 14 0 0 2 1 9 138 138 1 5 1 3 0 1 75 138 31 138 0 0 0 0 4 138 138 105 0 0 0 0 0 6 46 1 1 5 8 29 42 8 1 5 6 18 15 8 7 9 9 138 52 7 8 4 2 5 59 138 17 0 0 0 0 4 17 1 0 0 0 3 19 29 6 13 3 1 2 0 4 31 13 138 51 4 2 0 0 2 20 77 12 0 0 0 0 3 6 
4 0 4 3 0 4 19 7 11 2 8 5 2 10 21 15 74 43 19 1 1 8 8 29 26 65 48 0 0 0 0 1 9 2 56 53 4 1 8 39 6 2 46 57 2 13 32 6 134 10 5 3 0 7 11 18 127 27 9 0 0 0 0 3 81 20 43 42 0 1 9 134 63 8 134 134 0 0 0 90 134 62 134 112 0 0 0 1 106 42 21 0 0 0 0 0 75 41 47 10 0 0 0 35 134 65 36 8 0 0 0 70 11 19 88 25 0 0 0 0 5 11 24 0 0 0 0 0 
9 0 0 0 0 3 18 28 5 0 0 0 0 38 91 18 39 0 0 0 0 17 93 54 18 0 0 0 0 0 0 12 8 0 1 3 4 77 113 63 13 1 0 5 2 144 144 6 144 26 0 0 0 33 91 62 58 2 0 0 0 36 56 29 9 5 6 17 10 25 15 12 40 12 4 37 25 12 12 1 144 57 0 0 6 122 13 13 31 1 0 0 4 144 105 48 7 1 0 6 13 6 3 5 31 9 3 11 14 7 8 3 97 11 2 2 47 144 13 7 15 2 1 1 22 92 38 10 
1 1 1 1 1 3 0 0 27 5 0 0 0 1 1 5 163 3 0 0 0 0 0 67 45 10 0 0 0 0 0 6 1 1 22 38 0 1 1 0 21 3 12 15 0 0 2 5 163 3 1 0 0 0 0 68 117 14 1 0 0 0 0 14 0 1 163 52 0 0 1 0 4 3 163 79 0 0 0 1 163 120 163 15 0 0 0 14 106 40 5 0 0 0 0 5 2 8 58 7 0 0 0 0 0 13 128 13 0 0 0 0 2 41 114 5 0 0 0 0 3 14 8 0 0 0 0 0 
0 0 0 0 0 4 17 9 0 0 0 0 0 28 86 11 7 0 0 0 0 16 93 49 7 0 0 0 0 0 1 15 0 0 0 0 0 128 146 2 1 0 0 0 0 146 146 3 146 2 0 0 0 38 146 139 97 0 0 0 0 0 1 43 0 0 0 1 1 30 56 3 9 7 0 0 3 11 27 2 146 19 0 0 0 1 2 26 146 0 0 0 0 0 1 25 0 1 1 2 0 0 1 1 15 19 0 2 0 1 2 1 146 15 0 0 1 0 0 18 109 0 0 0 0 1 1 15 
4 2 1 3 1 0 1 1 22 4 0 0 1 1 1 6 160 2 0 0 0 0 0 71 55 5 0 0 0 0 0 8 0 1 21 35 2 0 1 1 13 1 18 16 0 0 1 16 160 3 2 0 0 0 0 65 129 9 0 0 0 0 0 19 0 2 160 58 0 0 0 0 2 3 160 61 0 0 0 0 160 125 160 16 0 0 0 14 115 38 4 0 0 0 0 6 0 6 64 7 0 0 0 0 0 10 128 13 0 0 0 0 2 35 117 4 0 0 0 0 4 16 7 0 0 0 0 0 
0 0 0 0 0 5 22 4 0 0 0 0 0 35 94 6 7 0 0 0 0 16 102 46 6 0 0 0 0 0 1 16 0 0 0 0 0 138 144 1 2 0 0 0 0 144 144 3 144 1 0 0 0 33 144 132 99 0 0 0 0 0 1 36 0 0 1 0 1 28 48 2 14 7 0 0 2 19 19 1 144 13 0 0 0 0 1 35 144 0 0 0 0 0 0 26 0 0 1 1 1 2 4 1 14 22 0 1 2 3 1 1 144 16 0 0 0 0 0 15 116 0 0 0 0 0 0 13 
24 17 0 3 7 5 3 2 77 109 0 0 1 98 109 26 24 11 0 0 0 124 124 70 16 0 0 0 0 0 41 124 15 2 0 3 40 47 5 3 15 2 0 0 73 124 123 12 124 7 0 0 8 70 65 39 65 0 0 0 0 0 2 124 6 5 2 10 102 38 0 0 5 2 0 5 124 41 0 1 124 15 0 1 7 4 0 8 68 10 0 0 0 0 0 23 2 1 0 2 82 22 0 0 6 0 3 16 82 6 0 0 108 18 0 2 5 0 13 10 29 6 0 0 0 0 6 6 
0 0 0 0 1 10 45 39 0 0 1 5 1 1 74 128 4 0 3 8 3 4 29 79 4 0 7 9 0 0 7 18 3 7 36 46 1 5 23 15 1 0 16 16 0 0 49 74 105 19 8 1 0 0 31 128 83 38 42 89 7 0 5 27 5 4 46 74 1 0 0 0 1 3 97 109 1 0 1 5 128 42 68 57 0 0 1 59 128 40 16 114 18 0 0 44 0 1 52 28 0 0 0 0 0 44 128 17 0 0 0 0 30 128 128 18 0 0 0 4 79 106 19 8 1 0 0 9 
14 38 20 57 13 0 0 0 34 98 128 128 0 0 0 8 32 19 128 128 0 0 2 80 128 40 28 3 0 0 0 92 96 36 1 14 12 0 0 0 128 79 42 46 0 0 0 1 3 17 128 128 0 0 0 0 42 77 104 11 0 0 0 7 114 12 3 15 4 0 0 12 128 13 0 0 0 0 0 32 1 0 4 1 0 0 0 6 0 1 4 0 0 0 0 1 44 4 3 14 3 0 0 15 128 2 0 2 0 0 0 54 3 0 0 0 0 0 0 9 0 0 0 0 0 0 0 1 
1 0 0 0 0 24 47 21 4 0 0 0 0 1 5 13 0 0 0 0 3 1 0 0 0 0 0 0 3 4 0 0 125 0 0 0 17 121 86 132 132 0 0 0 0 0 4 62 0 0 0 0 6 20 4 0 0 0 0 0 5 130 23 0 132 2 0 0 43 38 4 54 132 3 0 0 0 65 93 37 1 1 0 0 1 132 132 1 8 13 0 0 0 132 43 3 96 10 1 0 12 10 25 57 67 25 0 0 0 60 132 75 9 20 0 0 0 54 57 5 8 7 0 0 0 6 5 1 
0 1 2 1 2 12 2 0 29 6 0 1 1 2 1 5 166 5 0 0 0 0 0 54 43 12 1 0 0 0 0 4 2 2 27 34 1 2 0 0 23 4 16 14 0 1 0 5 166 8 1 0 0 0 0 68 105 17 2 0 0 0 0 12 0 2 166 62 0 0 1 6 4 5 166 82 0 0 0 0 166 131 166 13 0 0 0 14 95 38 7 0 0 0 0 4 23 4 41 4 0 0 1 69 5 15 103 11 0 0 0 1 2 32 101 4 0 0 0 0 2 12 10 0 0 0 0 0 
0 0 0 0 0 2 16 12 0 0 0 0 0 24 78 15 8 0 0 0 0 12 84 47 7 0 0 0 0 0 0 13 0 0 0 0 0 113 152 4 1 0 0 0 0 152 152 7 152 1 0 0 0 32 149 151 83 0 0 0 0 0 2 36 0 0 0 1 1 28 61 4 10 7 0 1 0 12 30 3 152 18 0 0 0 1 3 31 124 0 0 0 0 9 6 23 1 1 2 13 1 0 0 1 15 16 1 4 0 1 2 2 152 16 0 0 0 0 0 15 88 0 0 0 11 71 4 10 
24 27 1 0 5 5 8 7 49 121 1 0 1 44 121 22 13 16 0 0 0 98 121 67 28 0 0 0 0 0 22 94 11 2 0 1 27 94 22 8 16 4 0 0 15 121 121 14 115 49 0 0 0 82 109 67 121 2 0 0 0 0 3 121 0 0 0 0 75 101 0 0 36 22 0 0 20 50 1 0 110 62 0 0 0 1 3 6 121 4 0 0 0 0 1 90 0 0 0 3 45 27 0 0 52 34 0 2 9 7 0 1 50 40 1 0 0 0 2 2 69 11 2 0 0 0 0 12 
1 0 0 1 4 15 27 10 1 0 0 1 27 69 35 5 84 44 19 0 8 23 38 36 18 45 93 1 0 1 4 3 1 0 0 47 49 29 43 10 3 0 0 12 37 84 66 35 132 17 2 1 13 56 18 132 122 43 21 1 0 4 17 36 1 7 53 108 44 0 0 1 1 30 132 88 30 34 14 6 132 90 132 65 7 26 3 56 132 52 9 0 0 1 9 34 7 19 47 13 2 0 1 1 5 27 98 14 11 1 9 15 27 44 85 52 1 0 4 13 39 42 11 1 0 0 0 0 
73 1 0 1 0 3 16 55 9 0 0 7 23 56 109 24 14 1 0 0 4 38 133 55 11 2 0 0 0 0 48 33 23 0 7 14 25 53 96 57 2 1 20 47 12 133 133 13 133 47 10 25 2 68 133 87 85 38 3 0 8 19 21 36 0 2 33 71 30 8 5 0 0 11 52 85 55 34 2 0 133 72 28 40 12 8 0 53 106 10 10 1 6 10 5 45 0 1 4 26 21 8 1 0 0 34 42 34 46 14 0 0 35 122 37 1 0 2 0 6 46 16 2 0 0 0 6 23 
1 1 3 4 0 2 0 1 16 3 0 0 0 1 0 4 157 2 0 0 0 0 0 57 62 8 0 0 0 0 0 10 0 1 21 39 2 1 4 1 12 3 12 26 1 0 3 3 157 2 2 1 0 0 0 66 143 12 0 0 0 0 0 22 0 2 157 32 0 0 3 0 1 2 157 61 0 0 0 0 157 100 157 22 0 0 0 15 134 43 6 0 0 0 0 6 6 5 69 5 0 0 0 10 1 14 133 10 0 0 0 0 3 38 125 5 0 0 0 0 5 19 9 0 0 0 0 0 
0 0 0 0 0 8 27 7 0 0 0 0 0 39 111 8 9 0 0 0 0 18 118 54 8 0 0 0 0 0 2 20 0 0 0 0 0 125 144 1 3 0 0 0 0 144 144 2 144 3 0 0 0 36 135 119 106 0 0 0 0 0 2 41 0 0 0 0 1 18 39 2 11 16 1 0 3 6 18 2 144 19 0 0 0 0 1 31 144 0 0 0 0 1 3 30 0 1 1 2 0 1 2 1 22 26 2 2 2 1 1 1 144 9 1 1 4 0 0 21 115 0 0 0 3 10 1 16 
29 3 0 0 0 0 1 38 20 4 11 13 0 0 1 26 117 7 6 12 0 0 1 45 98 4 0 0 0 0 0 27 12 3 32 18 1 0 16 76 24 0 7 8 1 0 20 126 126 46 5 9 10 0 6 50 126 28 0 0 0 0 0 6 5 90 126 113 1 0 2 5 18 2 126 126 0 0 7 79 126 95 102 14 0 0 6 91 91 24 0 0 0 0 0 3 6 35 15 13 0 0 0 1 0 1 121 69 0 0 0 0 21 47 126 13 0 0 0 0 13 7 2 0 0 0 0 2 
0 0 0 0 1 12 20 0 0 0 0 0 1 36 78 0 5 0 0 0 0 36 98 32 6 0 0 0 0 1 4 14 2 3 1 0 0 123 117 0 2 13 5 0 27 123 123 13 123 1 0 0 43 100 121 123 123 1 0 0 0 0 1 56 19 11 0 0 10 43 17 1 9 10 2 0 74 99 4 1 123 26 0 0 67 59 4 40 123 19 0 0 0 0 11 34 4 2 0 0 1 16 15 4 1 0 0 1 43 85 7 0 90 23 0 5 28 22 5 73 43 9 0 0 0 0 53 117 
7 2 1 2 1 0 1 12 42 7 0 0 0 0 1 18 126 26 0 0 0 0 0 42 98 7 0 0 0 0 0 36 1 0 13 119 5 0 11 23 57 8 10 19 1 0 11 97 126 17 2 0 0 0 4 96 126 5 0 0 0 0 0 81 6 24 32 105 11 3 1 2 14 90 126 121 2 0 6 50 102 61 126 82 0 0 6 88 126 60 15 0 0 0 0 13 43 42 9 4 0 0 0 0 66 79 46 14 0 0 0 5 4 17 120 35 0 0 0 4 13 18 21 0 0 0 0 2 
3 1 3 4 0 0 1 9 30 1 1 0 0 0 2 14 164 2 0 0 0 0 0 79 42 3 0 0 0 0 0 8 0 0 25 26 0 0 0 1 23 5 18 11 0 0 2 9 164 7 2 0 0 0 0 70 111 7 0 0 0 0 0 16 0 0 164 50 0 0 0 0 4 6 164 60 0 0 0 0 164 159 164 6 0 0 0 10 85 36 2 0 0 0 0 4 0 3 59 6 0 0 0 0 0 7 123 13 0 0 0 0 1 35 93 2 0 0 0 0 2 11 3 0 0 0 0 0 
0 0 0 0 0 4 17 3 0 0 0 0 0 25 82 5 3 0 0 0 0 8 81 37 3 0 0 0 0 0 1 11 0 0 0 0 0 139 148 1 1 0 0 0 0 147 148 6 148 0 0 0 0 22 148 148 80 0 0 0 0 0 0 36 1 0 0 0 2 36 57 1 12 6 0 0 2 15 29 5 148 7 0 0 0 0 3 31 146 0 0 0 0 0 0 16 1 0 0 0 2 7 2 0 17 16 0 0 1 3 1 0 148 8 0 0 0 0 0 14 109 0 0 0 0 0 0 11 
14 5 0 0 0 0 4 15 48 23 1 1 0 0 0 8 131 8 1 0 0 0 0 65 59 0 0 0 0 0 0 26 12 4 17 53 6 1 10 65 41 13 23 8 0 0 8 131 131 24 11 8 0 0 2 78 131 10 0 0 0 0 0 31 4 112 131 79 4 0 0 7 12 29 131 131 0 0 6 80 131 114 118 34 0 0 4 62 89 32 0 0 0 0 0 6 26 66 10 1 0 0 0 2 0 5 78 43 0 0 0 5 14 34 101 19 0 0 0 1 8 6 1 0 0 0 0 3 
4 2 1 3 0 0 1 1 16 4 0 0 1 1 2 5 152 3 0 0 0 0 0 63 66 5 0 0 0 0 0 11 0 1 14 34 2 0 1 1 10 1 14 16 0 0 1 16 152 2 1 0 0 0 0 63 143 8 0 0 0 0 0 23 0 1 152 46 0 0 0 0 1 2 152 56 0 0 0 0 152 119 152 16 0 0 0 16 128 43 4 0 0 0 0 8 0 5 80 8 0 0 0 0 0 10 148 13 0 0 0 0 3 39 131 5 0 0 0 0 5 19 8 0 0 0 0 0 
0 0 0 0 0 8 30 4 0 0 0 0 0 41 108 5 8 0 0 0 0 18 118 50 8 0 0 0 0 0 3 19 0 0 0 0 0 129 141 1 1 0 0 0 0 139 141 1 141 3 0 0 0 31 141 125 116 0 0 0 0 0 1 40 0 0 0 0 1 18 37 3 13 8 0 0 2 18 14 1 141 14 0 0 0 1 1 29 141 0 0 0 0 0 0 28 0 0 0 0 1 2 5 1 13 23 1 1 2 2 1 1 141 13 0 0 0 0 0 13 130 0 0 0 0 0 0 13 
46 27 0 0 0 14 45 28 21 20 0 0 0 73 123 66 27 4 0 0 2 123 123 78 63 0 0 0 0 0 22 112 4 1 0 0 49 105 46 9 8 2 0 0 8 100 123 39 123 69 0 0 2 94 53 32 123 6 0 0 1 0 0 123 0 0 0 2 53 72 0 0 32 26 0 1 25 22 2 1 123 80 0 0 7 6 1 3 123 8 0 0 3 2 0 71 0 0 0 0 12 24 1 0 52 34 0 0 6 12 0 4 58 32 0 0 0 3 5 2 73 4 0 0 0 1 0 23 
0 0 0 0 0 5 30 4 0 0 0 0 0 105 68 2 29 0 0 0 0 56 116 65 28 0 0 0 0 0 2 27 0 0 0 0 0 56 146 17 13 1 0 0 0 146 146 4 146 7 0 0 0 44 61 64 144 3 0 0 0 0 0 14 4 1 0 0 0 18 91 20 24 1 0 0 0 29 37 27 146 22 0 0 0 0 3 48 119 12 0 0 0 0 15 28 3 2 0 0 0 1 2 1 12 1 1 1 1 1 6 8 108 0 0 0 0 0 24 125 15 0 0 0 0 0 110 90 
2 1 2 2 0 0 0 0 52 23 6 1 0 0 0 9 141 56 0 0 0 0 0 32 52 11 0 0 0 0 0 2 4 11 28 2 1 1 1 1 31 30 36 2 0 0 0 15 141 9 12 2 0 0 0 141 87 4 1 0 0 0 0 79 25 139 141 7 0 0 0 0 1 27 141 79 0 0 0 0 86 60 141 30 0 0 0 44 134 51 20 0 0 0 0 54 77 85 16 1 0 0 0 0 4 13 101 30 0 0 0 0 0 15 141 15 0 0 0 0 8 29 30 0 0 0 0 0 
9 29 40 2 0 0 0 0 13 24 126 20 0 0 0 6 88 4 55 13 0 0 0 140 51 3 2 0 0 0 0 108 140 100 31 0 0 0 0 4 56 76 140 66 0 0 0 0 17 11 140 107 0 0 0 20 68 43 104 7 0 0 0 55 140 15 0 0 0 0 0 32 139 16 7 1 0 0 0 10 0 1 43 9 0 0 0 0 0 6 34 2 0 0 0 0 140 1 0 0 0 0 0 30 122 1 0 0 0 0 0 17 2 0 0 0 0 0 0 0 0 0 1 0 0 0 0 0 
1 0 0 2 5 19 29 5 3 0 0 0 35 62 25 8 121 37 25 0 12 18 14 44 22 40 94 1 0 0 1 2 0 0 0 61 62 18 30 10 2 0 4 26 36 85 58 38 137 17 7 3 11 54 22 137 117 29 15 1 0 5 17 43 0 9 62 96 40 0 0 0 1 27 137 101 18 31 8 3 137 96 137 78 0 21 3 44 126 53 10 0 0 0 5 28 5 16 41 10 1 1 0 1 5 20 68 14 12 5 6 19 27 43 63 40 5 0 6 17 36 35 9 1 0 0 0 0 
67 1 0 1 2 2 17 45 6 1 0 7 25 61 95 16 15 0 0 0 2 29 140 56 10 1 1 0 0 1 49 26 27 0 7 8 7 74 120 58 10 2 18 44 13 140 140 15 140 47 4 16 2 53 140 91 63 27 6 3 11 23 21 34 0 2 45 59 14 19 10 1 4 17 53 87 49 36 2 0 140 65 34 28 9 3 0 61 81 9 10 4 5 9 6 35 0 0 7 25 24 4 1 0 0 51 43 31 38 13 0 0 41 118 34 0 0 0 0 9 43 11 1 0 0 0 5 21 
5 16 16 54 21 2 0 0 26 73 129 129 4 0 2 32 129 25 113 120 0 0 1 123 129 11 7 0 0 0 0 32 75 37 8 14 4 0 0 2 129 121 62 65 0 0 0 8 34 37 129 129 0 0 0 5 68 38 49 1 0 0 0 11 87 9 14 9 0 0 0 8 129 6 2 1 0 0 0 35 3 0 6 0 0 0 0 12 1 0 2 0 0 0 0 4 33 7 1 2 0 1 0 12 129 5 0 0 0 0 0 49 8 0 0 0 0 0 0 9 1 0 0 0 0 0 0 2 
4 7 13 2 0 0 0 2 7 13 66 8 0 0 0 2 137 10 24 3 0 0 0 53 96 2 0 0 0 0 0 64 109 69 19 0 0 0 0 4 72 119 137 47 0 0 0 0 18 11 137 131 0 0 0 39 64 24 114 25 0 0 0 123 137 14 0 0 0 0 0 17 137 34 10 1 0 0 0 6 6 4 68 24 0 0 0 0 4 6 76 14 0 0 0 0 120 3 0 0 0 0 0 49 137 1 0 0 0 0 0 64 8 0 0 0 0 0 0 2 0 0 0 0 0 0 0 0 
1 0 2 3 0 0 3 9 21 3 0 1 0 0 4 9 151 5 0 0 0 0 0 79 53 2 0 0 0 0 0 12 0 1 18 20 0 0 0 1 19 8 6 8 0 0 1 5 151 9 0 0 0 0 0 74 130 6 0 0 0 0 0 27 0 1 151 63 0 0 0 0 3 8 151 52 0 0 0 0 151 151 151 6 0 0 0 10 103 48 2 0 0 0 0 6 0 2 76 14 0 0 0 0 0 5 151 18 0 0 0 0 3 46 116 5 0 0 0 0 4 14 4 0 0 0 0 0 
0 0 0 0 0 7 23 2 0 0 0 0 0 40 98 5 3 0 0 0 0 9 101 49 4 0 0 0 0 0 2 15 0 0 0 0 0 141 141 2 0 0 0 0 0 141 141 4 141 0 0 0 0 17 141 141 108 0 0 0 0 0 1 47 0 1 0 0 3 27 45 3 5 4 0 0 1 11 23 6 141 11 0 0 0 1 3 26 141 2 0 0 0 0 0 17 1 1 0 0 4 6 1 0 14 12 0 0 1 2 1 1 141 11 0 0 0 0 0 8 134 2 0 0 0 0 0 7 
27 0 0 0 7 145 21 13 145 1 0 0 0 17 16 45 21 0 0 0 0 0 0 2 1 0 0 0 0 0 0 0 98 3 0 0 6 104 6 9 145 19 0 0 0 0 3 14 27 0 0 0 0 4 18 4 0 0 0 0 0 19 37 0 85 1 0 0 0 4 10 32 145 5 0 0 0 7 89 136 4 0 0 0 0 78 145 12 0 0 0 0 0 128 145 0 17 1 0 0 0 0 3 14 18 0 0 0 0 14 115 65 0 0 0 0 0 56 145 4 0 0 0 0 0 47 61 0 
8 19 16 1 0 0 0 1 6 30 106 11 0 0 0 0 23 9 68 19 0 0 0 48 50 3 9 2 0 0 0 137 136 64 8 0 0 0 0 4 109 126 137 31 0 0 0 0 2 6 137 132 0 0 0 0 33 24 137 46 0 0 0 40 137 18 0 0 0 0 0 35 137 31 4 0 0 0 0 22 9 4 40 13 0 0 0 0 0 2 67 12 0 0 0 0 137 2 0 0 0 0 0 21 137 1 0 0 0 0 0 29 14 1 1 0 0 0 0 1 0 0 1 1 0 0 0 0 
53 0 0 0 0 0 0 59 136 0 0 0 3 116 70 136 24 1 0 0 3 136 136 29 58 11 0 0 0 24 42 15 26 2 1 1 3 4 1 11 39 1 0 0 12 87 117 84 136 40 0 0 0 65 52 20 127 38 0 0 0 0 0 8 36 13 1 3 11 3 1 3 53 11 1 3 79 29 2 4 136 64 0 0 0 4 0 7 88 16 0 0 0 0 0 21 19 30 3 4 23 1 0 0 53 24 1 8 82 6 0 0 136 28 0 0 0 0 1 29 50 8 0 0 0 0 1 20 
35 10 0 13 14 1 0 0 132 77 0 2 0 0 0 0 38 3 0 0 0 0 0 3 10 0 0 0 0 0 0 2 73 24 6 14 12 2 4 6 132 73 1 1 0 0 0 16 25 0 0 0 0 5 13 12 13 0 0 0 0 0 9 15 53 9 3 2 10 9 6 27 118 9 0 0 0 8 109 132 4 0 0 0 41 132 132 89 33 0 0 0 6 29 79 132 8 2 1 0 10 1 2 7 4 0 0 3 82 46 97 46 14 0 0 0 30 131 132 53 90 0 0 0 5 19 12 132 
0 0 0 0 0 2 19 1 1 0 0 0 0 111 35 2 59 0 0 0 0 71 75 58 26 0 0 0 0 0 0 10 0 0 0 0 0 52 157 1 20 0 0 0 0 157 134 6 157 11 0 0 0 67 32 43 87 3 0 0 0 0 0 4 1 0 0 0 1 39 126 6 42 0 0 0 0 44 61 25 157 18 0 0 0 1 14 85 51 2 0 0 0 3 75 34 2 1 1 0 1 4 1 1 18 2 1 0 0 1 3 9 71 0 0 0 0 1 68 115 2 0 0 0 0 9 157 37 
1 1 2 2 0 0 0 2 97 10 2 1 0 0 1 21 154 10 0 0 0 0 0 20 34 3 0 0 0 0 0 1 3 13 30 2 1 0 0 1 54 28 57 2 0 0 0 28 154 8 16 1 0 0 0 154 49 3 1 0 0 0 0 85 80 127 95 1 0 0 0 0 11 56 154 60 0 0 0 0 53 35 154 45 0 0 0 73 92 45 48 0 0 0 0 75 154 48 2 0 0 0 0 4 44 26 47 8 0 0 0 0 0 3 98 11 0 0 0 0 2 14 32 0 0 0 0 0 
15 0 0 0 0 3 14 22 1 0 0 0 9 114 33 2 115 2 0 0 6 112 44 40 37 1 0 0 0 0 0 4 12 0 0 0 0 43 148 69 21 0 0 0 13 148 148 4 148 29 0 0 8 85 12 20 62 4 0 0 0 2 11 4 0 0 0 0 9 38 81 8 42 0 0 0 1 40 61 18 148 8 0 0 0 4 60 107 18 1 0 0 0 58 148 24 0 0 0 0 6 11 3 0 14 3 0 0 1 2 2 5 33 0 0 0 0 7 82 55 0 0 0 0 0 41 117 6 
3 2 1 1 0 0 1 5 40 5 1 0 0 0 5 28 137 83 13 0 0 0 0 14 22 44 45 0 0 0 0 0 4 8 27 5 0 0 0 2 50 17 66 7 0 0 0 14 137 7 12 1 0 0 0 137 67 4 1 0 0 0 0 56 114 76 47 1 0 0 0 5 46 76 137 77 0 0 0 2 39 15 137 112 0 0 0 113 69 20 61 9 0 0 0 131 137 9 0 0 0 0 0 18 130 19 19 5 0 0 0 10 1 2 80 27 0 0 0 0 7 8 54 7 0 0 0 1 
128 9 0 0 0 0 0 7 64 3 0 0 0 0 0 8 1 0 0 0 0 0 0 1 0 0 0 0 0 0 0 0 128 2 0 0 0 0 0 69 93 0 0 0 0 3 3 54 5 0 0 0 0 20 41 5 3 0 0 0 0 2 15 14 128 0 0 0 0 2 6 82 118 0 0 0 0 128 122 50 50 1 0 0 0 128 128 90 89 6 0 0 0 1 17 51 66 1 0 0 1 45 26 17 23 2 0 0 3 128 116 17 128 32 0 0 0 34 51 73 114 13 0 0 0 0 1 30 
3 0 1 18 9 0 0 18 30 2 0 16 5 0 0 101 147 5 0 1 0 0 0 54 86 0 0 0 0 0 0 15 1 0 6 34 10 1 0 5 42 7 12 33 9 0 0 57 147 4 0 0 0 0 0 93 147 0 0 0 0 0 0 22 0 0 12 139 11 0 0 0 8 6 35 35 0 0 0 4 147 39 9 5 0 0 0 75 147 9 0 0 0 0 0 21 0 0 12 147 9 0 0 0 1 20 31 98 3 0 0 0 133 147 12 2 0 0 0 2 86 41 0 0 0 0 0 1 
1 0 0 5 4 4 13 11 11 0 0 0 0 8 18 64 10 0 0 2 0 0 34 118 78 4 0 4 0 0 17 94 0 0 25 106 14 3 15 7 0 0 25 51 1 11 48 23 1 5 10 8 2 9 97 81 72 47 13 0 0 0 60 125 3 11 63 100 1 0 0 1 0 1 115 125 0 0 3 2 61 125 113 95 1 3 7 10 60 125 125 0 0 0 2 6 1 4 8 25 6 0 1 2 4 3 25 56 7 2 3 1 125 47 39 55 12 1 0 11 112 49 26 0 0 0 0 11 
0 0 0 8 69 135 91 9 0 0 0 1 7 32 135 135 29 5 0 0 0 135 135 67 15 19 5 1 0 44 6 2 0 0 0 58 135 71 4 0 16 0 11 45 55 6 66 63 135 9 1 1 2 13 67 60 64 14 5 1 1 3 5 14 0 0 0 24 106 33 0 0 11 1 11 52 81 6 0 1 135 3 6 10 4 0 0 64 67 15 0 0 0 4 15 40 0 0 1 2 36 37 0 0 0 1 11 27 26 5 0 0 100 27 3 14 8 0 1 14 71 32 0 0 0 2 9 12 
5 0 0 31 33 0 0 2 40 0 0 23 31 0 0 54 28 1 5 5 4 3 4 31 13 0 1 10 20 5 5 3 36 0 0 31 43 0 0 22 28 0 1 74 73 0 0 36 57 3 9 10 7 12 8 72 38 11 28 12 5 12 16 2 64 15 8 16 12 0 0 92 16 54 116 119 17 0 0 9 119 44 80 119 2 0 0 46 86 77 119 40 0 0 0 1 119 40 24 39 1 0 0 37 117 119 75 62 0 0 0 2 55 44 119 119 0 0 0 0 104 58 51 14 0 0 0 0 
2 3 2 4 1 61 40 6 97 1 0 1 0 25 66 113 97 6 0 0 0 86 116 65 116 9 0 0 0 2 19 27 1 15 15 16 8 9 1 0 17 11 8 9 13 97 27 19 116 61 0 0 2 74 54 54 116 13 0 0 0 29 112 69 6 5 1 1 11 69 1 1 5 75 2 1 19 110 0 0 87 95 2 0 2 11 14 40 24 4 0 0 13 107 113 42 1 22 1 0 6 51 0 0 5 104 1 0 1 11 0 0 3 49 2 0 6 72 1 0 17 13 0 0 27 116 1 0 
1 0 1 4 0 1 2 3 17 4 0 0 0 1 2 9 144 2 0 0 0 0 0 68 83 2 0 0 0 0 0 22 1 2 15 18 2 0 0 0 12 7 7 5 3 0 0 5 144 4 1 0 0 0 0 60 144 3 0 0 0 0 0 38 0 1 144 56 1 0 0 0 2 4 144 43 2 0 0 0 144 112 144 7 0 0 0 7 144 53 4 0 0 0 0 7 0 1 97 21 0 0 0 0 0 3 144 23 0 0 0 0 5 47 144 8 0 0 0 0 10 28 11 0 0 0 0 0 
0 0 0 0 0 20 39 1 0 0 0 0 0 60 134 1 9 0 0 0 0 15 134 55 13 0 0 0 0 0 6 25 0 0 0 0 0 134 134 0 0 0 0 0 0 117 134 1 134 0 0 0 0 15 134 117 134 0 0 0 0 0 2 48 0 0 0 0 1 21 29 3 4 3 2 0 0 9 16 6 134 10 3 0 0 0 2 24 134 2 0 0 0 0 0 19 0 1 0 2 3 5 1 0 13 14 1 0 1 0 2 3 134 11 2 0 0 0 0 8 134 4 0 0 0 0 0 6 
7 2 2 1 0 0 3 36 8 2 3 1 0 1 16 25 77 3 3 1 3 7 7 85 109 1 0 0 0 0 0 75 3 2 6 2 4 8 17 11 2 0 3 7 7 11 45 55 130 14 3 3 2 3 20 89 130 21 0 0 0 0 0 17 2 5 130 84 0 2 7 2 1 13 123 44 2 0 1 2 100 130 48 5 0 0 0 30 130 102 0 0 0 0 0 2 0 1 108 78 0 0 0 0 0 21 130 108 0 0 0 0 4 130 112 8 0 0 0 0 9 54 1 0 0 0 0 0 
0 0 0 0 0 57 55 0 0 0 0 0 0 80 136 6 0 0 0 0 0 17 136 105 3 0 0 0 0 0 22 54 0 0 3 3 5 136 79 0 5 2 0 4 30 136 136 9 44 1 0 0 2 31 102 136 136 2 0 0 0 0 19 136 3 1 3 5 16 32 5 5 5 5 3 20 78 34 0 0 96 7 1 6 4 2 1 26 136 18 0 0 0 0 0 22 1 0 0 0 8 17 3 1 4 2 3 8 23 27 2 3 63 3 4 13 17 1 1 13 136 13 0 0 0 0 0 15 
31 0 0 0 0 1 4 137 61 0 0 0 4 137 85 137 64 11 0 0 4 137 62 11 80 11 0 0 0 11 5 12 18 1 0 1 5 4 3 28 46 4 0 0 17 107 106 70 137 47 0 0 0 46 18 16 109 16 0 0 0 0 0 24 31 17 3 2 14 7 2 4 70 26 3 6 85 14 1 2 137 31 0 0 0 1 3 51 122 17 0 0 0 0 1 25 25 35 1 5 18 0 0 0 25 13 1 18 68 0 0 10 119 8 0 0 0 0 0 56 106 17 0 0 0 0 0 5 
2 0 0 5 17 17 6 3 2 0 0 7 34 46 5 5 131 5 0 0 5 14 2 75 74 31 0 0 0 1 2 16 11 0 0 0 34 47 27 34 0 2 11 2 23 131 18 5 131 14 10 0 1 29 13 129 131 4 0 1 2 8 7 49 0 38 116 11 5 28 23 8 0 42 131 18 6 38 2 0 131 69 131 53 1 1 0 10 131 39 11 3 0 0 0 13 3 59 82 1 0 0 0 0 2 27 128 18 8 7 2 1 24 34 93 68 7 4 0 0 59 39 12 0 0 0 0 0 
0 0 0 1 2 16 75 32 1 0 1 8 6 48 132 4 10 3 0 0 0 12 132 40 12 0 0 0 0 0 58 40 0 0 5 14 2 72 132 5 10 0 1 29 13 124 132 14 132 54 1 1 0 9 132 70 90 71 7 4 0 0 26 35 0 6 33 46 6 5 2 0 11 3 21 132 20 4 0 2 132 21 5 37 2 0 0 39 128 20 7 7 2 1 1 23 0 5 17 17 6 4 2 0 0 0 32 47 28 35 11 0 122 12 4 27 23 8 0 38 82 0 0 0 0 1 3 56 
23 4 1 2 1 0 0 3 6 2 5 10 17 4 3 5 142 7 5 2 0 0 1 91 110 0 0 0 0 0 0 30 8 11 50 25 9 2 2 1 14 21 8 9 19 12 13 6 142 56 3 0 0 0 0 27 142 3 0 0 0 0 0 28 0 8 142 126 5 0 0 0 7 61 142 109 8 0 0 0 104 142 142 1 0 0 0 4 139 50 10 0 0 0 0 7 5 2 18 11 0 0 0 0 6 10 105 17 0 0 0 0 7 29 91 1 0 0 0 0 9 13 7 0 0 0 0 0 
0 0 0 0 0 33 84 0 0 0 0 0 0 40 144 1 13 0 0 0 0 11 133 53 7 0 0 0 0 1 9 12 5 1 0 0 1 124 144 5 3 0 0 0 0 54 144 53 144 0 0 0 0 7 100 144 86 0 0 0 0 0 7 30 6 12 15 3 3 9 9 2 6 8 21 8 16 5 17 19 144 99 9 0 1 0 11 71 115 17 0 0 0 0 6 13 0 3 2 0 0 4 23 2 37 17 10 2 2 0 14 12 144 100 5 0 0 0 0 16 32 11 0 0 0 1 4 3 
0 0 0 6 6 4 12 10 6 0 0 0 0 7 21 64 14 0 0 0 0 0 44 116 99 0 0 0 0 0 11 126 0 0 24 109 15 1 11 3 0 0 21 59 5 7 37 21 6 21 21 5 8 7 69 68 126 87 12 0 0 0 19 126 3 8 51 87 2 0 0 1 0 2 84 126 2 0 2 2 116 126 121 59 2 1 2 5 76 126 106 0 0 0 0 0 2 4 6 22 6 0 0 2 2 5 22 54 10 2 3 0 126 53 21 35 8 0 0 19 68 24 13 0 0 0 0 9 
0 0 0 0 25 127 98 2 0 0 0 0 1 51 127 127 15 4 0 0 6 127 104 34 12 17 5 0 1 52 2 1 0 0 0 34 127 127 28 2 8 2 5 22 32 29 127 103 127 5 0 1 1 42 97 59 60 11 4 0 1 3 6 12 0 0 0 39 117 28 0 0 10 4 9 52 64 3 0 2 127 5 4 7 3 0 0 59 62 14 0 0 0 4 14 36 0 0 0 3 52 28 0 0 0 2 10 24 31 4 0 0 92 21 3 12 5 0 0 14 65 22 0 0 0 5 4 12 
3 0 0 34 26 0 0 8 39 6 1 13 11 2 0 64 64 138 21 2 4 1 0 5 104 90 7 0 0 0 0 0 4 0 0 58 44 0 0 2 62 2 0 52 33 0 0 71 138 91 8 1 0 0 0 112 63 86 10 0 0 0 0 9 24 1 1 33 27 0 0 21 26 21 83 100 18 0 0 13 138 38 63 21 0 0 0 99 135 6 0 0 0 0 0 30 37 3 1 4 3 0 0 35 100 87 74 14 1 0 0 1 78 85 138 21 0 0 0 3 70 19 5 0 0 0 0 4 
5 2 7 15 1 0 5 11 14 2 3 6 2 2 16 20 29 17 49 4 0 2 5 14 1 9 83 14 0 0 0 0 43 4 22 90 5 1 3 119 15 0 12 101 6 3 25 19 135 28 12 2 0 2 10 22 45 26 70 11 0 0 0 0 135 15 16 71 2 0 0 127 98 6 45 135 3 0 0 68 135 28 25 106 1 0 0 3 72 14 12 2 0 0 0 0 55 21 42 132 1 0 0 17 135 35 33 71 0 0 0 42 53 30 76 107 0 0 0 0 24 13 13 3 0 0 0 0 
10 0 0 0 0 0 1 31 5 0 0 0 0 72 22 15 72 1 0 0 0 87 81 45 37 0 0 0 0 6 14 19 33 0 0 0 1 50 36 110 4 0 0 0 2 148 67 8 148 24 0 0 4 124 30 29 90 3 0 0 21 148 40 38 9 1 2 4 9 41 27 54 17 4 8 33 28 75 14 1 148 33 0 1 30 117 4 4 82 11 0 0 51 148 23 16 13 5 0 1 4 3 3 10 13 7 3 14 23 15 6 4 81 13 3 4 65 84 0 6 49 20 3 3 48 65 7 2 
88 0 0 0 12 15 12 57 31 0 0 0 10 136 76 37 136 27 0 0 14 129 16 23 46 4 0 0 0 11 3 2 16 0 0 0 28 39 45 46 37 0 0 0 1 136 131 30 136 33 0 0 0 51 44 64 26 2 0 0 0 136 89 12 3 1 0 0 37 42 4 1 33 1 0 0 11 29 9 9 125 5 0 0 0 42 116 105 0 0 0 0 0 136 116 7 1 0 0 0 19 27 1 1 10 2 0 0 4 9 2 5 2 0 0 0 3 19 27 6 0 0 0 0 1 20 8 0 
2 1 5 9 0 0 0 5 13 2 2 2 0 0 0 38 14 5 4 6 0 0 0 65 7 5 12 2 0 0 0 85 15 12 8 2 0 0 0 8 8 14 58 29 0 0 0 7 123 48 16 6 0 0 0 23 62 69 107 32 0 0 0 15 105 27 5 0 0 0 0 8 123 110 123 123 0 0 0 0 123 18 123 123 0 0 0 41 123 30 29 21 0 0 0 73 102 8 2 0 0 0 0 18 123 33 8 12 0 0 0 25 20 7 68 123 0 0 0 7 47 8 53 70 0 0 0 47 
1 0 0 2 2 6 13 32 3 0 0 2 4 12 21 60 59 3 0 3 4 8 3 42 127 2 0 0 0 0 0 75 2 1 5 23 6 3 3 7 3 0 15 35 6 1 15 103 100 21 6 3 0 0 3 91 127 34 0 0 0 0 0 12 0 0 87 107 0 0 0 0 1 13 105 36 0 0 0 2 85 127 76 3 0 0 0 33 127 101 9 0 0 0 0 3 0 0 98 127 0 0 0 0 0 55 127 86 0 0 0 0 0 127 125 0 0 0 0 0 9 71 12 0 0 0 0 0 
0 0 0 0 0 82 107 0 0 0 0 0 0 54 131 2 0 0 0 0 0 18 131 131 4 0 0 0 0 0 9 80 1 2 1 2 1 109 86 3 6 1 0 0 12 107 122 9 48 0 0 0 0 36 58 131 101 2 0 0 0 0 4 131 0 3 9 17 20 27 2 0 17 23 3 3 50 95 1 0 100 15 0 0 0 3 0 17 131 66 0 0 0 0 0 49 0 0 3 4 23 30 3 0 3 19 10 4 17 20 1 1 77 35 0 0 0 0 1 4 131 84 0 0 0 0 0 0 
13 22 14 26 10 1 0 1 38 124 127 127 7 0 0 16 127 61 127 127 0 0 0 68 127 46 11 0 0 0 0 8 84 49 12 12 4 2 1 1 127 114 26 30 0 0 0 7 22 31 127 87 0 0 0 6 33 24 29 0 0 0 0 9 95 21 8 0 1 1 1 22 127 8 0 0 0 0 0 112 11 0 0 0 0 0 0 17 3 0 0 0 0 0 0 7 14 14 3 1 1 0 1 5 74 2 0 1 0 0 1 127 29 0 0 0 0 0 2 58 0 0 0 0 0 0 2 8 
86 5 0 7 7 0 0 1 137 17 0 0 0 0 0 9 15 0 0 0 0 0 0 12 6 0 0 0 0 0 0 7 110 10 4 27 9 1 1 3 137 15 0 0 0 0 0 14 17 0 0 0 0 1 6 20 6 0 0 0 0 0 9 18 63 6 5 13 9 3 2 20 137 7 1 0 0 6 65 137 3 0 0 0 14 137 137 37 3 0 0 0 7 59 137 137 6 0 1 9 8 4 1 11 7 0 0 12 42 38 80 64 0 0 0 11 47 131 137 21 20 1 2 1 14 48 43 120 
78 65 0 0 0 0 0 0 50 51 0 0 0 0 0 0 8 3 0 0 0 0 0 0 5 2 0 0 0 0 0 0 124 16 0 0 0 2 8 27 73 8 0 0 0 1 18 14 9 0 0 0 1 15 32 10 13 2 0 0 0 0 8 10 69 2 0 0 5 33 68 97 124 3 0 0 14 99 87 87 56 0 0 0 27 124 121 110 98 1 0 0 0 0 16 99 32 1 0 0 10 37 28 30 61 4 0 0 13 124 124 60 124 36 0 0 23 124 24 35 124 4 0 0 0 0 0 28 
13 0 1 14 18 0 0 10 25 0 0 21 32 1 1 34 30 0 8 13 4 1 1 24 53 0 0 11 15 2 1 16 90 1 1 20 17 0 0 55 20 0 0 62 77 0 0 28 50 1 8 10 8 11 4 68 100 17 18 5 7 11 7 6 100 2 0 83 24 0 3 98 24 37 66 113 28 0 0 20 115 47 94 100 4 0 0 35 83 105 115 10 0 0 0 0 57 17 19 115 33 0 1 37 115 115 62 34 0 0 0 13 54 60 115 115 0 0 0 0 68 55 43 7 0 0 0 0 
14 20 7 24 12 0 0 0 35 132 132 129 7 0 0 6 91 35 132 132 0 0 0 72 132 43 23 8 0 0 0 19 81 36 14 14 2 0 0 1 132 114 12 15 0 0 0 6 15 22 124 122 0 0 0 7 50 36 54 14 0 0 0 5 98 18 5 2 4 0 1 19 132 13 0 0 0 0 0 46 9 0 0 0 0 0 0 12 2 0 0 0 0 0 0 5 33 10 5 0 0 0 0 9 108 2 0 0 0 0 0 122 16 0 0 0 0 0 0 28 1 0 0 0 0 0 0 4 
5 0 0 29 15 0 0 35 40 2 1 13 5 0 1 130 158 3 0 0 0 0 0 50 82 0 0 0 0 0 0 11 1 0 4 32 12 0 0 4 66 6 29 34 5 0 0 86 158 2 1 0 0 0 0 133 155 1 0 0 0 0 0 28 4 0 6 30 5 0 2 8 11 8 17 17 0 0 1 16 158 33 4 3 0 0 0 101 158 6 0 0 0 0 0 18 1 2 16 25 1 0 0 0 7 18 35 12 0 0 0 1 158 134 5 1 0 0 0 2 110 34 0 0 0 0 0 2 
1 0 0 33 28 0 0 4 33 0 0 14 10 1 1 71 7 4 16 6 11 19 7 13 36 22 19 1 1 3 3 2 1 0 4 52 40 0 0 1 30 0 17 89 22 0 0 54 122 49 51 10 1 0 0 70 55 93 122 5 0 0 0 2 27 37 14 14 8 0 0 32 24 73 122 122 1 0 0 5 122 41 122 110 0 0 0 41 122 41 50 1 0 0 0 20 118 17 0 0 0 0 0 59 122 82 52 27 0 0 0 4 21 31 122 101 0 0 0 0 63 30 26 5 0 0 0 2 
4 10 20 20 6 2 1 1 19 111 122 125 27 0 0 2 111 55 125 125 2 0 0 48 125 88 11 2 0 0 0 6 59 46 11 4 3 1 4 8 125 125 22 22 1 0 0 13 33 47 125 125 3 0 0 3 55 65 48 6 0 0 0 7 55 24 9 2 0 0 0 18 125 6 0 0 0 0 0 99 19 0 1 0 0 0 0 16 7 0 0 0 0 0 0 7 15 0 0 2 0 0 1 21 105 0 0 1 0 0 1 116 23 0 0 0 0 0 0 54 4 0 0 0 0 0 0 8 
6 0 1 1 0 1 9 29 9 1 0 0 2 3 22 29 54 2 0 1 8 11 5 50 129 1 0 0 0 0 0 80 3 0 3 4 10 5 13 14 0 0 4 21 19 6 43 68 84 7 6 10 2 2 20 118 129 13 0 0 0 0 0 26 5 8 106 73 2 0 1 3 0 6 83 46 2 0 1 2 60 129 64 11 0 0 1 46 129 129 1 0 0 0 0 12 0 0 116 108 0 0 0 0 0 15 129 123 0 0 0 0 4 129 110 10 0 0 0 0 14 95 3 0 0 0 0 0 
0 0 0 0 0 82 68 0 0 0 0 0 0 133 133 8 0 0 0 0 0 24 133 133 9 0 0 0 0 0 43 90 0 0 6 2 5 133 80 0 12 2 2 2 50 133 79 7 51 3 0 0 2 32 62 127 133 2 0 0 0 0 25 133 1 2 13 6 19 22 5 1 10 9 15 18 90 42 0 0 65 14 4 2 2 2 0 19 133 16 0 0 0 0 0 26 0 0 0 1 11 10 3 0 0 3 3 11 40 16 0 0 23 6 8 4 8 6 3 13 133 17 0 0 1 1 1 23 
4 13 23 2 0 0 0 2 28 17 78 9 0 0 1 12 144 76 27 2 0 0 0 43 34 39 30 0 0 0 0 13 135 99 26 0 0 0 0 2 68 123 144 57 0 0 0 0 78 37 144 80 0 0 0 51 59 23 39 2 0 0 0 34 144 24 0 0 0 0 0 65 144 29 8 0 0 0 0 46 2 2 45 7 0 0 0 0 0 4 21 2 0 0 0 0 44 0 1 1 0 4 50 120 60 2 3 1 0 1 61 144 17 0 0 0 0 0 4 51 0 0 1 0 0 0 0 0 
0 0 0 0 0 5 36 8 1 0 0 0 0 68 92 2 10 0 0 0 0 27 118 60 13 0 0 0 0 0 3 22 0 0 0 0 0 59 142 47 13 1 0 0 0 142 142 10 142 6 0 0 0 28 95 110 127 2 0 0 0 0 0 26 3 1 0 0 0 12 65 23 30 1 0 0 0 15 31 36 142 34 0 0 0 0 2 46 122 16 0 0 0 0 8 20 1 1 0 0 0 0 2 1 17 2 1 2 0 1 5 10 113 2 0 0 0 0 24 142 17 0 0 0 0 0 96 101 
2 1 1 1 0 0 0 0 68 24 3 1 0 0 0 13 142 43 0 0 0 0 0 62 34 7 0 0 0 0 0 5 5 10 16 2 1 2 0 1 31 36 29 1 0 0 0 16 142 10 13 1 0 0 0 142 91 2 1 0 0 0 0 70 24 140 109 1 0 0 0 0 2 48 142 29 0 0 0 0 93 111 142 4 0 0 0 29 117 61 11 0 0 0 0 27 100 101 17 0 0 0 0 0 9 22 125 14 0 0 0 0 0 27 126 2 0 0 0 0 3 22 13 0 0 0 0 0 
0 0 0 7 8 16 19 8 1 0 0 0 26 45 37 11 61 17 21 1 16 25 43 30 17 20 78 8 0 7 8 9 0 0 2 61 81 14 16 10 24 0 2 28 47 70 45 67 126 14 4 0 16 64 10 97 126 44 63 9 0 0 5 18 0 5 33 90 55 0 0 0 1 6 126 126 30 44 14 13 126 49 126 89 0 41 10 72 126 24 5 0 0 0 18 45 3 11 36 16 1 0 0 0 3 12 108 38 6 2 2 12 40 47 113 96 2 0 1 9 48 49 18 0 0 0 0 1 
58 1 0 1 0 2 12 49 8 0 0 9 17 106 78 14 39 6 0 1 3 105 129 38 29 14 0 0 3 13 45 17 32 2 3 7 11 73 77 67 1 1 29 33 13 129 129 5 129 20 20 29 5 98 75 75 119 19 4 2 9 18 4 39 0 6 38 49 29 21 13 4 1 23 67 51 45 48 4 0 127 120 34 33 10 23 0 29 115 22 3 0 0 2 8 57 0 1 10 30 14 2 0 0 3 34 30 33 45 8 0 0 21 124 22 3 2 3 0 2 23 25 2 0 0 0 1 14 
2 0 1 42 15 0 1 30 44 1 5 20 4 0 1 155 155 1 0 0 0 0 0 59 95 0 0 0 0 0 0 12 1 0 4 31 13 0 2 2 48 11 39 42 5 0 0 71 155 3 4 1 0 0 0 155 155 1 0 0 0 0 0 29 2 0 5 13 4 0 1 8 10 6 14 14 3 1 0 9 155 43 2 2 1 0 0 74 155 11 0 0 0 0 0 25 2 1 3 19 4 1 2 3 14 18 10 4 0 0 0 5 155 109 2 0 0 0 0 0 120 34 0 0 0 0 0 0 
1 0 0 7 12 4 4 1 6 5 8 17 7 0 5 20 145 12 5 1 0 0 1 124 85 0 0 0 0 0 0 25 5 6 11 16 19 10 18 10 14 39 22 1 2 0 3 6 145 48 8 0 0 0 0 24 145 3 0 0 0 0 0 20 3 18 145 120 5 1 0 1 5 53 145 33 0 0 0 0 145 119 145 6 0 0 0 2 133 30 6 0 0 0 0 4 2 2 51 12 0 0 0 0 3 4 121 13 0 0 0 0 6 29 104 3 0 0 0 0 10 12 6 0 0 0 0 0 
0 0 0 0 0 21 43 0 0 0 0 0 0 40 138 0 8 0 0 0 0 15 118 40 6 0 0 0 0 0 6 11 2 0 0 0 1 140 140 6 4 0 0 0 0 88 140 35 140 0 0 0 0 15 117 140 93 0 0 0 0 0 5 31 15 13 2 3 9 49 20 6 17 1 0 2 2 5 20 34 140 1 0 0 0 2 11 95 140 0 0 0 0 0 3 19 1 10 10 2 3 1 0 0 1 7 17 10 18 7 4 2 140 67 10 1 3 3 5 24 103 17 0 0 0 0 1 5 
2 0 1 33 13 1 3 7 11 0 0 1 1 3 18 36 52 3 2 0 0 0 5 81 86 4 4 2 0 0 2 40 4 2 20 128 27 0 1 4 1 0 25 128 11 1 35 25 9 2 12 14 2 0 61 128 128 20 7 0 0 0 37 128 17 6 25 71 8 1 0 15 0 2 49 128 8 0 2 1 26 128 128 107 4 0 11 11 65 128 128 0 0 0 5 24 12 0 1 5 2 1 1 13 4 3 5 26 18 7 4 0 128 124 21 17 6 1 0 1 29 34 50 0 0 0 0 0 
0 0 0 3 58 131 75 10 1 0 0 1 9 35 131 131 13 4 0 0 1 131 125 51 5 9 2 0 1 61 10 3 0 0 0 37 131 109 5 1 28 2 1 51 77 10 84 112 131 16 1 1 2 25 82 67 25 17 8 2 1 2 0 4 0 0 0 8 84 52 3 3 26 7 3 49 83 11 0 5 131 11 0 9 2 0 2 67 36 18 2 0 10 15 6 26 0 0 1 2 16 36 5 0 7 7 5 18 26 8 0 0 119 34 0 5 4 1 0 16 42 23 0 0 9 54 4 11 
126 6 0 0 0 0 0 10 58 2 0 0 0 0 0 9 1 0 0 0 0 0 0 1 0 0 0 0 0 0 0 0 126 2 0 0 0 0 0 79 83 0 0 0 0 4 4 63 6 0 0 0 0 33 55 5 4 0 0 0 0 5 29 22 126 0 0 0 0 3 6 89 101 0 0 0 0 126 126 60 41 2 0 0 0 126 126 81 110 10 0 0 0 3 29 78 48 1 0 0 2 44 30 13 14 3 0 0 6 126 97 10 126 39 0 0 0 35 48 48 126 17 0 0 0 0 0 39 
2 0 0 0 0 9 63 33 0 0 0 0 0 77 147 45 122 1 0 0 0 38 105 147 77 1 0 0 0 1 0 36 5 6 0 0 10 106 17 4 6 3 0 1 15 92 53 6 147 16 0 0 5 22 13 64 147 6 0 0 0 3 23 23 36 3 0 0 8 103 9 9 27 14 4 3 27 10 0 3 147 60 3 0 5 6 30 43 85 3 0 0 0 40 147 63 42 11 1 1 4 7 0 2 28 63 10 1 5 1 0 1 26 68 9 0 5 31 15 8 3 2 2 2 5 40 58 6 
15 5 3 12 7 0 0 1 13 3 0 22 26 2 6 22 92 15 0 0 0 0 1 49 124 2 0 0 0 0 0 82 15 13 8 22 14 0 0 0 26 6 6 45 80 4 1 21 106 44 3 8 1 0 0 40 124 21 0 0 0 0 0 100 15 96 57 34 7 0 0 0 14 55 88 124 29 1 0 1 70 124 55 31 0 0 0 12 113 124 19 0 0 0 0 8 7 105 49 3 0 0 0 0 5 35 92 124 0 0 0 0 10 124 123 48 0 0 0 0 7 71 21 0 0 0 0 0 
3 2 1 3 1 4 22 17 14 0 0 0 0 0 44 123 13 0 0 0 0 0 76 123 20 0 0 0 0 0 22 123 6 0 16 52 2 2 6 15 14 1 14 40 5 1 15 98 71 17 3 0 0 0 8 123 123 38 0 0 0 0 2 87 21 3 17 20 0 0 0 13 27 28 95 87 2 0 0 14 115 111 123 10 0 0 0 37 123 111 18 0 0 0 0 4 12 7 12 5 0 0 0 11 123 99 45 7 0 0 0 5 44 88 123 1 0 0 0 1 11 32 24 0 0 0 0 2 
1 0 3 29 17 1 4 1 1 0 13 12 2 1 16 9 70 10 7 9 0 0 2 42 85 53 1 0 0 0 0 10 10 0 0 59 57 0 1 7 2 0 1 38 26 2 12 21 79 0 0 2 0 2 9 67 138 23 0 0 0 0 0 56 28 5 18 48 14 0 0 53 33 19 138 138 9 1 1 6 25 57 138 67 0 2 3 23 138 121 38 0 0 0 0 38 78 8 1 1 4 2 0 33 138 61 104 37 0 0 0 13 10 30 138 77 0 0 0 0 11 94 92 6 0 0 0 0 
54 0 0 1 1 0 0 34 135 0 0 0 0 90 64 135 17 0 0 0 0 135 135 34 34 6 0 0 0 47 65 15 29 2 0 0 4 6 2 8 53 2 0 0 10 71 127 90 135 20 0 0 0 70 80 31 135 30 0 0 0 0 3 11 40 13 2 1 12 1 1 2 49 7 2 2 70 26 4 5 135 61 0 0 0 4 1 5 108 23 0 0 0 0 0 12 16 30 3 4 19 0 0 0 51 21 1 6 83 8 0 0 135 34 0 0 0 0 0 10 45 2 0 0 0 0 0 20 
5 9 17 42 8 1 8 10 14 119 117 87 32 0 0 2 87 86 124 124 8 0 0 8 124 124 12 2 0 0 0 3 46 47 11 4 3 1 6 10 124 124 21 12 0 0 0 31 24 56 124 124 0 0 0 3 30 68 36 4 0 0 0 9 48 12 3 1 0 0 1 23 124 2 0 0 0 0 0 112 27 0 0 0 0 0 0 34 8 0 0 0 0 0 0 9 6 1 0 0 0 2 14 22 66 0 0 0 0 1 12 124 38 0 0 0 0 0 0 105 6 0 0 0 0 0 0 9 
102 2 0 0 0 4 12 33 22 3 0 0 0 9 40 21 12 1 0 0 0 0 0 3 1 0 0 0 0 0 0 0 42 2 0 0 1 21 109 102 129 58 0 0 0 24 106 44 36 6 0 0 1 8 2 3 0 0 0 0 1 46 55 9 70 11 0 0 1 19 29 23 129 59 0 0 0 3 68 128 7 0 0 0 23 129 129 17 37 4 0 0 31 129 97 56 21 2 0 0 1 3 4 13 21 0 0 0 0 7 129 88 0 0 0 0 26 120 129 9 52 29 0 0 32 70 7 5 
2 9 21 0 0 0 1 5 46 24 61 3 0 0 4 24 121 106 44 0 0 0 1 30 9 33 80 1 0 0 0 6 120 89 29 0 0 0 0 9 70 127 134 30 0 0 0 5 92 51 134 26 0 0 0 33 27 21 16 1 0 0 0 10 134 10 0 0 0 0 25 105 134 18 8 0 0 0 41 134 3 2 32 2 0 0 4 12 0 2 9 0 0 0 0 0 7 1 43 18 0 1 46 61 67 48 38 5 0 0 72 134 72 15 0 0 0 0 7 82 1 0 0 0 0 0 0 0 
101 130 0 0 0 0 0 0 34 86 0 0 0 0 0 0 1 2 0 0 0 0 0 0 0 0 0 0 0 0 0 0 130 28 0 0 0 0 0 64 44 1 0 0 0 1 2 38 1 0 0 0 0 5 25 5 3 1 0 0 0 0 4 3 102 0 0 0 0 1 4 130 28 0 0 0 0 130 130 130 78 0 0 0 0 97 130 106 51 2 0 0 0 0 6 38 21 0 0 0 1 24 15 52 22 31 1 0 12 130 102 36 130 75 0 0 0 33 44 57 93 21 0 0 0 0 0 13 
133 76 0 0 0 0 0 3 34 17 0 0 0 0 0 2 1 1 0 0 0 0 0 0 0 0 0 0 0 0 0 0 133 6 0 0 0 0 0 56 48 0 0 0 0 1 2 29 1 0 0 0 0 6 21 4 2 0 0 0 0 0 4 4 133 0 0 0 0 1 3 133 51 0 0 0 0 133 133 97 76 0 0 0 0 97 133 92 51 2 0 0 0 0 8 32 39 0 0 0 2 40 20 63 34 19 0 0 9 133 128 38 133 49 0 0 0 33 51 76 88 19 0 0 0 0 0 18 
2 1 4 7 0 0 0 0 14 5 1 1 0 0 0 7 141 3 0 0 0 0 0 79 92 1 0 0 0 0 0 32 0 1 12 14 5 0 1 1 8 3 6 5 6 1 0 5 141 8 1 0 0 0 0 51 141 3 0 0 0 0 0 46 0 0 141 59 2 0 0 0 1 7 141 45 1 0 0 0 141 123 141 5 0 0 0 3 141 61 5 0 0 0 0 5 0 1 96 26 0 0 0 0 0 2 141 32 0 0 0 0 4 54 141 7 0 0 0 0 13 31 14 0 0 0 0 0 
0 0 0 0 0 30 44 0 0 0 0 0 0 72 134 0 9 0 0 0 0 11 134 61 14 0 0 0 0 0 7 31 0 0 0 0 0 134 134 1 1 0 0 0 0 107 134 3 134 0 0 0 0 10 118 128 134 0 0 0 0 0 1 58 0 0 0 0 0 20 26 3 4 4 5 1 0 8 11 3 134 10 2 0 0 0 1 25 134 5 0 0 0 0 0 15 2 3 0 0 0 1 3 2 12 11 3 0 0 0 1 2 134 8 3 0 1 0 0 3 134 4 0 0 0 0 0 4 
4 0 0 43 15 0 2 46 66 3 2 10 2 0 1 131 161 2 0 0 0 0 0 56 61 0 0 0 0 0 0 8 1 1 9 37 12 1 0 2 66 4 38 31 2 0 0 99 161 0 1 1 0 0 0 161 123 1 0 0 0 0 0 19 2 1 4 14 2 0 2 7 12 9 12 19 1 0 0 13 161 46 4 4 0 0 0 91 161 7 0 0 0 0 0 20 4 1 5 14 4 0 1 3 20 25 12 3 0 0 0 3 161 121 1 0 0 0 0 0 92 24 0 0 0 0 0 0 
4 15 31 30 0 0 0 0 20 126 126 16 0 0 0 0 49 126 126 121 0 0 0 0 0 1 72 126 0 0 0 0 69 23 10 6 0 0 1 12 126 126 87 0 0 0 0 44 23 85 60 15 0 0 0 2 1 2 48 126 0 0 0 0 49 14 28 6 1 0 0 21 126 12 22 5 0 0 0 126 53 3 4 1 0 0 0 24 0 0 2 6 0 0 0 0 97 20 31 10 0 0 0 6 109 38 85 37 0 0 0 25 61 7 5 0 0 0 0 12 0 0 0 0 0 0 0 0 
143 10 0 0 0 0 0 0 11 1 0 0 0 0 0 1 0 0 0 0 0 11 1 0 2 0 0 0 0 18 17 7 143 16 0 0 0 2 21 17 8 0 0 0 1 9 25 24 1 0 0 0 19 143 12 3 59 0 0 0 2 113 53 56 136 3 0 0 0 11 143 122 0 0 0 0 3 65 135 143 3 0 0 0 40 143 33 12 35 0 0 0 5 85 47 57 27 1 0 0 0 1 56 69 29 2 0 0 0 22 69 138 6 2 0 1 3 56 34 7 1 4 2 1 1 5 6 1 
43 39 36 7 0 0 0 1 35 80 138 10 0 0 0 1 38 138 138 29 0 0 0 0 7 20 61 138 0 0 0 0 133 15 7 3 0 0 0 39 138 46 59 0 0 0 0 96 15 30 84 2 0 0 0 3 3 8 13 60 0 0 0 0 89 20 101 67 0 0 0 28 138 6 30 23 0 0 0 116 61 1 1 2 0 0 0 16 0 0 1 4 0 0 0 0 108 16 47 44 0 0 0 3 88 27 78 62 0 0 0 11 49 6 2 0 0 0 0 5 0 0 0 0 0 0 0 0 
112 54 0 0 0 0 0 0 6 2 0 0 0 0 1 0 1 0 0 1 0 2 0 0 0 0 0 0 0 4 7 0 116 37 0 0 0 0 72 54 18 1 0 0 0 9 10 23 1 0 0 0 0 120 42 1 50 4 0 0 0 62 65 21 108 0 0 0 0 0 96 131 44 0 0 0 0 131 49 122 29 3 0 0 0 131 65 7 131 22 0 0 0 70 63 35 87 1 0 0 0 0 14 102 20 0 0 0 0 97 117 69 29 5 0 0 1 105 30 9 46 5 0 0 0 38 68 23 
56 16 0 10 0 0 0 4 133 80 0 0 0 0 0 3 37 1 0 0 0 0 0 7 2 0 0 0 0 0 0 2 109 12 11 53 2 0 0 12 133 32 2 3 0 0 0 33 24 0 0 0 0 2 5 20 2 0 0 0 0 2 16 13 53 9 4 11 0 0 0 40 88 9 1 2 2 2 56 133 4 0 0 0 2 132 133 91 0 0 0 0 1 130 133 133 20 0 0 0 1 0 0 31 4 0 0 3 53 14 42 37 0 0 0 3 56 132 133 35 0 0 0 0 5 95 82 51 
0 0 0 1 7 5 20 11 0 0 0 3 6 53 59 7 97 24 0 4 3 37 35 32 130 35 0 0 0 0 0 46 0 0 0 3 18 25 15 1 0 1 7 8 18 36 19 5 130 130 10 11 3 9 8 39 130 130 0 0 0 0 0 11 0 15 60 33 4 13 9 1 0 50 130 9 5 9 3 0 130 63 126 6 0 1 1 89 130 23 2 0 0 0 0 130 3 16 54 7 0 0 0 7 4 49 82 3 0 0 0 3 15 14 92 24 2 0 0 13 58 4 7 8 1 0 0 130 
0 0 0 0 5 16 57 8 59 0 0 0 1 11 101 147 147 0 0 0 0 0 16 147 9 0 0 0 0 0 0 8 0 0 0 0 13 39 8 0 74 7 0 0 2 11 5 66 147 1 0 0 0 0 7 147 51 0 0 0 0 0 2 115 4 0 0 0 2 17 10 2 29 3 0 0 0 0 2 23 147 37 0 0 0 0 0 86 147 25 0 0 0 0 0 50 1 0 0 0 1 3 7 5 29 8 0 0 0 0 3 18 147 101 0 0 0 0 0 4 120 48 0 0 0 0 0 0 
121 19 0 0 1 5 5 10 43 12 0 0 0 0 4 4 6 3 0 0 0 0 0 0 2 1 0 0 0 0 0 0 124 8 0 0 2 23 61 120 108 22 0 0 0 2 73 71 17 3 0 0 0 0 1 0 4 1 0 0 0 0 1 0 108 24 0 0 1 20 59 72 128 77 0 0 0 3 38 73 7 0 0 0 1 93 83 17 20 0 0 0 0 12 56 54 72 8 0 0 0 5 5 42 67 8 0 0 1 47 128 128 42 10 0 0 9 128 128 41 127 4 0 0 0 10 36 106 
0 0 0 0 63 137 14 1 2 0 0 0 1 40 80 72 137 0 0 0 0 8 89 137 53 0 0 0 0 2 0 14 0 0 0 0 53 107 19 0 17 3 0 0 15 137 28 6 137 25 0 0 0 10 26 68 111 1 0 0 0 4 28 34 0 1 0 0 32 69 18 0 41 67 2 1 23 54 4 0 137 73 0 0 0 9 59 79 32 1 0 0 0 2 137 137 6 11 1 0 20 19 1 0 20 78 2 0 1 11 6 0 19 26 0 0 0 23 22 6 22 8 0 0 0 4 25 33 
6 0 0 29 33 0 0 2 41 0 0 22 39 0 0 45 36 1 5 7 2 2 1 34 11 0 0 11 21 5 4 2 48 0 0 28 44 0 0 22 28 0 0 65 88 0 0 32 64 1 6 8 8 12 6 75 34 9 18 8 9 16 18 2 72 11 6 13 17 0 0 88 14 40 99 119 29 0 0 8 119 37 68 113 5 0 0 49 72 81 119 38 1 0 0 1 119 41 11 23 2 0 0 47 107 119 87 78 0 0 0 2 65 52 119 119 0 0 0 1 108 69 59 13 0 0 0 0 
0 0 2 18 1 0 1 11 17 0 2 8 0 0 0 71 29 0 7 5 0 0 0 127 19 1 4 0 0 0 0 69 8 2 1 5 0 0 3 20 16 8 21 18 0 0 0 20 46 10 7 4 0 0 0 85 34 21 25 3 0 0 0 119 41 10 0 0 0 0 0 10 98 108 102 70 0 0 0 2 108 44 119 127 0 0 0 11 127 84 100 39 0 0 0 19 52 5 3 0 0 0 0 15 127 75 23 20 0 0 0 20 77 28 100 127 0 0 0 6 127 14 30 85 0 0 0 40 
13 32 1 2 12 7 0 0 2 85 42 6 37 12 0 0 0 130 128 0 0 0 0 0 0 124 86 0 0 0 0 0 63 50 3 2 5 2 0 3 83 130 75 4 8 0 0 4 4 130 85 0 0 0 0 0 1 38 16 0 0 0 0 0 68 12 0 0 0 35 17 48 130 24 0 0 0 5 26 130 23 19 0 0 0 0 12 15 4 5 0 0 0 0 0 0 11 0 0 0 5 89 23 33 110 0 0 0 0 11 130 130 130 1 0 0 0 0 46 96 2 0 0 0 0 0 5 2 
91 13 0 1 0 0 0 3 138 31 0 0 0 0 0 7 18 0 0 0 0 0 0 9 0 0 0 0 0 0 0 3 138 10 12 33 1 0 0 16 138 26 1 0 0 0 0 35 18 0 0 0 0 0 3 27 0 0 0 0 0 1 9 8 59 9 18 21 0 0 0 53 116 9 4 0 1 2 64 138 3 0 0 0 4 94 138 84 0 0 0 0 3 117 138 92 8 0 0 7 2 0 3 41 7 0 0 4 24 11 40 59 0 0 0 20 69 111 138 33 0 0 0 4 11 101 110 33 
19 4 3 7 0 0 0 3 17 0 0 8 16 3 8 6 129 8 2 3 3 0 2 30 129 1 0 0 0 0 0 53 7 10 18 32 1 0 0 1 15 11 11 16 51 5 9 12 129 35 3 1 6 1 2 31 129 8 0 0 0 0 0 56 0 58 129 31 0 0 0 0 9 42 129 129 32 0 0 2 60 129 129 19 3 0 0 5 129 112 25 0 0 0 0 21 1 32 77 7 0 0 0 0 3 19 119 71 0 0 0 0 2 73 129 15 0 0 0 0 10 47 23 0 0 0 0 0 
0 0 0 0 0 9 142 14 0 0 0 0 0 4 142 39 16 0 0 0 0 6 142 106 25 0 0 0 0 0 18 55 3 3 10 2 4 4 57 10 3 1 8 2 6 9 110 49 136 13 3 0 0 1 56 142 142 11 0 0 0 0 2 61 0 3 12 4 7 2 30 6 17 12 55 11 8 4 12 14 142 142 38 3 0 1 6 34 104 98 0 0 0 0 3 10 4 18 3 0 0 0 8 4 33 34 7 0 0 0 2 10 142 59 0 0 0 0 0 27 39 9 0 0 0 0 3 9 
79 5 0 7 7 0 0 2 139 15 0 0 0 0 0 11 16 0 0 0 0 0 0 12 6 0 0 0 0 0 0 7 103 6 2 33 9 1 0 3 139 14 0 0 0 0 0 14 18 0 0 0 0 2 10 19 6 0 0 0 0 0 15 20 64 7 3 16 10 4 0 14 139 9 1 1 0 5 56 132 4 0 0 0 33 139 139 30 3 0 0 0 11 63 139 139 6 1 1 6 11 5 1 10 12 1 0 11 33 40 87 63 0 0 0 10 54 139 139 10 23 1 1 1 18 41 30 109 
2 0 0 4 13 4 6 2 11 6 6 13 5 0 1 8 151 10 3 1 0 0 0 83 79 0 0 0 0 0 0 18 6 5 26 48 28 11 11 7 26 48 23 2 2 1 4 9 151 43 8 0 0 0 0 33 151 2 0 0 0 0 0 21 2 8 151 151 3 0 0 0 6 47 151 52 0 0 0 0 151 110 151 11 0 0 0 6 123 26 6 0 0 0 0 8 3 1 27 8 0 0 0 0 4 4 93 15 0 0 0 0 6 26 91 5 0 0 0 0 10 10 5 0 0 0 0 0 
0 0 0 0 0 13 24 0 0 0 0 0 0 47 107 0 10 0 0 0 0 23 101 38 5 0 0 0 0 1 5 8 0 0 0 0 0 140 140 4 5 0 0 0 0 137 140 30 140 0 0 0 0 25 106 140 77 0 0 0 0 0 6 25 12 7 0 0 2 48 41 8 13 2 1 0 3 13 36 37 140 7 0 0 0 2 19 107 127 2 0 0 0 0 4 19 1 13 8 2 2 1 0 0 4 15 24 7 17 9 6 2 140 119 10 0 1 1 5 13 71 21 0 0 0 0 2 3 
0 0 0 0 4 11 18 4 0 0 0 2 5 12 58 25 30 9 0 3 3 7 80 59 134 18 0 0 0 0 5 100 0 0 71 53 2 3 12 2 5 3 46 58 9 6 21 13 113 134 46 13 5 2 8 15 134 134 17 0 0 0 0 4 8 5 95 44 0 0 0 3 3 6 131 134 0 0 0 0 134 114 68 41 0 0 0 46 88 84 14 0 0 0 0 27 10 4 13 26 1 0 0 5 5 3 32 38 3 0 0 3 87 9 23 46 9 0 0 61 86 0 0 1 0 0 0 75 
14 6 3 12 5 0 0 0 12 3 0 23 32 3 5 16 71 14 0 0 0 0 0 39 126 3 0 0 0 0 0 81 12 18 8 23 11 0 0 0 18 10 8 43 93 4 0 17 103 43 5 10 4 0 0 38 126 26 1 0 0 0 0 84 10 115 77 31 4 0 0 0 8 61 102 126 25 1 1 0 62 126 75 46 1 0 0 8 94 126 36 0 0 0 0 7 1 90 51 6 0 0 0 0 3 31 77 126 0 0 0 0 2 115 126 59 0 0 0 0 5 76 32 0 0 0 0 0 
5 2 0 0 0 4 33 19 9 0 0 0 0 0 87 116 15 0 0 0 0 0 123 123 45 0 0 0 0 0 30 123 3 0 27 34 1 6 13 13 7 2 20 28 5 1 32 89 87 14 3 0 0 0 19 119 123 39 0 0 0 0 0 50 19 4 19 18 0 0 0 19 34 31 99 66 1 0 0 15 84 123 123 8 0 0 0 25 123 123 30 0 0 0 0 5 5 5 15 3 0 0 1 11 123 63 25 4 0 0 0 14 115 89 76 0 0 0 0 3 1 19 16 0 0 0 1 3 
101 9 0 0 0 0 3 40 140 1 0 0 0 0 0 50 3 0 0 0 0 0 0 15 2 0 0 0 0 0 0 8 140 25 1 1 1 0 0 5 140 3 0 0 0 0 0 28 2 0 0 0 0 0 3 33 1 0 0 0 0 0 2 19 140 7 1 7 7 4 0 7 140 2 0 0 6 54 37 30 0 0 0 0 2 77 140 21 0 0 0 0 0 1 140 59 61 7 3 7 3 1 3 14 87 2 0 2 42 140 53 23 1 0 0 2 25 125 139 66 4 0 0 0 0 1 95 55 
2 0 0 10 2 0 1 13 27 1 1 14 2 0 0 46 67 6 0 0 0 0 0 112 22 3 1 2 0 0 0 31 13 5 1 2 0 0 1 18 21 12 24 22 0 0 0 16 81 15 5 3 0 0 0 80 78 9 3 2 0 0 0 84 62 41 3 0 0 0 0 11 69 121 121 121 1 0 0 0 83 107 72 121 2 0 0 6 55 53 98 55 0 0 0 47 121 34 0 0 0 0 0 51 121 121 26 81 3 0 0 13 85 53 61 121 15 0 0 2 59 41 46 64 0 0 0 2 
14 1 0 0 0 0 0 10 18 0 0 11 8 1 0 19 109 1 0 1 0 0 0 54 61 0 0 4 6 0 0 25 24 6 1 0 2 1 0 12 21 11 13 19 6 0 0 13 120 5 1 10 3 0 0 42 120 4 0 4 5 0 0 33 56 94 6 7 10 0 0 19 15 120 120 120 9 0 0 0 74 64 44 98 9 0 0 7 120 23 15 6 2 0 0 29 120 94 0 10 8 0 0 41 83 120 51 120 36 0 0 1 12 120 74 120 33 0 0 0 34 22 43 83 4 0 0 10 
13 0 4 23 5 0 1 42 48 1 5 8 0 1 0 131 71 11 3 1 0 0 0 17 143 20 0 0 0 0 0 8 4 1 9 38 4 0 4 5 54 8 19 14 2 0 0 131 96 9 1 0 0 0 0 137 143 12 0 0 0 0 0 31 1 10 37 38 0 0 0 0 7 7 84 34 1 0 0 18 101 8 33 17 0 0 0 143 143 46 1 0 0 0 0 42 0 21 37 4 0 0 0 0 1 68 113 17 0 0 0 0 40 42 143 42 0 0 0 12 143 58 46 1 0 0 0 11 
75 18 0 12 2 0 0 2 135 71 0 0 0 0 0 2 27 0 0 0 0 0 0 5 2 0 0 0 0 0 0 2 135 19 13 41 2 0 0 16 135 47 3 0 0 0 0 28 24 0 0 0 0 0 1 17 1 0 0 0 2 2 1 5 70 5 8 7 2 0 1 60 94 5 2 0 2 1 46 135 6 0 0 0 0 77 124 114 0 0 0 0 20 57 70 78 23 0 0 3 3 0 1 24 9 0 0 4 57 20 56 77 0 0 0 2 31 135 135 92 0 0 0 0 2 77 135 125 
151 2 0 0 0 0 0 13 15 0 0 0 0 0 0 0 0 0 0 0 0 1 0 0 0 0 0 0 0 3 5 0 151 4 0 0 0 0 2 20 25 1 0 0 0 3 9 6 0 0 0 0 2 113 19 3 20 0 0 0 0 78 61 45 151 4 0 0 0 7 123 95 5 0 0 0 2 50 151 120 1 0 0 0 22 151 52 16 16 1 0 0 2 106 74 70 29 1 0 0 0 3 95 67 27 3 0 0 0 22 114 132 8 6 0 1 2 64 47 10 1 8 1 0 0 5 7 1 
37 0 4 19 9 0 2 35 90 0 0 5 3 30 66 98 17 0 0 3 3 54 120 58 10 0 0 0 0 4 40 44 5 14 56 74 110 12 8 10 15 2 14 63 49 110 120 43 120 77 13 19 8 82 120 67 94 19 1 2 1 5 26 50 3 3 10 35 120 68 1 0 6 33 59 68 58 13 1 0 77 120 65 12 9 0 0 8 94 17 0 3 2 3 1 22 11 1 0 10 120 25 0 10 41 30 18 0 8 5 0 15 21 61 23 0 0 0 0 0 33 23 5 0 1 2 0 2 
1 1 0 2 31 29 6 0 0 0 0 0 23 64 20 0 23 8 3 21 40 21 15 1 122 14 3 4 4 0 0 29 2 3 1 31 90 13 0 2 7 0 0 8 76 122 52 13 61 10 1 0 5 31 56 76 122 37 1 0 1 7 16 50 2 3 20 42 96 12 1 3 6 95 122 76 122 69 15 16 39 122 122 47 12 2 17 57 83 10 11 21 7 15 54 75 2 9 46 35 9 0 0 0 3 58 122 65 19 0 0 2 3 47 68 92 62 0 0 6 6 0 1 58 45 0 2 12 
1 0 0 28 40 0 2 2 4 0 1 10 9 1 7 19 76 2 0 0 0 0 3 43 137 0 0 0 0 0 0 30 9 0 2 54 59 0 0 6 1 0 8 47 29 4 3 10 56 15 6 6 3 6 6 65 137 14 0 0 0 0 0 79 32 4 23 42 7 0 0 55 36 18 137 137 5 0 0 9 27 89 137 71 0 0 0 2 137 137 26 1 0 0 0 13 72 5 1 0 3 0 0 35 137 35 84 30 0 0 0 26 14 23 137 70 0 0 0 1 13 83 55 6 0 0 0 0 
47 135 3 0 0 0 0 0 10 135 4 0 0 0 0 0 1 7 0 0 0 0 0 0 0 1 0 0 0 0 0 0 135 60 0 0 0 0 0 55 24 6 0 0 0 0 0 21 1 0 0 0 0 1 10 2 0 0 0 0 0 0 2 1 95 0 0 0 0 1 11 135 15 0 0 0 0 101 135 119 49 0 0 0 0 60 135 93 32 1 0 0 0 0 8 33 18 1 0 0 2 40 37 66 25 44 2 0 6 135 135 31 135 72 0 0 0 24 71 78 79 22 0 0 0 0 0 21 
40 0 2 16 8 1 1 39 86 0 0 5 3 37 61 99 21 0 0 4 4 64 120 58 11 0 0 0 1 6 45 41 5 17 64 62 98 12 8 13 15 2 16 58 45 120 120 45 120 78 14 17 7 96 120 55 101 17 1 3 2 3 22 42 2 6 17 37 120 66 0 1 5 34 59 68 59 13 0 1 73 120 57 11 8 0 0 7 92 16 0 3 2 4 1 23 10 0 0 15 120 26 0 11 39 29 18 1 9 7 0 17 20 64 22 0 0 0 0 0 31 28 5 1 0 2 0 2 
0 0 0 1 29 34 7 0 0 0 0 0 24 68 18 0 27 13 1 24 38 19 14 3 123 21 1 4 4 0 0 42 2 4 1 31 88 11 0 2 6 0 0 8 73 123 43 13 61 11 0 0 5 33 56 80 123 36 0 0 1 15 29 54 2 2 14 40 95 14 1 4 4 111 97 75 123 79 15 15 34 123 123 47 14 4 21 49 72 7 15 26 8 19 53 65 2 14 49 30 10 0 0 0 3 73 123 65 25 0 0 3 4 62 59 91 56 0 1 7 6 0 2 63 48 0 1 8 
107 0 0 0 0 0 0 52 129 0 0 0 1 129 73 129 6 0 0 0 0 129 129 24 24 3 0 0 0 46 48 14 44 2 0 0 1 2 4 23 53 0 0 0 2 98 129 86 129 3 0 0 0 49 53 47 120 19 1 0 0 0 3 17 32 5 0 1 17 2 0 2 56 2 0 1 39 22 13 14 129 39 0 0 0 0 1 8 129 21 0 0 0 0 0 4 16 10 1 3 24 0 0 0 68 7 0 1 58 11 0 5 129 35 0 0 0 0 0 2 63 7 0 0 0 0 0 4 
24 12 57 64 2 0 0 10 7 6 133 91 0 0 4 17 115 28 57 15 0 0 0 67 134 35 3 0 0 0 0 21 136 41 30 19 1 0 0 41 76 34 136 136 0 0 0 7 27 58 136 99 0 0 0 7 89 63 77 1 0 0 0 11 136 52 1 2 0 0 0 24 128 16 3 0 0 0 0 13 2 2 31 5 0 0 0 7 1 6 16 0 0 0 0 3 129 19 13 2 0 0 0 41 80 6 1 0 0 0 0 25 1 0 0 0 0 0 0 7 0 0 0 0 0 0 0 4 
2 0 0 0 0 41 81 18 26 0 0 0 0 8 35 55 2 0 0 0 1 5 0 1 0 0 0 0 0 4 0 0 45 0 0 0 0 126 121 62 143 11 0 0 0 8 24 129 16 0 0 0 1 9 2 1 0 0 0 0 1 12 5 0 122 10 0 1 8 51 14 8 143 31 0 0 0 12 40 35 7 0 0 0 0 60 142 3 2 0 0 0 0 98 117 7 70 22 0 0 5 3 0 4 126 18 0 0 0 66 119 40 2 7 0 0 0 92 143 10 3 2 0 0 0 59 83 7 
4 1 4 6 1 0 3 18 19 14 9 10 0 0 1 6 148 18 1 0 0 0 0 64 98 0 0 0 0 0 0 29 34 26 32 7 0 1 1 21 21 40 41 6 0 0 0 7 148 25 7 0 0 0 0 29 148 1 0 0 0 0 0 23 12 24 148 50 0 0 0 0 4 16 148 60 0 0 0 0 147 83 148 8 0 0 0 13 148 33 11 0 0 0 0 18 1 2 63 11 0 0 0 0 2 3 135 23 0 0 0 0 5 29 137 4 0 0 0 0 13 18 13 0 0 0 0 0 
0 0 0 0 0 28 50 0 0 0 0 0 0 52 139 0 16 0 0 0 0 33 136 46 12 0 0 0 0 0 7 17 0 0 0 0 0 139 139 9 5 0 0 0 0 91 139 17 139 2 0 0 0 26 103 114 121 0 0 0 0 0 3 35 8 3 0 0 0 10 39 14 31 2 0 0 0 7 29 38 139 20 0 0 0 0 7 41 139 7 0 0 0 0 2 14 4 3 0 0 2 10 3 0 12 3 1 0 4 25 31 18 139 19 0 0 0 3 22 59 113 8 0 0 0 0 0 12 
0 0 0 1 5 2 0 0 21 0 0 1 2 2 2 12 140 2 0 0 0 0 0 76 97 0 0 0 0 0 0 44 1 1 9 9 5 2 0 0 23 11 17 6 1 0 0 4 140 13 2 0 0 0 0 37 140 7 0 0 0 0 0 34 0 1 140 68 0 0 0 0 2 20 140 33 0 0 0 0 139 123 140 7 0 0 0 1 140 57 4 0 0 0 0 4 0 0 104 29 0 0 0 0 0 3 140 30 0 0 0 0 3 57 140 10 0 0 0 0 13 32 16 0 0 0 0 0 
0 0 0 0 0 42 50 0 0 0 0 0 0 58 135 0 8 0 0 0 0 19 135 64 16 0 0 0 0 0 6 35 0 0 0 0 0 135 135 0 1 0 0 0 0 88 135 6 135 0 0 0 0 11 110 130 135 1 0 0 0 0 1 56 0 0 1 1 2 25 35 0 14 4 1 0 0 12 27 10 135 3 0 0 0 0 3 49 135 3 0 0 0 0 0 25 0 1 3 1 1 1 0 0 5 6 6 2 0 0 1 0 135 16 0 0 0 0 0 5 135 12 0 0 0 0 0 3 
5 3 16 1 0 0 1 16 5 2 11 10 0 0 9 15 143 8 2 1 0 0 3 24 137 4 0 0 0 0 0 13 0 7 20 4 4 3 1 1 6 5 11 16 3 2 6 7 143 19 5 1 0 0 2 38 143 5 0 0 0 0 0 25 0 1 143 50 2 2 1 1 1 6 143 41 1 1 3 6 123 90 143 3 0 0 1 47 143 43 14 0 0 0 0 49 0 1 110 23 0 0 0 0 0 2 143 25 0 0 0 0 2 41 143 3 0 0 0 0 14 31 25 0 0 0 0 0 
0 0 0 0 0 19 89 0 0 0 0 0 0 63 139 0 19 0 0 0 0 59 139 61 24 0 0 0 0 0 7 30 1 0 0 0 2 66 139 2 4 0 0 0 2 97 139 10 139 0 0 0 3 55 81 124 139 0 0 0 0 0 0 51 12 6 0 0 13 11 15 4 13 15 2 1 9 7 10 6 139 11 3 1 5 4 1 17 139 1 0 0 0 0 0 14 9 1 0 0 2 16 2 4 21 4 4 1 1 2 1 10 139 6 4 2 2 1 0 3 139 4 0 0 0 0 0 2 
0 0 0 1 11 16 15 1 133 13 0 0 3 7 19 72 159 30 0 0 0 0 0 125 16 0 0 0 0 0 0 10 2 1 0 0 10 28 7 0 81 17 1 0 1 3 1 74 159 5 0 0 0 0 0 159 67 0 0 0 0 0 0 96 11 2 0 0 0 7 3 4 44 6 0 0 0 0 0 19 159 38 0 0 0 0 0 76 159 16 0 0 0 0 0 40 2 0 0 0 0 0 4 11 42 8 0 0 0 0 1 22 159 108 0 0 0 0 0 3 113 43 0 0 0 0 0 0 
8 3 8 10 0 0 1 16 16 16 14 12 0 0 1 3 142 23 3 0 0 0 0 45 141 0 0 0 0 0 0 40 28 27 46 3 0 0 0 15 17 22 47 5 0 0 0 7 142 25 9 1 0 0 0 29 142 5 0 0 0 0 0 24 9 24 142 66 0 0 0 0 0 4 142 53 0 0 0 0 129 62 142 11 0 0 0 14 142 39 14 0 0 0 0 28 0 1 85 29 0 0 0 0 1 2 142 34 0 0 0 0 5 36 142 8 0 0 0 0 22 36 28 0 0 0 0 0 
0 0 0 0 0 48 83 0 0 0 0 0 0 64 138 0 21 0 0 0 0 52 138 59 28 0 0 0 0 0 12 36 2 0 0 0 0 113 138 12 8 1 0 0 1 75 138 13 138 6 0 0 0 23 88 91 138 0 0 0 0 0 1 46 10 5 0 0 0 4 29 20 35 3 0 0 0 9 19 29 138 19 0 0 0 0 0 18 138 9 0 0 0 0 1 13 10 8 0 0 0 12 4 0 29 3 0 0 0 21 21 24 138 17 0 0 0 2 19 48 138 13 0 0 0 0 0 6 
20 10 39 21 0 0 0 15 17 17 141 76 0 0 0 1 0 4 141 34 0 0 0 0 1 36 141 14 0 0 0 0 101 6 2 0 0 0 0 80 141 29 110 22 0 0 0 70 7 3 141 32 0 0 0 2 0 15 141 26 0 0 0 0 133 31 0 0 0 0 1 27 141 64 0 0 0 0 0 41 35 2 8 0 0 0 0 8 1 0 10 1 0 0 0 0 141 12 0 0 0 0 0 34 141 53 0 0 0 0 0 15 15 5 0 0 0 0 0 1 2 0 0 0 0 0 0 1 
136 0 0 0 0 0 4 76 126 1 0 0 0 0 0 24 2 0 0 0 0 2 1 0 0 0 0 0 0 1 1 0 141 0 0 0 0 0 0 54 141 1 0 0 0 3 4 33 3 0 0 0 0 19 43 3 0 0 0 0 0 5 36 6 141 25 0 0 0 0 5 26 141 5 0 0 0 107 120 45 0 0 0 0 0 108 141 26 0 0 0 0 0 54 141 28 77 20 0 0 0 4 12 16 15 0 0 0 5 103 77 14 0 0 0 0 1 60 101 5 0 0 1 0 2 52 78 2 
0 0 10 9 2 0 2 2 22 5 5 12 1 0 11 10 149 18 0 0 0 0 0 19 84 6 0 0 0 0 0 3 0 0 8 5 7 6 3 1 16 13 15 8 0 0 6 16 149 14 4 0 0 0 2 100 124 1 0 0 0 0 0 42 0 0 149 60 1 1 1 0 1 16 149 31 0 0 4 9 121 135 149 0 0 0 2 48 125 46 8 0 0 0 0 33 0 0 93 21 0 0 0 0 0 6 149 15 0 0 0 0 1 40 138 1 0 0 0 0 7 21 12 0 0 0 0 0 
0 0 0 0 0 8 50 0 0 0 0 0 0 62 98 0 10 0 0 0 0 36 115 55 12 0 0 0 0 0 4 19 0 0 0 0 0 52 145 2 2 0 0 0 3 145 145 11 145 0 0 0 3 49 94 145 124 0 0 0 0 0 1 46 5 7 0 1 12 14 45 5 13 7 0 0 8 16 23 15 145 8 0 0 7 7 1 34 145 2 0 0 0 0 0 19 9 7 1 0 4 3 0 0 3 6 8 5 2 1 0 0 145 14 1 2 1 0 0 1 143 11 0 0 0 0 0 0 
13 36 2 0 1 6 1 1 8 33 23 12 52 17 0 0 0 12 73 12 15 7 0 0 0 1 38 15 0 0 0 0 29 43 4 0 0 0 1 6 116 123 125 20 14 0 1 7 8 46 165 66 1 0 0 0 0 2 165 62 0 0 0 0 28 5 0 0 0 63 50 31 165 44 4 0 0 16 22 92 38 39 48 4 0 0 0 3 0 16 77 8 0 0 0 0 17 0 0 0 0 65 36 25 165 2 0 0 0 9 17 165 75 12 0 0 0 0 4 93 1 5 0 0 0 0 0 0 
69 8 0 0 0 0 0 4 156 9 0 0 0 0 0 20 28 0 0 0 0 0 0 22 0 0 0 0 0 0 7 3 87 8 5 1 0 0 0 21 156 15 0 0 0 0 9 69 28 0 0 0 0 12 59 34 0 0 0 0 18 156 82 6 22 17 57 11 0 0 7 23 116 21 14 0 0 9 104 134 3 0 0 19 27 134 156 25 0 0 0 25 31 156 131 0 0 1 4 5 1 0 21 30 2 0 2 0 0 3 39 39 0 0 0 42 24 20 20 7 0 0 1 100 27 8 4 0 
0 0 3 5 13 22 2 0 17 0 0 2 13 36 11 24 125 6 0 0 0 0 4 88 51 29 2 0 0 3 1 14 0 0 1 0 8 103 22 3 3 8 12 0 5 102 37 28 125 13 5 0 0 1 11 125 125 3 0 2 3 7 1 51 0 43 125 0 5 55 9 0 1 59 125 18 0 14 4 1 125 115 113 21 0 0 0 12 125 52 6 1 0 0 0 7 0 40 125 1 3 4 1 0 0 29 125 32 5 10 0 0 23 59 100 37 3 3 0 0 45 39 2 0 0 0 0 2 
1 0 0 1 1 12 56 34 0 1 4 7 2 44 128 4 6 2 1 0 0 4 128 54 2 0 0 0 0 1 43 41 0 0 0 0 5 76 128 6 5 0 0 1 11 128 128 13 103 24 0 0 0 10 128 122 94 41 2 3 0 0 27 66 0 3 13 40 14 17 14 0 15 0 4 100 41 26 4 7 128 25 0 11 4 1 1 44 128 44 3 11 0 0 0 21 2 4 10 25 2 1 0 0 1 0 7 100 30 4 0 0 128 2 3 45 10 0 0 37 124 3 3 6 1 0 0 27 
35 12 63 56 0 0 0 13 8 9 135 115 2 0 3 3 67 58 117 28 0 0 1 35 135 40 13 0 0 0 0 29 135 37 17 8 1 0 0 46 94 45 135 95 0 0 0 6 3 59 135 84 0 0 0 0 38 83 81 0 0 0 0 1 135 41 2 9 1 0 0 47 135 15 0 0 0 0 0 30 4 1 11 1 0 0 0 5 1 3 6 0 0 0 0 2 135 27 0 0 0 0 0 13 98 13 0 0 0 0 0 10 2 0 0 0 0 0 0 6 0 0 0 0 0 0 0 3 
6 0 0 0 0 38 87 39 20 0 0 0 0 1 14 52 0 0 0 0 1 4 0 0 0 0 0 0 0 3 0 0 79 0 0 0 0 66 89 128 135 5 0 0 0 0 3 106 3 0 0 0 0 8 4 0 0 0 0 0 0 8 7 0 135 14 0 2 4 16 5 21 135 18 0 0 0 8 63 32 0 0 0 0 0 93 135 3 0 0 0 0 0 59 135 3 97 27 0 1 1 3 5 7 89 9 0 0 1 66 135 26 3 11 0 0 0 135 135 6 2 5 0 0 0 30 100 9 
0 0 3 1 11 70 66 42 6 0 1 0 14 132 87 100 27 0 0 1 11 28 35 119 1 2 0 1 3 2 43 21 0 38 46 37 37 23 9 7 44 6 24 132 66 68 17 45 132 38 20 30 7 11 4 98 7 44 66 10 2 0 7 5 21 34 42 13 1 0 0 11 18 18 42 132 35 0 0 1 132 54 27 115 16 0 0 60 42 84 40 1 0 0 0 4 36 10 11 9 5 3 2 19 24 25 43 65 23 0 0 12 47 132 62 49 15 0 0 2 23 93 9 0 0 0 0 0 
2 0 0 0 0 3 58 36 0 0 0 0 11 74 99 15 41 9 0 0 5 80 134 38 22 3 0 0 1 7 48 87 10 3 3 11 8 13 42 52 44 2 0 0 44 134 34 34 134 58 0 0 13 108 25 30 37 11 3 0 16 40 17 26 3 8 26 36 79 28 3 1 50 41 64 20 133 134 6 5 134 43 11 2 2 10 22 72 6 2 2 0 11 29 30 37 0 5 54 38 42 3 0 0 3 26 134 89 83 3 0 2 22 40 46 30 23 0 23 40 10 30 5 1 8 12 18 14 
0 0 0 0 15 31 19 7 1 0 0 0 0 18 114 34 9 0 0 0 0 6 119 69 10 0 0 0 0 0 3 24 0 0 0 0 31 134 40 2 3 0 0 0 17 134 134 6 134 4 0 0 4 60 134 134 92 0 0 0 0 2 21 63 3 5 3 4 21 111 38 1 12 14 24 71 64 82 7 1 134 56 12 20 12 15 4 35 77 0 0 0 0 28 64 48 14 24 6 12 12 3 0 0 15 37 79 63 1 0 0 0 59 45 82 29 0 1 2 11 13 2 4 9 10 39 22 10 
0 0 8 48 17 23 2 0 14 2 0 29 19 22 17 21 127 11 0 0 0 0 4 86 24 9 0 0 0 0 4 50 0 0 8 37 58 114 8 0 15 1 16 47 15 76 70 56 127 13 2 1 0 0 8 127 77 51 2 0 0 0 2 34 24 22 71 67 19 10 4 7 10 17 127 127 2 4 4 13 127 127 127 38 0 0 0 31 79 90 8 0 0 0 0 0 95 22 5 0 0 0 2 15 26 41 86 20 0 0 0 0 6 54 127 12 0 0 0 0 4 27 8 0 1 0 0 0 
0 0 0 0 17 32 15 8 1 0 0 0 14 53 90 30 16 0 0 0 0 12 130 94 15 0 0 1 1 2 4 29 0 0 0 0 14 105 81 22 0 0 0 3 39 134 93 1 134 10 0 1 12 81 120 132 113 0 0 0 0 5 32 60 1 4 1 9 52 78 26 1 6 32 43 74 46 60 11 0 134 72 44 47 18 11 9 31 71 1 0 0 4 52 93 54 6 5 7 39 25 1 0 0 52 49 45 31 5 0 0 0 20 31 97 37 2 2 1 5 7 2 10 38 15 25 10 9 
0 0 14 46 9 6 21 2 4 0 0 21 18 13 48 42 92 31 0 0 1 0 6 76 26 57 0 0 0 0 0 8 0 0 10 36 64 80 2 0 12 0 6 41 53 99 56 30 127 7 0 1 1 2 17 127 65 25 0 0 0 0 3 90 28 12 38 36 38 34 18 17 17 22 127 127 19 17 18 14 127 117 127 57 0 0 6 57 86 105 11 0 0 0 0 7 72 50 25 0 0 4 5 17 53 57 82 27 0 0 0 1 10 57 127 22 0 0 0 1 6 37 14 1 1 0 0 0 
24 10 44 23 0 0 0 22 18 16 139 85 1 0 0 3 1 8 139 46 0 0 0 0 28 71 92 11 0 0 0 0 124 16 3 0 0 0 0 70 139 37 112 25 0 0 0 63 7 3 139 45 0 0 0 2 3 39 139 27 0 0 0 0 139 36 0 0 2 1 0 38 139 84 0 0 0 0 0 22 22 3 4 0 0 0 0 4 1 1 8 0 0 0 0 0 139 5 0 0 1 0 0 35 139 12 0 0 0 0 0 50 8 1 0 0 0 0 0 2 1 0 0 0 0 0 0 1 
74 0 0 0 0 0 47 98 92 1 0 0 0 0 2 32 0 0 0 0 0 2 2 0 0 0 0 0 0 2 1 0 139 0 0 0 0 0 8 63 139 0 0 0 0 4 4 28 1 0 0 0 0 10 28 2 0 0 0 0 0 15 23 1 139 16 0 0 0 1 4 27 139 2 0 0 0 97 118 36 0 0 0 0 0 71 139 36 0 0 0 0 0 136 139 7 89 21 0 0 0 6 12 14 24 0 0 0 4 112 88 15 0 0 2 0 1 70 134 9 0 2 2 0 0 51 71 1 
0 0 0 14 50 26 1 0 9 9 5 18 24 37 15 7 80 24 2 1 0 1 7 25 60 0 0 0 0 0 1 31 0 0 0 56 118 41 6 0 3 4 3 35 74 101 118 57 43 29 8 1 1 1 118 118 118 4 2 0 0 0 16 103 0 0 0 37 118 111 2 0 7 82 39 75 118 51 10 5 33 118 85 6 1 0 16 28 118 62 25 0 0 0 0 36 2 1 1 36 114 35 1 0 57 54 10 17 22 14 2 13 44 48 9 0 0 1 7 10 56 29 3 0 0 1 7 18 
0 0 4 12 62 36 4 0 0 2 7 9 41 47 13 0 13 13 0 8 64 55 10 15 109 33 1 0 4 2 0 32 0 0 1 34 117 60 25 0 1 0 15 34 33 117 104 5 117 55 8 5 9 82 51 61 117 117 5 0 1 0 0 28 0 0 14 91 117 3 1 0 1 2 117 117 42 24 9 2 85 96 117 59 3 4 2 33 117 41 8 0 0 0 0 44 0 0 0 22 67 1 0 0 1 2 5 20 74 29 2 2 25 40 19 7 6 6 3 18 57 24 3 0 0 0 0 15 
76 31 0 0 2 0 0 1 113 46 0 0 0 0 0 1 13 5 0 0 0 0 0 0 7 2 0 0 0 0 0 0 118 8 0 0 0 0 1 27 129 4 0 0 0 0 0 42 19 3 0 0 3 23 18 4 23 1 0 0 1 9 20 12 71 0 0 0 11 26 4 51 129 0 0 0 0 39 29 100 67 7 0 0 27 129 67 25 129 14 0 0 0 45 32 35 25 0 0 0 37 42 2 29 51 0 0 0 3 120 129 100 129 11 0 0 3 129 81 33 129 13 0 0 0 61 63 39 
28 24 5 1 2 17 17 7 17 11 0 0 0 50 127 23 21 0 0 0 0 4 119 88 29 0 0 0 6 4 6 18 0 2 5 3 50 127 12 0 8 1 0 0 55 127 118 36 127 5 0 0 0 9 69 127 83 0 0 0 4 42 30 44 0 1 29 31 38 89 7 0 13 44 119 59 67 55 2 4 127 127 46 0 1 3 6 36 37 13 10 5 4 57 41 25 7 13 48 16 0 0 0 1 1 20 127 22 0 0 4 3 5 68 78 1 0 3 11 0 1 14 15 9 2 4 6 0 
4 11 7 2 17 22 0 0 2 0 0 3 33 122 24 13 84 0 0 0 2 16 14 80 29 0 0 1 5 10 5 34 8 6 1 12 105 48 0 0 8 2 9 63 122 122 20 32 114 23 6 5 1 5 10 122 105 35 11 21 4 1 1 48 11 8 12 30 52 21 6 3 9 21 122 122 33 0 0 2 67 122 122 49 0 0 0 8 107 122 6 12 4 0 0 1 50 5 1 5 20 8 4 13 75 27 66 25 0 0 0 17 3 45 119 38 0 0 0 4 8 44 8 2 1 0 0 0 
0 1 1 2 4 1 0 0 44 1 0 0 1 1 0 17 156 1 0 0 0 0 0 109 41 1 0 0 0 0 0 14 0 1 35 19 5 2 0 0 37 14 34 5 1 1 0 6 156 20 3 0 0 0 0 59 124 5 0 0 0 0 0 21 0 1 156 106 0 0 0 0 3 19 156 68 0 0 0 0 156 156 155 10 0 0 0 1 93 29 2 0 0 0 0 1 0 1 42 9 0 0 0 0 0 4 109 23 0 0 0 0 3 36 90 5 0 0 0 0 5 9 4 0 0 0 0 0 
0 0 0 0 0 8 12 0 0 0 0 0 0 30 88 1 2 0 0 0 0 9 82 34 3 0 0 0 0 0 2 11 0 0 0 0 0 142 142 0 2 0 0 0 0 142 142 12 142 0 0 0 0 13 141 142 81 0 0 0 0 0 1 34 0 0 0 0 1 77 74 0 17 2 1 0 0 24 45 13 142 2 0 0 0 0 4 64 142 1 0 0 0 0 0 17 1 1 1 0 0 3 2 0 9 6 7 2 0 0 0 1 142 14 0 0 0 0 0 8 115 4 0 0 0 0 0 3 
6 0 0 1 20 56 38 36 4 0 2 4 12 68 125 91 23 0 0 0 0 17 60 113 1 0 0 0 0 5 22 67 55 14 27 13 29 10 5 38 46 7 45 125 106 26 29 40 125 27 16 38 19 9 17 83 18 31 21 9 1 4 12 35 99 25 13 1 0 1 3 54 53 31 33 125 72 0 0 3 125 61 36 99 31 0 0 21 10 65 74 8 0 0 0 0 60 80 30 11 0 0 1 17 42 29 48 54 33 0 0 11 90 120 51 31 24 0 0 3 15 60 26 7 0 0 0 0 
4 47 7 0 0 0 0 0 1 26 28 11 33 23 0 0 0 6 70 14 18 27 0 0 0 3 35 11 0 0 0 0 20 18 3 0 0 2 13 9 104 133 119 14 9 2 5 7 5 36 158 80 2 0 0 0 0 2 158 100 0 0 0 0 74 2 0 0 0 36 120 47 158 81 3 0 0 2 18 81 16 28 35 6 0 0 0 2 0 10 76 17 0 0 0 0 34 0 0 0 0 18 32 55 158 7 0 0 0 0 11 158 53 16 1 0 0 0 4 78 0 6 4 0 0 0 0 0 
76 8 0 0 0 0 0 7 159 23 0 0 0 0 0 22 22 0 0 0 0 0 0 20 0 0 0 0 0 2 10 6 97 9 10 5 0 0 0 24 159 26 0 0 0 0 7 81 15 0 0 0 0 12 35 30 0 0 0 0 36 159 61 9 27 14 52 21 0 0 1 23 117 16 12 0 1 10 103 145 2 0 0 9 28 129 159 28 0 0 0 6 44 159 100 0 1 0 2 0 0 0 10 49 2 0 1 0 2 7 24 25 0 0 0 55 79 33 28 2 0 0 0 45 42 22 12 0 
0 0 0 25 34 1 3 3 4 0 0 5 4 1 6 17 96 1 0 0 0 0 2 44 132 1 0 0 0 0 0 25 5 0 2 58 54 0 0 4 2 0 5 38 20 4 5 8 80 17 3 7 2 2 9 73 132 8 0 0 0 0 0 71 31 7 30 52 6 0 0 50 23 13 132 132 4 0 0 7 31 113 132 58 0 0 0 4 132 132 11 0 0 0 0 14 81 10 2 0 1 0 0 39 132 33 102 32 0 0 0 23 7 34 132 69 0 0 0 0 10 86 37 4 0 0 0 0 
17 5 0 1 0 0 0 6 38 3 1 13 3 0 0 19 124 12 0 1 0 0 0 31 61 1 1 11 8 0 0 8 30 7 1 3 9 1 0 13 31 2 0 14 11 0 0 27 124 2 0 4 4 0 0 79 111 0 0 12 18 1 0 33 42 56 11 7 26 1 0 16 16 77 124 71 6 0 0 5 124 40 30 39 4 0 0 19 124 10 4 7 10 0 0 17 124 124 7 12 16 0 0 24 55 124 124 124 30 0 0 0 19 94 124 124 20 0 0 1 56 14 39 41 2 0 0 5 
0 0 0 9 7 1 0 2 2 0 1 7 11 7 11 19 67 2 1 2 1 0 4 88 124 0 0 0 0 0 0 48 0 0 25 73 13 1 0 0 4 4 27 31 9 1 1 4 75 56 20 5 0 0 0 25 124 24 3 0 0 0 0 47 51 14 119 106 0 0 0 21 3 5 124 124 0 0 0 0 64 104 122 47 0 0 0 0 124 124 22 0 0 0 0 3 123 12 15 9 0 0 0 41 28 6 118 82 0 0 0 8 8 38 124 81 0 0 0 0 20 77 27 2 0 0 0 0 
0 0 0 0 0 134 64 0 0 0 0 0 0 109 134 43 38 0 0 0 0 3 134 106 66 0 0 0 0 0 10 31 0 0 0 0 11 134 54 2 5 0 0 0 1 56 113 48 134 0 0 0 0 6 64 92 134 0 0 0 0 5 2 30 1 4 4 4 32 65 7 1 22 17 4 1 5 10 9 13 134 12 0 0 0 1 4 37 134 2 0 0 0 89 42 28 0 3 4 6 5 5 1 0 5 21 8 1 2 2 0 0 128 38 1 0 0 4 5 13 35 1 0 0 4 78 28 16 
1 1 3 5 3 0 0 1 23 15 20 4 0 0 0 1 138 11 1 0 0 0 0 22 92 3 0 0 0 0 0 10 1 1 9 6 0 3 10 9 10 5 15 1 0 0 22 37 138 7 3 0 0 0 7 108 138 2 0 0 0 0 0 60 0 0 138 58 0 0 0 0 2 16 138 16 0 0 5 8 103 138 138 0 0 0 2 29 138 65 4 0 0 0 0 30 0 0 119 27 0 0 0 0 0 6 138 16 0 0 0 0 2 52 138 1 0 0 0 0 10 34 12 0 0 0 0 0 
0 0 0 0 0 16 56 0 0 0 0 0 0 88 115 1 7 0 0 0 0 34 130 73 15 0 0 0 0 0 8 31 0 0 0 0 0 70 136 2 2 0 0 0 9 136 136 8 136 0 0 0 3 32 87 136 136 0 0 0 0 0 1 62 14 1 0 0 0 4 46 15 12 0 0 0 28 32 11 8 136 1 0 0 9 8 0 42 136 2 0 0 0 0 0 23 5 7 2 0 0 0 1 3 4 2 1 3 11 9 2 2 136 21 0 1 2 0 0 3 136 13 0 0 0 0 0 1 
0 0 0 0 17 23 21 15 0 0 0 0 31 102 72 12 48 0 0 0 0 40 133 118 35 0 0 0 1 4 7 34 0 0 0 0 10 84 76 25 0 0 0 2 77 142 37 0 142 13 0 1 27 97 53 94 124 1 0 0 0 7 48 50 0 1 1 4 51 74 27 2 3 26 37 54 66 75 5 0 142 71 50 39 24 11 10 32 63 1 0 1 8 75 83 64 0 6 5 27 24 4 1 0 46 54 37 28 13 0 0 0 20 38 93 32 3 2 2 2 6 2 11 47 17 17 5 10 
0 0 2 55 17 16 6 2 1 0 0 36 37 20 33 39 46 22 1 0 2 2 6 74 12 47 16 0 0 0 0 0 2 1 4 35 45 73 31 4 8 1 3 72 55 65 92 33 140 20 0 1 5 2 14 96 81 59 18 0 0 0 0 32 84 39 43 55 8 4 15 23 23 16 92 140 16 2 13 24 140 56 65 101 0 0 3 72 104 53 7 0 0 0 0 48 28 46 78 6 0 0 0 0 14 37 67 100 0 0 0 0 26 71 140 92 0 0 0 0 11 57 31 1 0 0 0 0 
0 0 0 0 0 11 99 16 1 0 0 0 15 130 60 9 130 0 0 0 14 36 6 54 25 1 3 11 28 0 0 5 0 1 21 2 0 11 130 19 10 2 12 9 0 80 130 16 130 8 2 2 1 14 19 108 69 3 1 20 33 0 0 18 0 1 130 39 0 0 4 1 3 12 130 61 0 2 5 1 130 111 60 8 0 0 0 14 107 14 3 31 24 0 0 5 0 2 88 32 0 0 0 0 0 2 130 68 0 0 0 0 38 67 66 15 0 0 0 1 43 10 2 7 1 0 0 6 
2 1 2 8 3 10 19 12 36 0 0 0 0 0 16 92 57 1 0 0 0 0 10 136 44 0 0 0 0 0 2 89 11 0 9 53 7 1 2 18 38 1 7 42 7 4 8 101 136 25 1 0 0 0 1 108 136 19 0 0 0 0 0 52 26 5 10 24 2 0 0 13 24 14 51 101 9 0 0 18 136 110 46 6 0 0 0 33 136 65 0 0 0 0 0 4 13 3 15 8 0 0 0 7 128 78 92 23 0 0 0 7 71 131 136 5 0 0 0 0 39 27 7 0 0 0 0 3 
1 0 1 8 14 19 9 7 40 0 0 2 0 4 16 51 126 1 0 0 0 0 2 143 102 0 0 0 0 0 0 89 13 0 6 34 9 2 3 31 35 1 6 62 20 3 5 74 143 20 2 2 0 0 2 108 143 11 0 0 0 0 0 25 26 7 16 9 0 0 0 17 27 7 16 99 20 1 0 16 143 68 19 16 5 0 0 44 143 48 0 0 0 0 0 6 6 3 16 9 0 0 0 1 75 38 43 24 4 0 0 12 115 143 128 11 2 0 0 2 75 45 4 0 0 0 0 3 
17 19 11 5 5 12 6 2 26 16 0 0 2 48 120 21 7 0 0 0 0 6 120 85 33 0 0 0 1 1 14 31 0 1 6 5 30 120 17 0 0 0 0 0 67 120 83 10 120 6 0 0 2 28 97 120 120 0 0 0 2 12 18 71 2 4 30 24 22 63 14 0 1 14 113 92 68 60 1 1 120 120 83 8 3 7 2 24 81 16 7 4 1 30 40 40 21 15 27 9 0 1 1 2 4 9 120 31 0 0 5 6 3 49 111 4 0 2 9 1 2 17 17 11 0 4 6 1 
5 11 9 4 10 16 0 0 3 0 4 10 29 102 18 8 91 0 0 0 3 12 10 62 25 0 0 0 3 18 4 32 6 7 2 5 92 73 0 0 7 1 1 23 92 121 43 43 100 9 0 0 0 3 16 121 76 24 11 21 5 4 1 53 4 7 16 41 90 18 3 1 6 18 121 121 52 9 1 6 96 121 111 22 0 0 0 28 117 121 7 15 3 0 0 4 41 10 7 2 8 9 8 13 43 30 121 44 0 0 0 8 3 79 121 31 0 0 0 1 12 53 5 1 1 0 0 0 
66 16 0 0 1 1 0 3 133 18 0 0 0 0 0 10 9 4 0 0 0 0 0 0 6 4 0 0 0 0 0 0 61 3 0 0 1 4 4 35 133 2 0 0 0 1 3 70 20 3 0 0 1 7 1 2 14 1 0 0 2 37 37 12 54 0 0 0 27 49 4 30 133 0 0 0 3 19 33 118 10 0 0 0 5 133 94 11 133 25 0 0 8 133 62 28 18 0 0 0 35 56 2 17 47 0 0 0 2 48 133 107 16 0 0 0 0 133 133 7 133 30 0 0 0 57 16 15 
16 11 70 48 1 0 1 16 3 85 119 35 0 0 0 0 4 69 119 96 22 12 0 0 19 34 101 65 13 10 1 0 119 24 5 7 1 0 5 88 102 119 47 8 4 1 0 7 12 64 79 78 78 36 1 2 0 13 66 60 28 17 0 0 119 13 0 0 0 0 12 102 119 14 0 0 1 18 61 93 15 3 0 2 29 119 74 18 6 10 1 0 21 37 6 1 119 9 0 0 0 0 7 56 53 2 1 2 3 7 24 56 16 4 1 0 0 10 29 11 5 0 0 0 17 28 10 2 
3 0 0 4 16 2 5 19 15 0 0 2 9 1 10 73 27 0 0 0 0 0 8 122 123 0 0 0 0 0 2 81 5 1 1 35 18 0 5 32 18 3 5 12 8 0 0 28 21 3 0 0 0 0 9 94 123 6 0 0 0 0 3 123 21 48 20 66 32 0 0 3 22 55 123 99 0 0 0 2 15 61 103 30 0 0 0 6 123 123 9 0 0 0 0 19 67 74 6 25 13 0 0 0 83 79 123 97 0 0 0 0 2 36 123 74 0 0 0 0 30 121 47 0 0 0 0 0 
0 0 0 0 0 17 43 48 0 0 0 0 1 94 118 3 4 3 0 2 14 64 77 11 4 17 23 7 4 6 3 1 0 0 0 14 60 36 28 10 0 0 2 44 53 118 118 16 118 12 1 3 0 8 96 118 118 86 44 0 0 0 0 19 0 0 8 65 46 0 0 0 0 3 101 118 34 5 3 3 118 77 114 56 0 0 2 33 118 41 8 0 0 1 3 54 0 0 31 26 2 0 0 0 0 4 98 35 0 0 0 0 13 74 110 22 0 0 0 0 31 41 18 0 0 1 3 10 
34 0 0 0 0 2 28 71 5 0 0 0 2 121 121 30 8 0 0 0 4 85 116 85 19 0 0 0 0 1 23 58 4 4 9 33 26 26 35 18 5 1 0 13 69 121 102 11 121 22 0 0 3 42 59 98 99 5 0 0 0 0 6 57 0 4 21 121 37 1 0 0 6 25 36 121 105 10 0 0 121 121 33 17 4 2 0 6 85 19 0 0 0 0 0 24 1 0 5 55 11 2 0 1 0 8 33 120 52 10 0 0 8 65 39 9 1 0 0 0 17 35 1 0 0 0 0 0 
0 0 0 0 32 30 0 0 0 0 0 0 13 61 47 0 13 3 0 0 0 20 72 26 27 52 2 0 0 0 3 6 0 0 0 8 80 68 0 0 2 3 0 4 65 124 36 2 124 24 0 0 0 52 79 87 124 21 0 0 0 0 0 50 0 0 25 85 119 26 0 0 1 22 124 86 85 64 0 0 110 124 106 15 0 4 0 6 124 13 1 0 0 0 9 52 7 21 54 30 14 0 0 0 1 12 124 76 16 1 0 0 5 10 77 88 53 5 0 1 11 1 1 5 6 8 13 20 
14 0 3 24 3 0 0 29 12 0 1 23 17 0 2 26 132 11 3 24 19 1 0 33 132 29 7 0 0 0 0 18 6 0 5 30 23 2 7 20 14 3 14 13 5 0 7 51 132 48 7 15 7 2 2 14 132 46 0 0 0 0 0 16 23 31 77 103 11 0 1 28 17 25 113 83 2 0 1 50 132 30 75 16 3 2 1 42 132 20 6 0 0 0 0 52 3 41 118 64 0 0 0 0 1 39 132 108 0 0 0 1 19 56 132 44 0 0 0 3 74 31 53 6 0 0 0 14 
1 0 0 0 0 46 85 4 0 0 0 0 0 89 127 0 42 0 0 0 0 127 127 36 73 0 0 0 0 3 22 51 6 15 1 0 0 127 127 7 8 12 1 0 2 74 127 7 98 9 3 1 3 63 56 63 127 14 0 0 0 1 2 101 3 52 10 0 6 20 8 1 9 19 1 0 16 43 7 2 97 38 1 0 7 60 10 21 127 33 0 0 0 2 9 105 4 7 0 0 2 30 6 0 11 28 8 0 5 38 2 0 24 53 10 0 4 40 7 9 127 58 0 0 0 15 14 51 
56 13 0 0 0 0 0 8 142 12 0 0 0 0 0 29 12 4 0 0 0 0 0 0 3 3 0 0 0 0 0 0 58 2 0 0 5 34 14 27 144 9 0 0 0 7 9 45 24 5 0 0 0 0 1 1 5 2 0 0 0 21 13 2 98 2 0 0 33 88 5 18 144 5 0 0 0 8 32 110 11 0 0 0 0 58 124 15 24 7 0 0 0 144 81 7 26 0 0 0 13 40 5 25 43 0 0 0 1 21 144 129 0 0 0 0 0 133 144 10 46 15 0 0 0 130 70 6 
25 54 29 1 0 0 0 15 10 29 138 33 0 0 0 85 25 9 46 20 0 0 0 70 2 4 13 7 0 0 0 1 138 133 20 0 0 0 0 7 48 89 138 58 0 0 0 1 15 17 138 123 0 0 0 8 2 13 138 59 0 0 0 0 138 29 4 2 0 0 0 68 108 18 8 2 0 0 0 15 0 0 33 21 0 0 0 0 0 0 43 22 0 0 0 0 118 5 60 58 0 0 0 102 108 8 11 4 0 0 0 81 1 0 2 8 0 0 0 0 0 0 1 5 0 0 0 0 
5 0 5 11 0 0 2 28 5 1 3 11 9 3 5 10 121 57 8 9 5 1 0 8 124 48 0 0 0 0 0 11 17 0 14 18 1 0 1 61 14 5 7 15 14 1 6 12 124 33 0 8 12 0 2 70 124 33 0 0 0 0 0 35 17 14 124 124 0 0 0 38 16 63 124 53 5 1 11 16 117 51 124 44 6 0 5 49 124 28 12 0 0 0 0 72 1 11 93 74 0 0 0 0 4 74 124 62 0 0 0 0 6 51 124 44 0 0 0 0 40 34 50 4 0 0 0 1 
0 0 0 0 0 25 75 3 0 0 0 0 0 129 109 0 53 0 0 0 0 100 129 65 56 0 0 0 0 0 6 30 2 0 0 0 0 66 129 19 0 11 6 0 1 129 129 0 129 7 3 2 3 49 44 94 129 0 0 0 0 0 15 103 8 27 6 1 2 7 27 6 3 25 8 2 5 15 18 3 85 15 5 6 17 24 24 57 129 34 0 0 0 3 19 80 1 6 1 2 12 12 1 0 14 12 0 0 6 36 9 3 84 31 0 0 13 65 5 6 129 30 0 0 0 2 4 40 
0 0 0 23 58 17 1 0 10 8 4 19 26 30 21 9 72 18 2 1 0 0 13 35 55 0 0 0 0 0 1 37 0 0 0 59 121 27 4 1 3 4 2 45 114 96 111 46 33 45 8 4 2 3 121 121 121 8 2 0 0 0 14 109 0 0 0 32 121 83 0 0 9 64 28 74 121 56 3 2 26 121 62 10 2 1 9 22 121 63 21 0 1 0 0 29 0 0 0 32 121 25 0 0 54 36 6 26 45 20 0 11 55 47 4 0 0 1 5 10 56 23 2 0 0 1 7 19 
1 0 4 13 64 31 3 0 0 1 6 8 48 48 8 0 28 16 2 7 57 46 7 19 119 28 1 0 0 1 0 27 1 0 0 29 119 63 23 0 2 0 9 24 29 119 87 8 119 64 5 2 9 70 34 61 119 110 2 0 0 0 0 23 0 0 13 96 119 5 2 0 2 3 119 119 37 33 10 4 119 90 102 48 3 3 3 39 119 27 5 2 0 0 0 43 0 0 1 26 63 0 0 0 1 2 9 28 66 26 2 1 34 34 24 9 6 6 2 17 72 16 2 0 0 0 0 21 
12 2 6 12 0 0 0 7 16 3 2 11 15 1 0 9 125 49 0 1 2 0 0 41 99 20 0 0 0 0 0 10 19 2 7 11 0 1 5 53 7 1 9 23 23 5 21 13 125 17 2 8 10 1 1 125 125 9 0 0 0 0 0 66 34 28 123 125 0 0 0 24 32 81 125 76 1 2 7 3 125 79 125 52 0 0 1 13 125 33 12 0 0 0 0 24 2 8 87 75 0 0 0 0 21 69 107 32 0 0 0 0 6 27 125 33 0 0 0 0 20 23 27 0 0 0 0 0 
0 0 0 0 0 22 23 0 0 0 0 0 0 132 84 1 35 0 0 0 0 39 115 71 25 0 0 0 0 0 2 16 0 0 0 0 0 132 132 1 2 8 3 1 1 132 124 8 132 0 1 1 0 21 66 126 94 0 0 0 0 0 28 49 0 13 6 0 1 47 62 2 2 42 15 7 13 31 10 1 132 7 4 6 9 6 47 83 132 16 0 0 0 1 52 93 1 7 2 0 0 5 8 0 10 10 1 2 6 22 10 1 67 22 1 3 13 63 13 11 132 40 0 0 0 4 5 15 
20 17 70 44 1 0 2 16 3 62 118 45 1 0 0 0 4 72 118 78 19 14 0 0 13 30 90 71 9 19 5 2 118 20 3 9 1 0 9 90 94 118 54 10 2 1 0 5 15 76 108 68 70 25 0 1 1 12 75 87 28 16 0 0 118 15 0 0 0 1 10 107 118 19 0 0 1 12 47 92 19 3 0 1 28 118 66 22 6 10 2 1 18 43 4 0 118 13 0 0 0 0 6 47 60 2 1 2 1 5 25 61 16 4 1 1 0 11 30 12 5 1 0 0 14 18 5 3 
5 6 23 25 10 12 0 1 5 8 5 4 2 59 69 11 29 14 5 0 0 9 64 47 70 43 0 0 0 0 0 7 0 0 3 31 118 52 2 2 1 1 8 25 106 116 48 17 118 19 10 8 7 7 37 118 118 17 0 0 0 0 5 69 3 12 16 61 84 24 20 4 0 34 118 109 52 4 0 0 92 118 118 21 2 0 0 12 114 46 4 1 7 1 1 10 11 92 34 11 0 1 6 2 3 46 118 100 3 0 1 0 8 35 73 53 4 0 1 0 23 8 7 11 3 1 0 1 
0 0 0 0 4 26 75 18 0 0 2 1 11 86 110 6 11 5 4 1 0 15 112 35 15 19 1 1 0 1 12 6 1 0 0 9 44 66 54 17 12 6 3 7 29 119 119 24 119 15 1 0 0 13 76 119 80 55 3 0 1 1 9 55 6 2 2 59 72 14 2 7 8 31 95 119 51 26 1 1 119 108 60 1 0 0 0 46 119 58 1 0 0 0 11 78 21 7 3 10 1 4 12 8 15 41 112 50 1 0 0 1 6 73 106 23 12 4 1 2 12 7 2 12 14 3 26 58 
5 1 1 6 15 3 1 5 6 23 71 52 56 2 1 5 11 38 148 17 0 0 0 4 6 9 54 32 0 2 1 2 40 15 1 1 3 2 0 6 148 142 146 15 2 1 0 3 9 69 148 30 0 0 0 0 0 6 148 132 0 0 0 0 40 8 0 0 0 10 8 15 148 13 1 0 0 7 11 121 43 10 10 0 0 0 0 6 0 9 25 5 0 0 0 0 8 1 0 0 0 73 30 10 148 0 0 0 0 34 19 103 79 6 0 0 0 0 0 9 1 6 0 0 0 0 0 0 
84 32 2 3 1 0 6 10 138 76 0 0 0 0 0 15 10 0 0 0 0 0 1 10 0 0 0 0 0 0 3 5 138 12 0 0 0 3 12 54 138 15 0 0 0 0 9 94 7 0 0 0 0 19 52 9 0 0 0 0 0 41 121 3 75 45 44 0 1 8 8 34 138 13 4 0 0 9 138 138 1 0 0 7 6 138 138 7 0 0 1 59 16 138 138 0 1 17 23 1 1 3 1 2 2 1 6 1 1 8 39 16 0 0 0 6 3 15 37 7 0 0 1 59 16 3 4 2 
5 32 12 0 0 0 0 0 9 26 7 2 1 25 22 2 45 21 0 0 0 11 51 72 49 12 0 0 0 0 0 27 18 30 13 0 31 40 0 1 1 8 6 2 48 127 75 1 127 20 2 0 0 51 93 106 127 1 0 0 0 0 7 92 24 18 14 26 102 33 0 0 1 21 127 52 81 71 6 0 127 110 98 5 0 4 3 19 101 33 2 0 0 0 4 67 2 26 73 19 15 0 0 0 0 19 127 50 5 0 0 0 4 35 127 37 0 0 0 0 13 76 28 0 0 0 0 0 
0 0 1 0 0 28 48 9 0 0 0 0 8 104 120 0 3 0 0 0 4 66 97 37 31 0 0 0 0 0 12 76 0 0 0 11 49 82 47 17 1 0 0 52 84 120 127 18 103 3 0 5 2 22 123 110 127 31 0 0 0 0 3 33 8 2 1 26 23 3 11 24 4 3 52 127 69 1 1 9 127 46 94 70 5 0 1 25 127 39 6 0 0 0 0 29 9 0 0 0 0 0 7 33 13 0 32 35 0 1 17 32 9 25 101 29 0 0 30 16 55 23 16 0 0 0 3 28 
10 22 20 21 15 3 0 0 10 24 12 1 1 29 42 4 67 17 3 0 0 6 37 47 80 16 1 0 0 0 5 19 1 4 50 61 77 22 3 4 1 3 10 27 119 119 60 15 119 32 14 7 4 15 51 119 104 6 0 1 7 6 23 74 6 3 2 46 75 25 33 27 2 50 119 119 98 9 1 1 71 119 119 14 2 0 0 13 87 28 14 7 19 5 1 10 23 77 2 1 0 8 29 13 18 116 119 31 1 4 6 1 0 33 84 60 10 2 4 0 4 9 20 14 7 1 0 0 
3 0 0 0 0 5 82 36 0 0 1 2 16 57 120 21 4 2 21 10 5 8 94 37 14 14 13 10 0 0 7 7 10 0 0 4 46 28 31 16 13 8 7 19 59 120 120 24 120 20 2 0 0 12 93 120 72 54 14 1 1 0 2 20 15 7 4 28 37 5 8 30 10 27 120 120 52 12 1 1 120 120 79 12 1 0 0 38 120 69 4 3 11 1 2 59 26 34 24 9 0 0 1 9 21 54 101 26 5 16 2 1 11 29 60 27 40 26 9 20 30 1 0 2 10 6 10 120 
0 0 0 0 0 19 81 10 4 0 1 2 25 127 51 7 132 5 0 0 13 28 7 37 24 4 2 7 39 6 0 1 0 1 18 4 0 19 132 23 18 2 11 6 0 85 132 23 132 5 1 1 1 9 21 116 54 2 1 27 29 1 0 16 0 1 132 58 0 0 9 1 10 22 132 63 0 1 11 3 132 125 56 4 0 0 1 22 90 14 1 34 19 0 0 7 0 0 79 40 0 0 1 0 0 4 132 60 1 1 0 0 28 69 67 7 0 0 0 1 36 10 1 7 1 0 0 7 
6 25 18 0 0 2 1 4 4 52 13 0 1 31 41 0 4 22 2 0 0 35 105 10 3 0 0 0 0 10 28 18 0 10 14 3 3 90 86 1 2 4 0 6 10 128 128 3 72 0 0 0 1 49 128 111 97 5 1 0 0 0 11 54 0 4 68 74 12 39 26 0 5 0 9 128 71 52 17 2 128 1 0 21 15 5 7 41 128 7 0 0 0 0 0 15 3 4 15 44 12 0 0 0 0 0 0 120 128 0 0 0 119 0 0 23 55 0 0 26 128 1 0 0 0 0 0 16 
11 10 12 6 2 2 13 10 3 41 110 18 0 0 0 0 0 44 117 12 0 0 0 0 0 2 35 29 5 0 0 0 117 22 8 0 0 1 26 74 117 117 117 3 0 0 0 12 1 20 117 96 17 13 1 0 0 0 13 93 57 4 0 0 117 30 71 24 0 0 0 28 117 27 7 1 0 32 85 86 8 6 10 17 19 117 117 13 5 7 18 33 57 29 10 3 10 4 18 21 17 11 5 6 14 2 6 8 3 49 112 32 91 10 0 3 0 36 87 40 61 45 32 5 0 0 2 6 
28 36 6 0 0 0 0 1 14 94 60 6 0 0 0 0 23 29 43 31 12 5 10 13 18 1 0 0 3 16 89 42 113 13 0 0 0 0 0 51 117 86 20 16 1 0 1 24 10 13 19 117 117 15 10 6 2 5 0 56 87 43 67 3 108 13 0 0 0 0 1 56 113 2 0 0 0 17 105 117 7 1 0 35 66 111 117 25 7 7 4 54 95 38 19 3 17 9 0 2 6 6 6 12 6 0 0 3 28 85 117 25 72 12 0 0 1 50 117 29 34 26 14 6 1 5 11 6 
0 1 6 6 12 26 2 0 22 0 1 1 10 25 13 30 120 6 0 0 0 0 2 90 49 23 1 0 0 5 1 14 0 0 1 1 18 89 8 1 5 4 3 0 11 103 35 33 120 8 1 0 0 1 17 120 120 3 1 2 3 6 1 56 0 37 55 1 6 99 12 0 2 93 120 6 1 34 5 1 120 120 108 7 0 0 1 16 120 57 4 0 0 0 0 8 0 88 120 3 1 5 0 0 0 73 120 21 5 5 0 0 22 60 120 16 5 2 0 0 44 39 2 0 0 0 0 2 
0 0 0 0 0 9 64 37 0 0 1 7 3 32 127 15 7 1 1 0 0 2 127 69 2 0 0 0 0 1 31 44 0 0 0 2 4 44 127 7 2 0 0 1 12 127 127 13 82 15 0 0 0 14 127 127 88 30 1 1 0 0 29 105 0 4 11 41 15 12 8 0 8 0 2 102 50 26 4 5 127 24 0 14 8 2 1 37 127 51 3 8 0 0 0 14 4 6 6 26 4 0 0 0 0 0 3 98 37 2 0 0 127 3 2 49 18 0 0 33 127 6 3 6 0 0 0 27 
0 0 0 26 53 15 0 0 11 8 4 20 32 26 10 6 70 15 1 0 0 1 12 36 54 0 0 0 0 0 2 37 0 0 0 65 121 21 5 4 2 2 0 43 104 120 92 33 41 35 2 3 3 6 121 121 121 10 1 0 0 0 15 106 0 1 3 42 121 36 1 1 4 36 15 117 121 51 5 2 47 121 32 15 10 1 14 19 121 63 13 0 3 0 0 25 0 0 0 17 119 30 0 0 33 31 7 20 84 45 0 5 63 58 5 0 0 0 2 13 59 21 1 0 1 1 5 17 
1 1 4 11 68 27 2 0 0 1 2 10 55 66 6 0 68 41 0 8 41 40 5 15 122 37 0 0 0 0 0 17 2 0 0 25 122 65 14 0 9 1 13 22 41 122 40 13 122 55 4 4 3 42 18 94 122 52 0 0 1 1 2 29 0 0 15 93 122 7 1 0 4 7 122 122 45 28 2 3 118 120 88 34 1 2 0 39 122 21 5 4 1 0 0 49 0 0 1 31 60 0 0 0 1 2 9 29 72 20 2 1 37 33 10 6 6 8 4 19 62 14 0 0 0 0 0 29 
