0 0 0 4 41 31 23 0 0 0 0 1 13 92 119 3 48 1 0 0 2 36 85 86 18 1 0 8 51 23 4 16 0 0 0 27 119 16 7 6 1 0 0 46 119 44 42 4 119 4 1 2 0 6 19 80 93 6 12 99 41 2 0 30 4 0 0 39 53 2 5 31 0 2 73 119 75 0 0 1 119 60 119 31 0 0 0 29 119 60 32 27 0 0 0 24 20 10 0 4 2 0 2 27 18 71 81 29 2 0 0 1 11 108 119 11 0 0 0 0 15 58 70 5 0 0 0 0 
2 40 63 13 1 5 10 1 35 100 13 0 0 59 76 6 44 5 0 0 0 36 118 88 57 1 0 0 0 0 13 76 0 3 14 24 64 95 57 1 1 4 1 4 11 118 118 3 118 24 0 0 0 38 84 71 118 4 0 0 0 0 17 118 0 0 6 118 104 9 0 0 0 54 80 53 45 6 2 0 70 118 54 0 1 1 0 3 55 31 2 0 2 4 25 50 0 4 22 50 26 0 0 0 0 55 118 27 7 1 0 0 0 52 51 3 9 23 1 0 0 5 1 0 8 41 10 1 
3 0 0 0 14 35 25 37 0 0 0 0 21 91 123 63 0 0 0 0 2 43 123 70 0 0 0 1 7 53 20 4 54 2 0 0 108 51 2 78 0 0 0 2 123 106 51 47 93 4 0 0 1 2 67 123 55 4 3 16 19 8 6 27 51 29 3 17 95 57 0 16 1 9 39 37 123 44 0 0 123 74 18 8 1 0 0 17 87 32 6 14 12 0 0 5 1 13 22 63 24 4 0 0 0 20 123 72 13 3 0 0 53 76 110 16 0 0 0 0 34 22 3 7 1 0 0 0 
1 3 2 2 14 10 8 0 0 2 3 1 11 61 100 5 11 2 0 0 6 33 87 69 2 0 0 0 19 62 25 4 0 0 0 11 84 12 12 21 1 0 0 36 120 78 78 6 120 6 0 8 13 16 49 112 40 6 6 95 84 28 6 13 9 0 0 14 30 5 9 65 2 1 36 120 120 2 1 7 120 49 96 54 6 0 0 49 107 35 44 110 7 0 0 18 26 7 0 5 2 0 1 34 34 59 53 38 6 0 0 9 24 118 120 24 0 0 0 0 17 51 60 13 0 0 0 0 
11 0 0 0 9 16 12 89 0 0 0 0 35 105 120 63 3 0 0 0 6 59 120 80 1 0 0 2 19 56 5 2 108 13 2 0 50 29 1 109 13 1 0 4 120 112 26 47 120 8 0 2 6 4 34 120 37 2 2 31 46 7 1 8 52 59 36 27 41 21 0 3 8 12 79 85 120 36 0 0 120 109 50 10 1 0 0 6 41 17 9 35 22 0 0 1 0 13 26 25 2 2 1 0 0 7 104 68 4 2 3 1 30 47 84 10 0 1 1 1 10 5 2 11 5 1 1 1 
0 1 13 13 31 37 20 3 4 30 16 1 3 36 122 20 54 6 0 0 0 19 122 92 92 5 0 0 0 0 7 62 0 0 0 47 122 38 10 3 0 0 0 24 71 46 95 2 122 24 0 0 0 11 61 51 122 5 0 0 0 1 5 92 2 0 5 67 122 1 0 0 0 28 104 80 87 3 0 0 106 122 66 2 0 0 0 7 102 20 0 0 0 1 13 91 1 1 17 22 20 0 0 1 0 13 122 33 9 1 0 0 1 42 59 10 5 17 2 0 3 6 1 0 2 12 12 23 
1 0 0 1 41 10 4 6 0 0 0 0 52 50 111 15 19 0 0 0 2 20 80 110 8 0 0 0 10 37 21 16 10 0 0 2 89 12 2 36 0 0 0 13 129 43 37 14 129 16 0 2 12 8 35 69 53 9 0 11 99 48 12 11 33 0 0 9 55 5 1 39 4 0 0 103 129 6 0 2 129 10 2 22 17 0 0 36 91 7 0 112 111 5 0 9 32 2 0 6 8 1 0 32 5 7 35 129 43 1 0 4 129 40 82 80 2 0 0 5 80 22 3 60 14 0 0 2 
31 0 0 1 62 19 3 72 4 0 0 3 134 55 66 69 51 1 0 2 3 8 45 134 11 1 0 23 36 4 0 7 134 10 1 3 80 13 0 85 22 0 0 19 134 24 2 16 134 8 0 2 4 0 1 84 61 6 1 33 42 0 0 7 84 59 16 12 55 15 0 3 10 11 38 66 134 26 0 0 134 60 30 16 0 0 0 7 76 18 2 35 18 0 0 1 5 34 21 24 10 0 0 0 0 16 93 104 22 0 0 0 64 53 104 17 0 0 0 0 36 9 2 10 3 0 0 1 
0 0 0 4 63 46 24 8 4 9 2 1 8 17 133 47 100 3 0 0 0 1 96 133 72 8 0 0 1 1 0 22 1 0 0 48 133 16 4 2 8 2 0 17 81 19 56 9 133 21 0 0 0 2 25 72 133 1 0 0 9 9 2 57 3 1 8 51 133 3 0 0 7 38 86 64 77 3 0 0 133 122 27 0 0 0 0 26 101 1 0 0 5 12 13 78 0 0 21 23 21 0 0 1 0 14 110 50 6 1 0 0 19 44 41 5 5 6 1 12 16 1 0 0 0 3 10 51 
8 0 0 0 1 4 8 31 19 0 0 0 0 0 72 125 44 0 0 0 0 4 125 125 48 0 0 0 0 0 3 42 0 0 13 19 3 0 0 1 11 7 3 2 0 0 24 31 125 30 0 0 0 0 25 81 125 7 0 0 0 0 0 34 0 1 86 89 3 0 0 0 7 57 125 16 0 0 0 0 125 125 46 0 0 0 0 2 100 61 0 0 0 21 18 6 0 5 81 46 0 0 0 0 0 67 125 12 6 15 5 0 6 86 38 0 2 66 81 4 5 12 0 0 0 125 98 3 
5 0 0 4 84 30 2 18 0 0 0 1 70 98 9 0 2 0 0 0 8 18 12 9 34 8 5 0 0 0 1 12 87 10 1 55 103 2 1 37 0 2 7 110 124 16 0 0 7 79 36 7 2 2 1 1 66 82 83 2 0 0 0 2 124 5 6 71 15 0 0 86 6 4 112 124 19 0 0 1 49 124 124 52 0 0 0 0 29 93 107 22 0 0 0 0 124 3 2 3 0 0 0 80 39 6 63 52 0 0 0 8 8 22 105 32 0 0 0 0 21 34 16 4 0 0 0 0 
7 0 0 0 0 30 74 32 56 0 0 0 0 9 74 119 22 0 0 0 0 8 95 56 35 0 0 0 0 0 2 20 2 0 0 1 6 32 29 24 15 1 0 0 0 2 125 118 125 5 0 0 0 2 77 120 96 1 0 0 0 13 7 28 0 3 35 18 7 1 0 0 22 61 36 6 0 0 4 4 125 125 4 0 0 11 5 9 62 16 0 0 5 125 17 4 0 9 88 21 0 0 0 0 2 118 105 6 5 7 1 0 25 103 14 0 8 125 36 0 3 2 1 1 7 125 13 0 
0 0 0 0 19 39 26 15 0 0 0 0 28 125 25 0 0 0 0 0 17 113 43 2 2 1 0 0 3 10 4 4 86 1 0 12 49 24 36 89 11 0 0 44 125 91 8 2 1 4 7 4 12 42 18 7 38 27 16 0 0 0 2 15 125 6 2 22 11 2 5 82 47 7 33 125 72 2 0 15 6 94 112 98 5 1 0 0 32 99 125 9 0 0 0 1 125 11 1 1 0 0 0 48 110 17 42 83 0 0 0 24 6 39 125 82 0 0 0 0 11 46 56 13 0 0 0 0 
1 0 0 0 0 19 46 25 20 0 0 0 0 16 83 129 57 0 0 0 0 1 96 119 56 0 0 0 0 0 3 29 0 0 6 10 14 17 6 1 8 5 8 9 5 7 30 44 129 37 1 0 0 0 30 81 113 6 0 0 4 92 25 21 0 5 103 68 2 0 0 0 3 67 129 37 0 0 0 0 123 129 23 0 1 72 11 5 33 11 0 0 22 129 18 2 0 1 63 57 0 0 0 0 0 36 127 24 16 2 0 0 1 37 34 29 70 123 11 3 0 0 11 22 12 75 3 0 
0 0 0 21 97 35 16 0 50 0 0 1 11 31 49 37 131 7 3 41 32 2 3 58 0 0 9 96 48 6 0 0 0 0 1 104 129 4 1 3 45 5 41 84 30 1 1 21 131 25 22 26 1 0 0 104 27 7 64 131 2 0 0 3 11 8 17 61 20 0 4 23 9 70 131 83 4 0 0 0 117 131 131 6 0 0 0 7 23 35 63 33 0 0 0 0 41 30 1 0 0 0 0 5 56 96 34 0 0 0 0 9 19 61 56 3 0 0 1 6 1 5 31 21 0 0 0 0 
112 60 2 0 0 0 0 0 109 19 0 0 0 5 28 15 59 4 0 0 0 1 28 63 13 1 0 0 4 5 13 9 45 110 20 0 0 64 40 1 33 11 0 0 0 124 124 34 124 0 0 0 0 15 101 124 12 0 0 0 5 17 53 74 0 5 6 16 26 124 62 1 33 35 3 1 5 92 40 8 124 67 0 0 0 2 9 102 15 2 0 0 0 8 78 61 0 7 24 65 35 1 0 0 3 124 69 10 4 0 0 0 21 124 14 2 7 11 0 0 3 3 0 0 10 27 19 1 
1 0 9 10 0 0 0 1 24 1 1 2 0 0 0 13 127 0 0 0 0 0 0 127 65 3 0 0 0 0 0 26 16 11 41 55 0 0 0 11 16 6 33 80 0 0 0 1 127 8 6 6 0 0 0 45 127 17 0 0 0 0 0 26 15 15 95 104 0 0 0 4 20 78 127 123 0 0 0 1 127 67 127 97 0 0 0 3 127 61 21 2 0 0 0 2 1 28 36 9 0 0 0 0 18 117 65 10 0 0 0 0 14 65 127 35 0 0 0 0 19 35 58 6 0 0 0 0 
0 0 0 0 0 22 35 2 0 0 0 0 0 79 131 9 74 0 0 0 0 29 127 87 41 0 0 0 0 3 9 31 0 0 0 0 0 131 63 0 15 2 0 0 0 131 131 8 131 13 0 0 0 24 76 130 48 0 0 0 0 6 71 101 0 0 0 0 1 131 19 0 49 20 0 0 0 21 21 2 131 37 0 0 0 4 42 64 80 5 0 0 0 0 25 91 0 0 0 0 0 9 2 0 47 9 0 0 0 4 5 1 131 20 0 0 0 12 25 8 64 9 0 0 0 0 11 19 
0 0 0 28 97 33 1 0 0 0 0 8 52 69 32 1 108 1 0 0 1 8 11 73 88 4 8 16 0 0 0 52 0 0 0 63 126 7 4 1 0 0 7 126 117 5 1 2 87 12 27 8 0 0 0 47 126 29 8 1 0 0 0 71 5 0 1 41 32 5 7 17 0 18 81 126 44 1 1 0 23 126 126 23 0 0 0 1 121 126 94 0 0 0 0 2 6 0 0 3 1 1 12 33 30 49 28 16 2 1 4 4 33 126 40 0 0 0 0 0 26 49 26 0 0 0 0 1 
0 4 1 2 2 4 131 29 2 6 1 0 0 8 131 33 58 2 0 0 0 1 128 131 72 9 0 0 0 0 4 48 0 0 2 26 48 13 34 1 13 11 8 2 1 9 70 8 131 61 2 0 0 0 31 76 131 6 0 0 0 0 11 104 0 2 131 82 22 1 0 0 4 72 131 25 0 0 0 0 108 131 74 3 0 0 0 13 73 8 0 0 0 0 12 103 0 1 65 17 2 2 0 0 0 13 78 24 7 9 4 0 2 25 36 5 5 20 13 1 3 2 0 0 2 10 15 24 
0 0 0 0 0 68 59 0 1 0 0 0 0 88 137 9 137 0 0 0 0 19 106 94 65 0 0 0 0 0 3 22 0 0 0 0 0 137 75 0 24 2 0 0 0 81 128 18 137 12 0 0 0 5 29 110 69 0 0 0 0 4 34 91 0 0 0 0 0 54 16 0 59 26 0 0 0 3 9 4 137 41 0 0 0 1 33 90 53 0 0 0 0 0 27 137 1 0 0 0 0 2 1 1 59 24 0 0 0 3 3 2 112 27 0 0 0 13 26 19 87 11 0 0 0 0 0 23 
0 0 0 0 0 39 97 15 0 0 0 0 0 2 155 102 142 0 0 0 0 0 78 141 87 0 0 0 0 0 0 18 0 0 0 0 0 14 32 11 20 0 0 0 0 0 53 50 155 5 0 0 0 0 12 82 155 0 0 0 0 0 1 18 1 0 0 0 0 0 2 2 47 13 0 0 0 0 2 6 155 55 0 0 0 0 0 52 106 2 0 0 0 0 2 101 1 0 0 0 0 0 1 1 55 35 0 0 0 0 0 1 134 35 0 0 0 1 15 74 58 0 0 0 0 0 4 106 
0 0 0 37 97 29 0 0 0 0 0 15 65 57 18 2 105 2 0 0 0 4 5 103 86 5 7 2 0 0 0 68 0 0 0 67 120 5 4 0 0 1 7 130 127 3 0 2 86 34 38 9 1 0 0 42 130 59 12 0 0 0 0 59 3 0 1 30 28 9 10 17 0 19 62 130 51 2 0 0 26 130 130 23 0 0 0 0 89 130 63 0 0 0 0 1 5 0 0 3 0 1 11 35 23 29 18 24 3 2 8 10 64 130 16 0 0 0 0 0 41 42 8 0 0 0 0 2 
0 0 0 6 17 9 74 42 0 1 1 0 0 1 132 108 45 4 0 0 0 0 97 132 68 13 0 0 0 0 1 45 0 0 25 62 46 12 3 0 11 12 31 12 1 4 28 13 132 85 5 0 0 0 21 83 132 16 0 0 0 0 6 83 0 0 132 124 6 0 0 0 3 27 132 74 3 0 0 0 112 119 91 6 0 0 0 13 109 8 0 0 0 0 4 103 0 0 14 11 4 11 2 0 0 4 34 24 8 13 13 0 4 13 34 7 4 15 19 3 11 2 0 0 0 3 10 47 
0 0 0 3 81 35 4 0 0 0 0 1 95 93 0 0 2 9 3 0 12 20 3 2 56 35 10 0 0 0 0 6 41 0 1 33 98 11 27 48 0 2 11 91 121 13 0 0 55 121 20 8 3 1 0 0 43 121 76 2 0 0 0 0 121 3 6 45 17 4 3 87 13 5 121 121 22 0 0 3 62 121 121 20 0 0 0 0 82 85 26 1 0 0 0 0 121 0 1 1 0 0 0 107 62 8 63 22 0 0 0 34 0 20 102 5 0 0 0 0 15 21 16 0 0 0 0 2 
10 0 0 0 0 6 57 37 73 2 0 0 0 0 46 120 25 0 0 0 0 0 85 82 16 0 0 0 0 2 15 20 4 0 11 18 3 2 3 10 20 8 3 1 0 0 60 120 120 18 0 0 0 0 63 120 100 5 0 0 0 0 0 21 0 1 95 89 0 0 0 0 11 91 120 12 0 0 0 2 120 120 21 0 0 4 13 5 61 22 0 0 0 39 64 8 0 4 83 34 4 0 0 0 1 36 101 10 28 46 37 0 6 45 17 4 3 92 120 3 1 1 0 0 1 111 120 0 
19 0 0 10 26 2 1 37 64 0 0 16 73 14 9 64 91 2 4 56 15 0 0 55 5 23 23 37 6 0 0 0 15 1 0 66 53 1 5 56 79 1 0 30 129 2 1 56 129 5 7 26 6 0 0 93 11 27 29 33 0 0 0 0 13 18 1 129 89 0 0 6 50 55 48 108 54 0 0 7 129 79 21 22 5 0 0 22 30 14 19 17 0 0 0 0 4 45 35 70 21 2 0 0 23 129 129 89 0 0 0 0 36 101 129 58 0 0 0 0 4 9 42 35 0 0 0 0 
3 0 0 0 2 7 6 15 4 0 0 0 10 73 61 54 4 0 0 0 2 55 127 127 2 0 0 0 0 48 113 38 8 0 0 0 7 14 24 24 5 1 0 0 127 127 10 11 78 15 0 0 32 99 67 115 102 5 0 0 1 43 85 62 39 0 0 0 17 14 26 44 26 14 0 0 127 97 2 9 87 69 0 6 60 22 1 3 127 11 0 3 20 10 2 15 63 1 0 0 20 9 3 12 32 23 8 11 127 31 0 0 50 50 3 13 47 0 0 0 71 3 0 6 26 0 0 18 
14 21 7 21 12 0 0 0 30 110 119 4 0 0 1 1 11 23 119 40 1 1 3 11 0 0 25 50 10 3 3 3 91 23 1 9 22 7 6 17 119 95 47 3 0 0 4 47 7 13 105 85 7 3 17 10 0 0 26 119 76 12 1 0 70 3 0 0 2 11 19 42 119 2 0 0 0 1 37 119 2 0 0 2 5 78 119 42 0 0 0 8 60 119 97 0 36 5 2 1 0 1 6 14 46 1 0 0 0 3 111 58 0 1 2 4 5 106 110 12 0 0 2 4 3 51 52 1 
9 17 35 7 2 0 0 0 18 30 94 8 0 0 0 4 13 13 82 18 1 5 14 10 0 0 14 14 3 18 21 0 111 68 28 3 0 0 0 6 33 119 119 7 0 0 0 1 3 33 119 105 35 6 0 0 0 0 32 104 119 10 2 0 119 11 0 0 1 5 2 99 119 53 2 1 0 4 7 54 9 10 8 16 95 106 6 2 3 7 14 25 119 47 0 0 83 1 0 0 0 1 4 43 86 0 0 0 0 18 76 109 0 0 0 0 19 119 64 7 4 8 3 2 19 42 5 4 
7 0 0 6 41 1 2 32 58 0 0 25 88 4 4 54 131 1 3 22 2 0 0 82 3 3 17 47 2 0 0 0 25 1 0 23 43 1 1 62 55 2 0 32 131 2 0 22 131 5 1 4 5 0 0 92 35 7 15 33 0 0 0 5 30 28 13 76 44 0 0 6 38 42 69 124 51 0 0 2 131 112 24 19 3 0 0 15 57 22 17 9 0 0 0 2 17 69 55 67 10 0 0 0 27 106 131 91 0 0 0 0 24 115 131 49 0 0 0 0 4 22 58 26 0 0 0 0 
9 70 60 31 0 0 0 0 26 125 125 66 2 0 0 1 15 99 102 59 25 6 1 3 10 5 0 3 10 6 8 38 51 86 22 0 0 0 0 7 125 66 50 30 34 5 0 75 3 1 22 112 125 39 1 5 48 17 11 10 21 16 5 7 33 37 11 13 0 0 0 8 125 9 14 31 14 0 0 125 43 3 28 125 125 13 1 22 41 15 39 72 27 7 0 12 11 3 1 5 0 1 23 50 53 3 6 20 12 2 44 83 28 1 3 11 49 84 46 49 0 0 1 10 29 43 3 2 
7 0 2 1 38 77 18 14 74 48 31 0 5 6 3 43 18 58 88 35 44 21 1 2 0 2 14 66 45 7 0 0 10 25 15 1 14 44 15 10 121 121 7 0 6 4 2 39 64 37 4 4 108 121 7 9 19 9 5 29 62 34 4 9 42 39 12 5 11 12 36 35 106 121 8 1 23 35 41 90 12 8 0 2 121 121 18 7 8 2 0 1 11 35 34 9 5 0 0 1 4 47 102 44 35 0 0 0 4 45 121 121 5 0 0 0 9 73 104 45 0 0 0 0 0 33 50 2 
7 38 61 23 2 0 0 0 3 119 119 9 0 0 0 0 2 108 119 47 11 1 0 0 2 17 82 48 4 0 0 0 92 95 31 9 1 0 1 22 75 104 119 13 6 0 2 42 7 22 53 114 92 3 0 3 21 8 12 46 35 26 13 10 57 5 0 0 6 4 9 114 119 2 1 2 7 5 12 119 35 1 1 40 119 35 1 20 36 29 2 56 102 18 5 3 42 2 0 0 0 0 1 28 119 13 0 0 0 6 8 62 19 2 1 2 16 42 26 28 8 36 10 33 13 3 0 2 
86 70 4 1 0 0 0 9 24 57 35 17 16 4 12 9 1 28 109 25 14 3 41 28 20 27 28 2 0 0 11 54 124 43 7 2 0 0 1 101 80 86 111 7 0 1 10 23 0 27 124 36 6 8 29 2 1 8 24 40 28 12 11 3 124 24 1 0 0 0 4 72 123 11 6 0 1 37 92 92 0 0 10 6 8 122 124 3 0 0 1 10 22 32 124 21 54 22 2 0 0 0 6 38 20 8 3 3 1 31 86 83 0 0 3 4 5 103 74 4 0 0 0 0 0 13 64 14 
0 0 0 47 93 29 0 0 4 0 0 14 37 25 4 15 84 0 0 0 0 0 1 128 82 15 2 0 0 0 0 68 0 0 1 128 87 0 0 0 0 5 22 128 62 1 1 2 94 128 23 10 0 0 1 42 128 126 2 0 0 0 0 39 0 0 1 35 27 11 17 1 0 14 61 128 36 2 0 0 79 128 65 26 0 0 0 0 116 128 2 0 0 0 0 14 0 0 0 1 0 2 21 20 4 4 14 28 2 5 15 16 104 47 9 6 0 1 1 8 71 27 0 0 0 0 0 8 
12 29 12 15 12 0 0 0 22 67 114 12 0 0 1 5 19 12 87 37 1 7 7 26 2 0 5 22 5 9 13 20 114 41 2 6 12 5 5 12 114 85 91 19 0 0 2 20 2 6 112 114 8 0 3 4 0 0 14 114 68 5 2 1 114 5 0 0 0 2 10 51 114 5 0 0 0 2 40 114 1 1 2 19 16 52 114 31 0 0 0 35 114 85 46 0 50 7 0 0 0 0 14 26 24 1 0 0 0 16 114 71 0 0 1 3 3 105 114 7 0 0 0 0 9 52 77 1 
20 74 18 6 3 4 0 0 27 119 85 30 2 0 0 0 0 7 43 119 33 0 0 0 7 7 14 61 8 0 0 1 108 35 5 6 7 7 2 11 119 68 11 9 14 2 3 12 0 4 15 119 103 13 1 1 0 1 11 114 100 14 1 0 77 2 3 3 14 36 18 77 119 1 0 0 2 28 67 119 0 0 0 3 60 119 67 5 0 0 0 11 56 119 50 0 14 1 0 4 8 13 12 39 19 13 1 0 0 29 119 79 0 9 7 6 10 93 67 2 0 0 3 13 15 24 12 0 
16 28 47 8 0 0 0 0 10 48 115 7 0 0 0 2 6 11 115 41 1 7 12 4 0 0 12 29 11 15 13 0 115 71 22 1 0 0 0 17 40 115 115 5 0 0 0 2 2 20 115 89 86 20 0 0 1 4 21 68 115 13 0 0 115 6 0 0 1 3 2 100 115 32 1 1 2 20 16 49 3 4 2 5 109 115 8 0 10 23 22 12 88 38 2 5 78 1 0 0 0 0 10 53 43 0 0 0 0 37 115 84 2 1 0 0 12 115 66 5 13 22 3 0 5 21 5 10 
67 16 8 3 1 0 2 61 10 18 37 51 15 1 5 9 20 61 23 11 1 2 23 29 1 8 12 19 5 2 9 3 127 107 17 1 0 0 3 76 56 70 127 126 0 4 11 14 9 113 127 64 11 6 8 11 0 8 14 88 72 4 0 1 127 92 6 0 0 0 18 83 42 7 13 5 0 17 127 92 2 18 26 16 8 31 127 59 0 1 4 32 78 78 44 7 84 0 0 0 0 0 1 36 42 5 2 0 0 1 14 52 12 28 15 3 6 29 34 18 0 1 3 3 36 59 10 0 
18 83 79 15 0 0 0 0 33 118 118 56 16 0 0 2 28 41 35 35 36 9 17 40 6 3 6 4 4 12 51 40 73 94 13 1 0 0 0 13 118 44 30 71 88 1 1 108 21 3 19 118 118 14 2 5 94 32 39 37 6 3 2 22 50 30 8 7 0 0 14 24 110 6 21 40 15 3 17 118 31 3 13 118 108 50 11 35 36 5 11 28 26 13 18 48 5 0 0 0 0 3 52 39 7 0 1 2 2 4 93 94 3 0 0 0 24 65 60 46 2 0 1 0 6 13 3 2 
8 20 7 19 7 0 0 0 24 109 124 2 0 0 0 1 13 37 124 14 0 0 1 9 2 7 56 39 1 0 1 4 88 29 1 22 26 3 3 6 124 121 63 2 0 0 0 19 14 24 124 41 0 1 2 4 0 0 81 124 8 1 1 1 65 5 0 2 6 6 19 34 124 5 2 0 0 0 21 124 8 5 4 1 0 10 94 58 0 0 2 18 20 62 74 9 39 6 0 1 0 2 14 19 112 4 0 0 0 1 49 80 2 0 0 0 0 54 124 40 0 0 0 0 1 122 83 0 
20 69 68 13 0 0 0 0 12 100 125 11 0 0 0 0 0 91 125 56 21 1 0 0 0 3 81 71 9 1 0 1 94 58 10 4 3 3 5 71 110 50 52 9 6 0 6 93 20 9 31 104 122 4 0 4 13 3 6 49 66 28 17 13 56 1 0 0 1 3 6 102 125 5 0 0 3 9 12 125 37 0 0 15 94 68 15 26 19 31 13 61 102 19 1 2 64 14 0 0 0 0 0 7 124 33 2 2 3 6 16 27 23 9 3 3 6 26 36 24 12 36 12 20 7 2 0 2 
83 78 9 1 0 1 0 3 7 48 65 28 15 12 11 3 11 53 112 20 2 2 19 33 13 23 9 2 0 1 11 41 127 53 19 1 0 0 0 85 34 97 125 5 0 3 22 9 0 14 98 69 16 23 37 1 2 4 6 26 35 19 27 8 127 14 0 0 0 0 13 90 49 9 5 0 5 92 118 49 0 0 4 9 12 127 127 5 1 2 4 7 18 25 118 35 60 14 0 0 0 0 18 71 7 4 3 4 4 71 97 54 0 0 1 2 5 95 63 2 0 0 0 0 0 6 66 19 
8 52 70 18 1 0 0 0 2 118 118 7 0 0 0 0 1 118 118 43 16 2 0 0 3 6 87 42 6 2 1 2 102 101 33 4 1 0 4 26 81 101 99 10 7 0 7 46 10 16 39 113 102 5 0 3 23 5 4 47 54 41 12 12 49 5 0 0 4 5 12 118 118 1 0 1 6 8 21 118 29 0 0 23 104 56 9 23 22 42 15 71 77 13 2 0 47 5 0 0 0 0 1 24 118 21 1 1 1 8 15 43 24 9 2 2 5 37 35 22 21 29 11 12 3 1 1 0 
97 86 6 2 0 0 0 8 19 46 59 21 16 7 8 4 9 20 122 26 11 2 23 41 27 20 20 0 0 0 5 81 130 38 8 1 0 0 0 89 79 69 130 10 0 0 12 20 0 11 130 69 16 5 20 3 2 8 14 26 29 7 12 14 130 31 1 0 0 0 5 68 86 7 5 0 4 49 104 89 0 0 7 17 18 73 130 16 2 2 5 15 39 23 83 32 52 22 1 0 0 0 8 51 15 3 2 4 4 49 86 78 0 0 0 2 2 80 95 8 0 0 0 0 0 3 69 49 
39 16 0 1 76 24 1 1 8 0 0 2 81 24 16 78 101 5 1 5 12 5 10 58 26 7 2 2 45 19 0 11 26 34 2 48 121 40 0 3 13 1 0 26 124 23 8 46 124 15 0 0 1 2 10 92 41 32 11 5 18 8 0 10 57 17 17 124 38 0 2 20 7 44 103 124 73 0 0 2 83 124 124 9 1 0 0 19 25 59 43 34 4 0 0 5 87 9 7 21 0 0 0 28 14 38 124 83 1 2 1 11 0 87 106 9 14 18 5 0 1 6 18 22 16 10 0 0 
0 0 0 5 89 32 1 0 0 0 0 2 102 76 0 0 8 22 3 0 11 12 2 2 64 54 13 0 0 0 0 4 21 0 1 37 102 14 32 44 0 3 11 87 117 9 0 0 93 117 16 7 3 1 0 0 57 117 62 1 0 0 0 1 117 1 5 40 23 7 5 94 17 8 117 117 25 0 0 5 71 117 117 15 0 0 0 0 93 69 17 0 0 0 0 2 116 0 1 1 0 2 0 108 68 7 60 21 0 0 0 46 0 27 91 2 0 0 0 0 14 19 15 0 0 0 0 2 
108 8 3 11 28 8 0 12 15 2 1 9 52 27 18 47 76 2 0 0 28 31 20 28 41 1 0 2 67 7 2 10 114 68 1 3 63 34 0 10 1 0 0 2 114 59 34 70 113 8 0 0 11 8 23 106 50 14 7 4 58 17 6 13 64 43 14 66 42 15 0 19 6 12 54 114 99 16 3 14 114 114 82 13 2 1 4 55 40 56 36 13 7 2 1 6 88 15 8 14 0 0 2 32 20 28 114 114 2 1 2 19 2 112 114 14 7 14 5 0 1 20 38 22 12 4 0 0 
5 19 23 5 1 0 0 1 7 63 115 29 0 0 0 0 77 11 64 87 0 0 0 20 112 10 24 10 0 0 0 69 89 24 3 1 2 0 0 10 129 129 55 31 0 1 2 8 23 23 60 129 61 12 5 10 72 6 3 56 23 7 24 107 105 17 5 13 3 0 0 5 129 13 0 0 0 30 62 79 5 1 0 39 52 129 129 13 4 2 2 24 54 55 35 13 17 3 7 14 3 0 5 7 17 0 0 1 2 54 81 24 0 0 0 0 0 87 80 2 2 0 0 0 6 9 28 25 
3 3 0 0 20 14 0 1 3 0 0 0 61 90 17 10 32 0 1 33 16 16 21 70 35 0 1 14 5 1 1 68 4 0 0 0 40 59 18 1 19 0 0 0 126 126 12 21 126 3 6 39 9 14 5 84 71 4 15 60 3 0 0 34 1 7 15 7 42 57 18 2 20 13 70 109 126 24 9 9 126 60 37 27 6 1 0 31 47 23 14 53 23 3 1 4 61 39 21 2 2 7 6 31 37 63 126 123 0 0 0 13 71 84 126 115 0 0 0 0 19 32 11 55 34 1 0 0 
3 2 6 8 1 10 49 28 2 0 5 8 1 11 82 77 20 6 8 5 0 7 64 51 28 41 16 2 0 0 1 14 1 0 16 34 10 38 78 8 0 0 5 8 4 50 101 33 119 1 0 0 0 5 89 118 119 23 9 11 1 0 0 43 0 0 50 119 3 1 6 3 0 15 119 90 1 3 11 6 119 119 119 5 0 0 1 15 119 69 8 3 1 1 1 10 4 3 25 66 1 0 4 41 3 68 114 26 1 6 8 9 5 119 113 0 0 0 20 32 14 46 10 1 0 0 16 8 
11 6 0 0 0 15 33 45 5 12 0 0 0 86 118 10 10 1 0 0 2 31 118 95 8 0 0 2 35 11 10 46 6 1 0 12 63 61 34 15 0 0 0 10 79 118 118 2 118 3 0 0 2 22 93 118 77 0 0 3 34 21 16 118 10 9 0 16 93 50 2 1 3 2 7 63 118 24 0 0 118 66 0 9 15 3 0 20 102 41 1 4 3 8 4 72 5 3 1 13 69 18 2 0 15 11 12 65 55 7 2 0 89 92 0 13 19 0 0 0 36 66 0 0 10 31 1 0 
12 12 0 0 73 45 0 0 21 0 0 0 101 33 3 46 51 11 0 5 7 1 19 68 55 11 0 0 10 4 0 23 3 11 2 58 111 46 0 1 12 1 1 20 121 27 3 21 121 13 0 0 0 0 11 83 90 24 5 0 12 6 0 27 31 11 20 121 43 0 2 9 4 25 58 121 90 0 0 0 54 121 113 5 0 0 0 16 49 98 48 26 1 0 0 15 62 8 9 40 3 0 0 6 5 38 121 121 6 0 0 1 0 121 121 5 5 8 0 0 0 19 32 24 14 13 0 0 
49 22 10 0 0 6 8 29 18 20 23 2 4 128 39 6 44 2 1 0 0 33 110 88 43 3 2 0 0 0 5 30 32 16 7 2 29 66 56 15 6 0 0 1 7 128 98 14 128 0 0 0 0 23 33 90 128 6 1 0 0 0 0 36 0 2 58 65 73 30 2 0 2 4 128 65 14 15 9 4 128 63 76 3 0 0 1 25 128 15 0 0 0 0 0 29 8 11 79 28 1 0 16 21 0 0 128 51 3 7 44 4 17 49 117 24 6 9 24 6 65 22 2 0 0 0 4 15 
1 1 0 1 36 72 5 0 35 8 1 3 35 44 56 40 15 1 0 4 21 16 114 117 9 0 0 31 71 4 5 24 6 6 1 5 74 76 1 0 0 8 9 2 83 117 21 5 116 23 11 1 16 34 41 117 87 3 0 14 61 1 3 68 0 1 10 61 86 31 0 0 0 21 73 70 67 52 0 0 109 117 54 3 2 0 0 3 108 41 9 22 24 0 0 4 0 8 47 56 8 2 0 0 4 18 117 81 6 1 0 0 14 104 117 18 0 0 0 0 14 62 13 17 29 0 0 0 
10 0 0 0 18 81 16 13 0 0 0 0 11 94 114 3 6 0 0 0 2 28 114 89 11 3 0 0 0 16 40 34 10 0 0 12 114 53 1 38 2 0 0 8 99 108 57 1 84 48 0 0 0 24 54 71 99 22 0 0 2 1 3 47 32 1 2 66 76 2 0 35 16 21 39 114 103 23 8 3 114 114 31 11 1 7 6 7 89 60 0 1 4 5 3 3 39 2 3 26 13 0 0 46 31 14 114 114 2 0 0 23 21 31 106 60 36 3 0 5 54 39 0 2 6 2 0 13 
3 2 0 0 9 28 2 0 10 0 0 0 42 116 39 17 65 0 0 24 75 16 26 44 1 3 2 32 67 7 0 0 0 2 0 17 105 36 1 0 31 0 0 11 105 118 26 21 127 6 5 53 15 5 5 88 13 17 68 127 17 0 0 1 0 0 0 27 119 2 5 8 16 0 0 67 127 8 0 6 127 8 3 5 1 1 0 103 63 9 56 31 0 0 0 11 2 0 0 11 30 3 7 15 1 11 31 109 89 1 0 0 127 127 48 12 1 0 0 8 59 38 23 3 0 0 0 1 
0 0 0 0 42 27 24 7 0 0 0 5 133 133 46 7 83 1 0 0 3 17 37 102 38 3 5 14 2 0 0 13 0 0 0 5 52 9 57 49 0 0 0 71 133 10 4 7 133 8 1 5 22 1 0 46 130 5 6 9 0 0 0 18 32 0 0 0 12 16 46 133 19 10 6 59 133 10 4 44 113 123 29 16 29 0 0 7 109 32 0 0 1 1 1 12 80 14 0 0 0 2 0 21 63 31 22 52 68 1 0 11 29 133 34 11 7 0 0 0 7 26 2 0 3 3 0 0 
0 0 0 22 124 11 2 0 0 0 0 5 57 38 26 7 18 0 0 1 13 27 15 28 114 1 0 0 0 0 0 112 0 0 0 26 124 28 5 2 0 0 0 25 124 29 49 16 63 39 0 5 6 11 30 30 124 100 11 0 0 0 0 38 0 0 0 15 124 48 17 21 3 1 1 50 124 23 2 7 124 54 7 26 3 0 1 15 124 68 28 18 9 1 0 7 1 0 0 22 39 6 22 47 14 5 9 124 59 2 4 8 124 76 15 13 0 0 0 6 113 44 15 26 3 0 0 6 
4 0 0 4 102 44 15 31 0 0 0 5 124 90 12 11 58 2 4 7 15 6 9 120 39 6 20 45 2 0 0 23 12 0 0 7 124 78 24 19 3 0 1 14 124 64 5 26 124 23 3 6 3 1 1 46 124 51 16 23 0 0 0 12 0 0 0 35 124 101 10 0 6 11 32 29 58 39 0 5 124 28 49 16 0 0 0 21 124 32 5 3 0 0 0 17 0 0 0 105 115 1 0 0 14 28 17 24 17 0 0 2 62 39 26 7 0 0 0 4 124 12 2 0 0 0 0 18 
3 4 7 36 6 0 0 2 7 48 74 10 1 1 31 13 31 34 115 7 0 0 20 49 8 5 26 12 1 19 16 32 31 15 2 20 31 6 9 8 129 129 79 5 5 0 0 17 20 55 129 53 0 0 3 7 1 3 112 129 5 0 1 1 32 5 0 0 4 17 30 30 129 12 0 0 0 0 15 129 22 8 7 3 0 11 107 94 0 0 8 38 16 60 109 7 25 7 4 2 0 1 6 10 69 5 0 0 0 0 81 75 2 0 1 1 0 50 129 43 0 0 0 2 1 75 120 0 
62 23 5 6 5 8 1 5 120 85 11 10 9 1 0 3 1 7 11 126 117 2 0 0 3 5 7 95 46 1 0 1 116 2 2 5 17 51 17 54 126 12 0 1 11 9 20 71 1 0 0 28 126 90 23 5 0 0 0 51 126 36 9 0 63 1 0 12 44 17 15 71 81 3 0 0 0 35 126 126 0 0 1 0 19 126 126 5 0 0 0 5 46 75 73 5 13 16 0 1 18 7 1 5 9 46 13 2 1 6 37 17 0 7 13 21 27 23 19 4 2 2 2 12 17 9 8 3 
10 9 17 5 4 2 0 6 31 26 22 4 0 1 9 20 4 6 34 17 3 36 24 3 5 6 1 3 12 28 1 0 64 72 77 4 0 0 0 2 17 127 127 8 0 0 0 0 0 25 127 127 80 3 2 0 42 14 10 60 69 4 0 5 127 36 4 1 0 0 0 47 122 91 22 6 3 1 0 18 6 8 20 58 127 25 0 0 15 55 22 42 117 2 0 4 74 1 0 1 2 5 3 96 125 5 0 0 4 18 12 97 3 1 0 3 121 110 8 3 8 20 2 6 41 19 4 13 
2 0 0 0 0 19 12 2 6 0 0 0 0 33 80 21 119 0 0 0 0 18 67 110 59 0 0 0 0 5 7 37 0 0 0 0 0 141 31 0 9 1 0 0 0 102 141 7 141 2 0 0 0 27 46 87 126 0 0 0 0 2 16 47 0 0 0 0 1 141 22 0 52 40 0 0 0 41 61 6 141 47 0 0 0 6 15 33 98 1 0 0 0 40 101 51 2 23 1 0 0 31 6 0 39 100 1 0 0 6 2 1 85 29 0 0 0 29 61 28 40 1 0 0 0 48 75 24 
125 0 0 0 0 0 0 44 96 65 9 0 1 2 0 23 1 78 83 10 0 0 0 0 0 4 41 30 7 7 0 0 153 0 0 0 1 2 1 60 153 126 1 0 0 1 1 32 14 70 26 12 13 51 5 0 0 11 13 15 57 75 0 0 153 0 0 0 3 4 0 23 153 20 0 0 0 24 25 46 9 10 0 0 8 112 30 2 3 72 18 1 15 34 0 0 114 0 0 0 0 2 0 25 153 8 0 0 0 5 12 114 27 22 1 0 9 13 10 9 29 47 1 0 1 0 0 3 
9 1 0 17 61 37 1 0 79 11 0 7 15 20 84 54 6 0 0 24 39 11 113 97 15 0 0 55 57 2 3 18 2 16 0 4 60 90 2 0 3 13 5 5 94 116 56 18 82 16 6 2 12 23 75 116 60 2 0 34 56 2 5 70 0 2 3 45 83 50 0 0 0 30 54 36 67 81 0 0 116 107 41 2 2 1 0 14 106 47 2 31 21 0 0 13 0 13 40 60 12 2 0 0 3 35 116 69 7 0 0 0 19 106 116 12 0 0 0 0 20 77 11 15 21 0 0 0 
24 0 0 0 19 69 13 15 0 0 0 0 19 109 117 13 6 0 0 0 3 31 117 68 10 2 0 0 0 10 43 65 23 0 0 10 108 38 7 28 2 1 0 12 117 111 41 2 63 81 0 0 0 28 62 36 83 49 0 0 0 2 4 48 61 2 5 70 62 2 0 28 12 26 75 117 86 16 6 1 87 117 53 18 1 12 5 4 59 90 3 0 1 15 0 2 64 3 3 16 14 0 0 49 38 12 109 106 8 1 0 17 21 21 71 56 72 14 0 6 61 43 2 0 5 2 0 10 
113 0 0 0 0 0 1 37 133 59 7 0 0 0 0 26 1 83 79 9 0 0 0 0 0 2 44 36 5 4 0 0 156 0 0 0 1 3 0 47 156 114 0 0 0 1 1 35 19 77 21 9 6 47 9 0 0 6 12 19 47 79 1 0 156 2 0 0 3 5 0 17 156 21 0 0 0 17 26 54 14 10 0 0 6 96 41 5 2 60 17 1 15 40 1 0 93 1 0 0 0 1 0 20 156 6 0 0 0 1 10 121 30 21 0 1 8 10 16 15 27 45 2 0 1 0 0 3 
7 0 0 0 0 14 40 139 1 0 0 0 6 139 109 40 12 0 0 0 2 50 139 132 8 0 0 0 3 61 38 12 53 1 0 0 1 43 46 139 16 0 0 0 7 139 85 52 139 1 0 0 5 20 19 127 59 13 3 10 23 19 5 16 35 9 1 1 35 44 6 5 58 3 1 1 22 47 13 20 139 30 0 0 0 0 0 13 57 24 9 4 1 0 0 1 5 2 0 0 32 36 0 2 64 14 0 0 9 12 0 12 139 35 0 0 0 0 0 4 32 3 0 0 0 0 1 7 
16 49 9 0 0 0 0 0 9 117 112 12 0 0 0 0 0 50 117 20 0 0 0 0 0 14 33 21 1 0 0 0 117 93 2 0 0 0 0 6 117 117 70 72 7 0 0 19 0 3 117 116 8 0 0 0 0 0 57 91 11 0 0 0 90 36 25 10 0 0 0 46 117 10 2 14 11 15 11 117 6 0 9 37 32 40 58 14 0 0 3 29 49 9 7 5 10 16 69 107 0 0 0 4 83 16 40 43 5 54 44 48 13 4 24 12 5 76 105 67 9 0 1 1 13 13 14 54 
53 32 0 0 0 0 0 2 43 75 13 0 0 0 0 2 1 15 26 26 51 26 0 0 19 6 3 12 38 53 6 11 90 8 0 0 0 0 1 69 122 61 2 0 0 0 0 25 10 42 27 90 43 48 7 1 46 14 28 122 52 45 19 16 77 3 0 0 0 0 11 122 122 59 0 0 0 33 122 114 2 24 3 3 5 122 117 6 72 26 0 12 16 94 55 25 4 0 0 0 0 0 17 57 4 0 0 0 0 14 122 81 0 0 0 0 0 54 122 22 64 10 0 0 0 11 16 42 
0 0 0 28 125 8 2 1 1 0 0 7 45 38 20 4 21 2 0 2 14 22 14 31 103 8 0 0 0 0 0 93 0 0 0 60 125 15 4 0 0 0 1 29 124 35 64 4 98 37 0 5 7 12 27 29 121 106 14 3 2 0 0 27 0 0 0 27 125 40 12 5 3 0 3 58 125 10 4 5 125 42 10 25 1 0 2 16 125 55 18 34 7 1 0 6 0 0 0 18 51 13 32 21 13 2 11 125 69 3 5 8 125 49 19 16 0 0 0 11 125 29 7 11 0 0 0 27 
0 0 0 12 114 38 15 22 0 0 0 10 125 82 14 9 54 7 1 8 16 6 12 119 50 13 26 25 0 0 0 26 11 1 0 4 125 67 27 28 2 0 1 12 125 65 7 25 125 26 1 7 3 1 2 45 125 57 13 8 0 0 0 15 1 0 0 23 118 123 12 2 8 11 34 24 75 43 0 5 125 34 59 9 0 0 0 21 125 25 3 1 0 0 0 26 0 0 1 74 109 5 0 0 18 26 20 18 13 1 0 2 59 36 26 6 0 0 0 7 125 14 1 0 0 0 0 19 
48 59 37 4 0 0 0 0 2 89 114 9 0 0 0 0 14 46 74 60 0 0 0 0 25 40 5 5 18 16 0 1 116 32 22 2 0 0 0 55 73 99 82 8 0 0 0 25 34 26 49 116 115 19 2 6 11 3 1 10 80 63 16 12 97 2 2 2 1 1 13 113 56 6 3 0 0 0 89 116 17 1 0 2 116 114 86 51 0 0 0 0 66 89 28 0 2 1 5 3 1 2 10 27 0 1 3 5 0 0 93 96 0 9 3 0 16 46 116 32 0 6 9 0 13 19 9 0 
9 19 14 1 5 22 3 0 3 34 117 11 4 4 1 1 0 1 117 55 1 2 4 2 4 3 15 23 8 2 3 3 109 64 18 0 0 2 0 13 117 76 117 49 7 0 0 27 0 0 117 117 35 11 5 0 0 0 7 117 74 6 4 0 97 47 15 4 0 0 0 18 117 7 8 18 17 17 41 117 0 0 0 24 82 117 58 14 0 0 0 57 99 61 45 0 92 10 5 7 8 2 1 11 9 2 5 12 52 25 50 41 0 0 0 0 11 117 62 13 0 0 0 0 15 59 30 0 
8 52 7 6 4 0 0 0 23 119 50 19 7 0 0 0 0 17 75 112 25 0 0 0 0 3 37 52 3 0 0 0 119 58 1 1 1 0 1 19 119 119 31 18 2 0 0 8 1 28 116 103 63 21 2 0 0 9 44 65 79 10 0 0 119 2 1 2 4 1 0 63 119 30 2 0 0 50 64 119 13 22 7 9 43 119 102 12 17 30 28 3 32 50 41 5 15 2 20 9 0 0 0 22 19 0 3 6 0 33 92 84 5 0 0 0 0 43 99 37 2 0 0 0 0 48 61 4 
