0 0 0 12 44 22 27 2 0 0 0 66 79 46 122 16 104 31 4 39 47 16 20 14 75 25 0 25 47 0 0 3 0 0 0 45 82 27 18 3 0 0 0 120 123 46 73 11 123 12 0 4 11 11 33 47 123 11 0 51 52 0 0 13 0 0 0 4 49 75 16 3 0 0 0 44 123 104 2 0 123 0 0 6 26 3 0 58 123 1 0 21 10 0 0 44 0 0 0 6 29 16 26 8 0 0 0 74 84 11 8 4 98 2 0 29 12 2 0 26 123 1 0 0 0 0 0 39 
9 0 0 2 87 10 0 6 5 0 0 3 129 31 0 4 77 15 2 1 3 1 0 40 41 12 22 17 0 0 0 9 51 0 0 0 122 32 0 21 18 3 0 7 129 54 0 1 120 129 11 0 4 0 0 11 52 88 23 6 0 0 0 3 67 2 0 0 114 88 3 9 23 15 50 38 129 59 0 3 129 58 45 19 0 0 0 47 52 41 34 6 0 0 0 4 20 1 0 3 78 74 0 3 113 30 50 25 22 24 0 38 103 45 112 48 0 0 0 16 40 12 5 3 2 0 0 2 
0 0 0 9 27 12 31 3 0 0 0 106 75 31 95 17 30 8 3 70 57 25 46 27 99 23 2 2 7 0 3 40 0 0 0 50 97 22 37 4 0 0 0 106 120 44 120 39 102 22 4 23 37 24 92 32 120 62 5 13 20 0 0 9 0 0 0 10 43 81 34 1 0 0 0 67 120 100 14 0 120 0 0 8 27 5 6 34 120 2 0 8 4 0 0 44 0 0 0 11 28 17 29 11 0 0 0 75 67 20 9 4 55 1 2 34 9 3 0 18 120 1 0 0 0 0 0 53 
9 0 0 0 93 25 0 3 3 0 0 0 121 50 0 3 57 18 3 0 2 1 0 36 40 13 19 23 0 0 0 10 30 2 0 1 121 114 1 7 15 3 8 14 121 80 0 1 114 102 36 1 1 0 0 13 51 79 45 8 0 0 0 5 19 4 1 7 83 121 8 6 64 38 102 83 27 30 5 15 121 58 87 70 0 0 0 30 58 40 55 11 0 0 0 4 10 7 30 30 67 13 0 3 121 41 66 33 1 0 0 49 79 32 92 69 0 0 0 18 30 13 9 5 1 0 0 0 
115 24 0 0 0 0 0 9 111 16 0 0 28 115 14 20 71 0 0 0 24 99 33 49 79 0 0 0 0 5 7 32 115 3 0 0 0 4 12 41 51 0 0 0 9 115 50 35 115 3 0 0 7 89 11 57 98 0 0 0 0 24 51 61 31 30 50 14 3 6 9 13 12 12 19 23 11 74 19 7 103 52 5 0 0 10 12 16 63 43 1 0 0 5 44 32 0 30 105 65 5 0 0 0 1 15 115 115 8 0 0 0 8 101 113 8 0 0 2 1 9 115 44 0 0 0 1 1 
87 12 0 0 2 70 7 5 116 19 0 0 24 86 11 13 70 0 0 0 17 84 19 66 35 0 0 0 0 9 11 18 116 8 0 0 0 14 6 22 114 7 0 0 29 116 41 40 116 1 0 0 16 85 26 81 79 0 0 0 0 19 47 50 39 22 29 3 0 1 7 16 31 18 17 17 12 89 25 17 115 56 5 0 1 16 22 27 105 72 1 0 0 2 25 20 0 51 113 26 0 0 0 0 2 31 116 105 3 0 0 0 10 116 85 4 0 0 0 0 11 93 19 0 0 0 0 0 
0 0 0 26 76 16 36 7 1 0 0 51 76 32 119 26 133 42 2 21 27 8 10 12 35 12 0 37 89 0 0 0 0 0 0 48 97 41 20 1 14 0 0 83 133 34 39 15 133 13 0 3 7 2 11 48 59 5 0 80 98 0 0 5 0 0 0 6 77 70 12 4 9 0 0 31 133 66 0 1 133 0 0 2 8 0 0 76 91 0 0 55 35 0 0 21 0 0 0 13 33 7 24 12 0 0 0 73 69 6 6 4 133 2 0 16 6 0 0 41 104 1 0 5 2 0 0 25 
27 0 0 2 42 5 0 17 1 0 0 7 143 33 0 2 69 10 2 0 19 3 0 36 42 12 15 23 0 0 0 13 106 0 0 0 60 12 0 41 5 0 0 4 143 54 0 0 103 83 3 0 25 1 0 10 77 77 16 8 0 0 0 8 140 4 0 0 67 41 1 18 8 4 18 21 143 79 0 1 143 58 28 13 7 0 0 31 64 71 31 4 0 0 0 6 55 5 0 0 59 59 0 0 75 17 36 21 65 60 0 20 130 31 105 62 0 0 0 18 76 13 10 4 0 0 0 5 
0 4 29 38 51 65 6 0 1 4 29 49 19 50 63 6 27 22 34 33 11 2 6 2 110 47 35 0 0 0 0 10 0 0 6 29 130 88 7 2 6 1 17 32 22 30 21 28 94 28 32 2 0 0 10 100 130 64 78 0 0 0 0 70 11 13 41 79 36 17 4 2 19 52 130 113 2 0 0 2 46 49 130 94 7 0 1 27 130 47 21 20 2 0 0 48 11 6 10 18 2 3 23 33 62 39 54 6 0 0 14 64 14 24 59 86 38 17 33 23 85 55 9 31 13 0 0 0 
28 0 0 0 0 34 117 41 28 1 0 0 0 128 127 52 49 41 5 0 0 70 128 31 16 48 13 5 5 5 46 23 45 10 4 1 0 20 59 47 34 0 0 0 21 128 70 36 128 52 5 0 3 18 23 121 46 40 15 15 48 46 21 38 38 50 22 30 33 4 3 4 12 15 17 25 32 27 6 4 128 87 3 0 1 2 17 84 43 14 0 0 12 55 50 42 56 26 34 34 10 0 1 23 4 38 128 68 7 0 0 0 40 70 84 17 4 4 7 11 18 25 1 7 18 11 8 7 
0 0 0 25 72 37 28 3 39 6 0 25 70 30 50 36 128 32 6 23 24 3 3 36 2 1 2 89 61 7 4 0 0 0 4 32 61 35 38 4 46 1 3 62 88 11 5 21 128 4 3 18 5 0 0 113 29 3 10 128 23 0 0 6 0 12 64 80 9 1 5 1 7 24 128 112 23 0 2 1 128 127 128 14 0 0 0 19 43 28 26 31 0 0 0 2 6 50 32 3 0 0 0 0 2 53 128 12 0 0 0 0 5 55 128 8 0 0 0 0 1 10 35 18 0 0 0 0 
76 87 0 0 0 0 0 6 64 34 0 0 0 19 28 12 36 0 0 0 0 10 52 77 13 0 0 0 0 0 6 23 39 122 7 0 0 60 33 2 14 12 0 0 0 122 106 4 122 5 0 0 0 54 110 122 64 0 0 0 0 0 10 116 3 14 12 7 14 122 89 2 15 57 29 2 4 122 28 1 122 74 21 1 2 3 3 51 87 4 0 0 0 0 18 112 0 56 36 40 27 4 1 0 2 84 102 28 11 0 0 0 42 32 33 18 11 0 0 4 38 5 0 0 0 0 6 20 
0 0 0 13 49 24 29 5 5 0 0 42 106 38 94 26 121 35 3 15 24 5 21 47 14 6 2 24 53 22 35 8 0 0 1 12 38 47 50 15 16 0 0 48 129 46 21 12 129 14 3 15 13 1 6 87 46 3 3 129 82 1 1 11 1 1 26 82 9 4 15 2 2 2 49 129 60 10 13 2 129 40 44 26 8 0 0 51 106 14 4 79 12 0 0 17 2 25 32 16 0 0 0 0 0 36 129 74 0 0 0 0 38 78 129 37 0 0 0 0 28 36 30 8 0 0 0 0 
89 0 0 0 3 4 1 36 5 0 0 0 37 121 48 26 2 0 0 0 3 37 91 121 1 0 0 0 0 4 58 46 121 18 0 0 31 25 1 17 17 0 0 0 121 121 6 11 72 26 10 2 10 22 20 121 40 1 3 1 0 2 36 111 61 34 12 10 45 98 18 11 24 32 9 25 121 121 6 3 108 93 40 11 3 0 0 9 38 4 19 14 2 1 0 50 12 8 14 20 75 40 6 3 76 52 53 80 9 10 3 3 55 77 64 25 0 0 0 0 3 2 15 43 7 0 0 5 
0 0 0 3 25 17 19 20 19 1 0 43 131 44 31 21 131 19 5 25 50 5 9 38 2 0 2 42 75 8 13 11 1 0 2 12 18 15 27 30 25 0 0 38 131 43 10 9 131 2 1 38 52 0 0 85 25 1 5 131 109 0 0 6 19 1 9 47 12 3 1 7 4 0 4 118 81 22 12 1 131 9 5 31 30 1 0 63 75 5 5 131 44 0 0 12 23 9 5 9 1 0 0 2 1 15 58 120 12 1 0 0 114 58 99 51 4 0 0 4 53 21 6 23 2 0 0 2 
46 0 0 0 7 5 4 59 6 0 0 0 119 121 30 23 29 1 0 0 9 25 68 132 5 0 0 0 2 15 20 21 132 0 0 0 31 6 5 70 51 3 0 0 132 94 1 11 127 26 15 0 18 9 0 64 38 2 1 0 16 7 3 47 132 10 1 4 40 23 1 21 64 23 0 2 132 78 0 4 132 86 18 7 9 0 0 7 13 8 8 14 11 1 2 26 67 23 10 7 33 32 0 3 68 28 27 27 89 49 2 4 93 92 24 18 0 0 0 1 0 3 9 47 2 0 0 2 
4 0 0 0 0 57 120 20 15 0 0 0 2 120 120 65 118 39 1 1 2 83 91 48 19 24 1 4 21 15 18 9 16 6 1 0 0 25 84 32 37 9 4 1 25 96 54 52 120 17 0 0 10 39 10 120 27 7 0 6 59 72 19 50 78 19 2 3 0 3 12 14 48 27 42 67 52 8 0 5 120 72 39 9 5 4 6 62 44 9 5 11 26 35 11 33 66 20 4 0 0 0 0 14 119 60 97 31 2 0 0 16 14 46 120 34 24 10 3 4 13 8 5 9 11 20 22 6 
2 0 0 6 33 11 9 3 0 0 0 53 117 31 96 17 118 32 0 33 54 7 20 26 34 8 0 22 86 19 4 4 0 0 0 13 40 29 20 7 5 0 0 92 131 53 54 16 131 22 0 13 30 5 26 52 59 10 0 92 129 0 0 5 0 0 0 0 30 38 37 23 4 0 0 36 131 80 5 1 131 1 0 9 32 5 0 70 98 1 0 87 62 0 0 22 2 1 0 11 12 6 16 8 0 0 0 55 75 19 15 5 131 6 1 24 21 1 0 32 112 2 0 15 6 0 0 20 
46 0 0 0 49 5 0 33 9 0 0 3 139 32 0 7 89 19 10 3 11 2 0 27 29 8 13 5 0 0 1 13 139 0 0 0 68 11 0 53 29 6 0 5 139 43 0 3 139 110 5 0 15 0 0 12 30 40 30 31 0 0 0 2 139 7 1 0 59 42 1 22 44 10 31 41 139 73 0 7 139 89 36 16 3 0 0 27 17 38 25 20 0 0 0 0 39 28 6 6 66 30 0 0 99 23 38 30 54 37 0 28 128 39 76 32 0 0 0 14 20 4 3 6 5 0 0 0 
1 0 0 1 27 76 30 3 13 5 1 18 10 10 46 15 62 52 74 6 3 0 1 21 86 37 63 2 0 0 0 17 2 1 15 36 72 26 0 3 11 6 15 6 0 0 16 36 126 20 19 0 0 0 9 126 120 49 36 2 0 0 0 76 10 22 79 105 11 3 0 1 1 108 126 58 0 0 0 1 79 59 126 89 7 0 0 25 126 43 6 4 0 0 0 34 34 14 29 19 0 0 0 13 50 86 79 16 6 4 7 38 14 21 53 114 65 11 9 2 102 43 9 9 4 0 0 1 
57 1 0 0 0 17 89 39 29 2 0 0 0 85 122 45 7 6 0 0 0 40 127 38 8 16 5 0 0 2 101 37 77 4 1 0 0 27 68 56 19 0 0 0 10 127 123 19 127 85 6 0 0 26 71 63 52 115 61 11 10 4 11 22 3 19 8 14 37 16 13 6 14 5 0 0 19 37 11 7 127 48 0 0 0 1 1 115 78 13 3 2 7 41 51 94 0 2 25 73 32 3 1 0 13 31 71 26 0 4 2 1 82 99 15 3 0 1 10 20 31 19 1 0 0 12 31 13 
0 0 0 40 61 39 31 4 4 0 0 42 68 29 84 28 125 39 0 6 7 3 16 35 46 24 2 38 31 0 0 4 0 0 0 30 60 49 35 5 5 0 1 65 84 29 5 3 125 4 1 10 3 0 0 99 116 2 1 40 10 0 0 42 0 5 48 101 11 5 17 3 0 5 125 107 30 9 5 0 125 82 125 33 0 0 0 22 125 58 13 1 0 0 0 19 0 40 55 14 0 0 0 0 0 42 125 31 0 0 0 0 10 63 125 22 0 0 0 0 12 43 62 5 0 0 0 0 
6 91 10 0 0 7 17 2 8 23 0 0 0 80 80 4 30 0 0 0 0 31 120 86 57 0 0 0 0 0 7 53 2 7 3 0 3 88 120 20 4 7 0 0 0 120 120 4 120 14 1 0 0 31 76 101 120 0 0 0 0 0 5 103 0 37 35 22 78 22 26 2 4 76 58 13 5 11 10 0 120 82 30 10 4 0 0 13 120 17 0 0 0 0 1 85 0 63 48 27 66 0 0 0 0 57 75 62 11 0 0 0 39 61 17 19 18 1 0 2 46 15 0 0 0 0 1 30 
86 7 0 0 15 86 7 4 119 11 0 0 42 81 14 13 100 0 0 0 28 68 19 61 33 0 0 0 0 11 15 18 119 6 0 0 3 25 7 18 119 5 0 0 51 119 34 39 119 1 0 0 28 69 35 80 98 0 0 0 0 13 38 44 44 11 7 0 0 0 6 18 46 13 7 7 18 95 21 27 119 55 1 0 5 16 19 31 119 72 0 0 0 0 15 19 2 61 77 9 0 0 0 0 5 45 115 75 3 2 1 0 22 119 49 3 0 0 0 0 18 92 7 0 0 0 0 0 
0 0 1 1 9 12 0 0 27 9 3 1 0 0 0 1 48 65 70 0 0 0 0 2 4 68 64 0 0 0 0 0 2 5 88 36 3 2 0 0 47 4 30 36 0 0 0 6 138 36 36 1 0 0 0 50 59 36 117 14 0 0 0 5 74 25 138 62 0 0 0 20 15 9 138 138 0 0 0 2 138 41 84 59 0 0 0 33 138 24 9 4 0 0 0 4 89 5 6 2 0 0 0 83 43 9 77 91 0 0 0 32 37 37 138 77 0 0 0 0 35 28 12 0 0 0 0 0 
43 0 0 0 0 0 10 72 39 0 0 0 0 47 63 21 20 0 0 0 0 56 133 28 43 0 0 0 0 0 18 27 51 0 0 0 0 19 53 133 15 0 0 0 0 133 133 27 133 23 0 0 0 102 118 45 133 16 0 0 0 16 8 18 6 0 0 0 0 19 50 36 18 2 0 0 0 57 55 5 133 77 0 0 0 5 7 27 105 18 0 0 5 112 21 28 1 1 4 0 0 1 4 0 19 2 7 1 0 0 2 4 133 6 0 0 0 7 21 58 17 0 0 0 1 98 54 21 
100 23 0 0 0 6 7 8 117 31 0 0 1 79 19 19 30 0 0 0 1 90 57 55 34 0 0 0 0 1 3 25 117 11 3 0 0 1 9 32 70 5 0 0 2 117 96 45 117 1 0 0 1 91 37 84 85 0 0 0 0 9 46 52 15 15 117 51 4 2 6 9 10 15 48 74 15 45 34 8 110 50 19 1 0 8 20 36 72 33 4 0 0 4 59 45 0 1 77 64 2 0 1 0 0 8 117 117 2 2 3 0 3 67 117 11 0 0 2 4 12 76 58 1 0 0 1 1 
1 1 2 1 0 0 0 0 50 6 2 0 0 0 0 10 139 56 26 0 0 0 0 38 28 35 68 0 0 0 0 4 2 7 62 12 0 0 0 0 37 3 24 16 0 0 0 8 139 4 2 0 0 0 0 76 139 12 7 0 0 0 0 13 9 40 139 51 0 0 0 1 5 6 139 139 0 0 0 1 139 67 139 22 0 0 0 30 139 36 4 0 0 0 0 4 36 18 30 4 0 0 0 47 11 7 134 50 0 0 0 9 10 32 139 23 0 0 0 0 21 29 18 0 0 0 0 0 
39 0 0 0 0 7 25 30 2 0 0 0 0 34 127 5 10 0 0 0 0 20 136 37 25 0 0 0 0 0 14 30 22 0 0 0 0 75 136 60 2 0 0 0 0 136 136 3 136 5 0 0 0 52 136 78 136 4 0 0 0 0 4 29 1 0 0 0 0 34 74 10 19 5 0 0 0 25 41 4 136 89 0 0 0 2 3 14 136 25 0 0 0 21 12 19 2 0 0 0 0 0 2 0 29 3 0 0 0 0 3 6 136 22 0 0 0 0 4 67 40 1 0 0 0 43 32 37 
11 0 0 0 0 40 126 32 47 0 0 0 2 126 113 80 126 45 3 0 5 72 83 48 19 19 4 2 17 18 15 10 25 8 1 0 0 10 47 25 53 13 5 1 28 69 43 44 126 21 2 0 15 30 21 126 28 5 2 4 70 65 31 27 93 22 1 3 1 3 8 10 58 31 31 66 65 9 0 5 126 62 23 7 4 5 13 72 27 4 9 6 34 59 21 26 71 27 5 0 0 0 0 11 112 54 106 46 4 0 0 9 29 43 107 36 16 5 3 8 14 8 9 16 18 11 6 9 
17 37 7 2 0 0 0 0 24 112 108 8 0 0 0 0 0 54 125 30 0 0 0 0 2 51 41 2 0 0 0 0 91 30 13 4 2 1 0 8 125 114 74 20 0 0 0 28 8 24 102 125 58 0 1 5 14 38 44 20 16 12 9 12 59 2 2 3 4 3 3 25 125 4 1 2 0 0 62 125 6 1 1 22 93 103 125 56 8 2 0 4 28 105 90 18 10 0 0 0 0 0 0 15 6 3 9 4 0 0 49 82 0 3 13 2 0 42 125 35 0 0 0 1 1 34 31 1 
25 53 5 0 0 0 0 0 22 122 112 5 0 0 0 0 0 31 122 41 0 0 0 0 2 56 32 7 0 0 0 0 122 32 7 4 4 0 0 13 122 108 62 7 0 0 1 23 1 8 98 101 51 2 2 1 32 29 22 25 37 8 10 14 91 2 2 6 12 3 2 39 122 5 1 0 0 1 78 122 2 1 2 16 60 95 122 28 10 0 0 5 58 94 65 19 7 1 1 3 0 0 1 10 9 1 5 3 0 0 85 99 0 1 5 0 0 52 122 31 0 0 0 0 1 44 36 2 
1 1 3 0 0 0 0 0 59 1 1 0 0 0 0 17 141 8 1 0 0 0 0 68 73 12 2 0 0 0 0 13 1 4 41 14 0 0 0 0 38 4 19 5 0 0 0 12 141 5 2 0 0 0 0 78 141 10 0 0 0 0 0 13 0 30 141 84 0 0 0 0 3 8 141 83 0 0 0 1 141 89 141 3 0 0 0 26 141 44 3 0 0 0 0 6 6 30 61 14 0 0 0 1 1 4 141 36 0 0 0 0 6 41 141 8 0 0 0 0 19 38 18 0 0 0 0 0 
1 0 0 0 0 18 56 6 0 0 0 0 0 31 134 4 7 0 0 0 0 18 134 43 24 0 0 0 0 0 13 37 0 0 0 0 0 109 134 6 2 0 0 0 0 134 134 4 134 0 0 0 0 41 134 107 134 0 0 0 0 0 3 48 0 0 0 0 0 48 74 1 13 1 0 0 0 26 40 5 134 45 0 0 0 1 3 24 134 21 0 0 0 0 2 21 3 0 0 0 0 0 2 1 23 4 0 0 0 0 1 4 134 44 0 0 0 0 0 41 71 9 0 0 0 1 6 50 
0 0 0 6 14 122 84 9 0 0 0 26 29 28 106 67 16 6 0 12 45 59 71 39 61 27 3 2 0 3 22 32 0 0 0 0 3 122 96 12 0 0 1 3 8 16 122 122 108 15 0 0 26 52 122 87 122 65 6 5 0 0 0 50 0 3 32 9 5 4 10 3 2 1 16 14 9 3 10 12 122 21 1 1 6 4 11 45 122 23 0 0 0 0 0 107 0 3 33 7 2 12 7 0 0 7 31 22 16 9 1 0 73 94 25 4 2 0 0 1 122 85 0 0 0 0 0 6 
3 1 1 12 9 25 41 4 36 47 21 11 8 4 9 21 76 86 118 0 0 0 0 45 80 42 18 1 6 0 0 14 6 3 8 4 2 7 17 14 28 20 20 0 0 0 34 73 131 34 21 0 0 0 3 131 98 51 6 9 23 1 0 23 2 85 125 45 0 0 0 0 2 131 131 53 4 0 0 2 131 85 105 60 6 0 0 31 131 20 0 6 9 10 1 18 35 58 44 5 0 0 2 33 12 64 46 40 21 21 30 23 43 42 24 77 32 9 4 1 72 39 0 7 4 5 0 2 
44 3 1 0 0 8 95 48 26 5 12 2 0 14 72 82 0 6 22 6 2 6 131 53 0 7 14 13 5 2 43 41 131 6 0 0 0 22 67 59 33 2 0 0 1 131 131 35 65 55 8 0 0 19 131 120 13 49 25 2 0 0 53 99 9 14 9 6 19 17 24 24 43 2 0 0 17 53 29 14 131 124 14 0 0 0 4 71 26 60 43 25 32 14 6 17 0 3 2 18 48 8 5 0 23 22 2 4 4 9 5 4 131 57 0 0 0 1 10 85 26 0 0 0 8 43 41 34 
6 0 0 0 9 25 13 6 4 5 0 1 13 26 7 4 123 20 0 0 0 0 3 28 123 63 6 0 0 0 0 68 3 0 6 18 6 10 16 4 8 28 10 0 3 11 9 1 69 123 28 0 0 1 6 32 123 67 5 0 0 0 13 123 1 0 123 123 5 0 0 0 41 63 123 82 1 1 3 5 68 123 46 17 0 2 9 79 36 59 14 0 0 11 51 31 0 0 105 45 2 6 0 0 1 2 116 123 6 11 4 1 22 23 68 104 1 4 7 38 32 46 21 0 0 2 5 10 
0 0 0 2 36 130 39 9 0 0 0 19 48 99 97 45 9 0 0 23 44 39 42 45 42 6 0 8 4 9 35 31 0 0 0 0 7 130 130 12 0 0 0 1 7 65 109 130 57 17 0 0 51 69 93 123 130 86 4 9 5 7 3 15 0 1 4 5 11 13 23 2 2 2 6 10 8 4 18 28 130 5 1 3 6 3 44 63 130 22 3 6 0 0 0 51 0 2 37 14 3 2 1 0 1 1 18 27 13 5 1 2 93 43 2 3 5 2 0 8 130 29 0 0 0 0 0 24 
0 0 0 0 62 64 49 21 12 1 5 1 83 114 3 7 25 5 30 25 3 5 8 34 109 6 7 1 9 2 5 84 0 0 0 0 43 85 65 11 66 0 2 0 52 61 6 29 143 23 143 81 1 0 0 80 71 66 122 39 22 1 1 21 0 0 0 0 35 62 5 0 43 2 0 2 11 18 1 11 143 21 40 18 0 0 0 124 56 59 89 46 19 0 0 7 2 0 0 0 11 18 0 0 31 18 6 5 1 0 0 1 143 92 1 0 0 0 0 8 73 20 4 3 4 0 0 2 
8 7 0 0 0 0 0 0 52 26 0 0 0 0 1 36 172 2 0 0 0 0 1 172 97 0 0 0 0 0 0 23 11 53 2 0 3 1 0 0 14 36 2 0 11 21 6 12 172 16 0 0 0 0 3 51 172 8 0 0 0 0 2 11 15 66 2 1 27 9 0 0 19 11 2 3 42 27 2 7 172 40 0 0 0 0 1 43 151 5 0 0 0 0 2 45 5 21 7 23 18 0 0 0 9 13 30 34 19 1 0 0 172 16 3 0 1 0 0 54 111 0 0 0 0 1 3 49 
10 88 7 0 0 0 0 0 25 122 99 25 1 0 0 8 17 17 42 37 1 0 17 51 14 0 3 14 0 0 19 104 122 122 11 0 0 0 0 14 61 122 120 87 2 0 0 4 0 1 122 122 1 0 0 1 12 2 57 99 1 0 0 34 122 105 22 0 0 0 0 22 113 11 9 3 0 0 4 56 0 0 33 78 11 1 9 13 0 0 31 113 34 9 2 0 32 25 8 0 0 0 6 38 20 0 0 0 0 0 30 117 0 0 0 0 8 5 62 32 0 0 0 20 48 15 20 4 
23 26 4 0 0 0 23 60 11 52 39 4 0 11 51 26 1 25 83 8 0 5 49 21 5 18 48 0 0 0 24 30 129 125 13 1 0 0 0 8 46 129 129 24 0 0 0 2 0 78 129 14 0 0 2 0 0 17 114 52 13 2 0 0 129 26 0 0 0 0 1 129 85 35 20 0 0 0 13 129 0 5 17 4 0 8 41 9 0 0 5 34 19 32 18 1 57 56 1 0 0 0 0 54 103 18 0 0 0 0 31 129 0 0 0 0 0 20 111 41 0 0 0 0 0 56 61 0 
38 2 0 0 27 44 9 10 129 50 8 2 0 0 0 13 7 45 25 22 17 0 0 0 0 0 0 48 57 0 0 0 73 14 0 5 48 24 2 15 129 20 0 0 2 0 0 48 24 7 0 6 38 9 0 3 0 0 0 16 110 39 0 0 41 6 0 5 43 32 17 61 129 28 0 0 0 5 42 129 21 0 0 0 12 129 96 31 0 0 0 0 35 125 93 14 4 0 0 0 9 51 29 36 12 0 0 0 0 8 129 129 0 0 0 0 0 129 129 37 5 0 0 0 0 35 68 68 
55 36 0 0 0 0 0 1 75 146 37 19 4 0 0 0 10 20 37 111 34 2 0 4 12 1 2 14 3 0 1 51 145 13 12 16 0 0 0 19 146 53 16 33 10 0 0 55 5 3 6 146 90 4 1 0 12 0 2 78 27 0 2 24 66 17 39 69 1 0 0 8 146 28 8 8 0 0 0 55 31 2 2 146 29 0 0 4 2 0 1 146 46 0 1 3 19 17 21 23 0 0 0 0 146 33 6 1 0 0 0 24 30 0 0 16 5 0 0 20 0 0 0 101 27 0 0 3 
0 0 0 24 18 5 10 13 17 1 3 43 4 0 4 16 129 3 2 5 0 0 0 120 56 5 6 0 0 0 0 27 0 0 19 83 12 0 6 4 13 5 33 39 2 0 1 17 129 37 11 5 0 0 0 56 129 10 3 0 0 0 0 44 0 5 95 129 0 0 0 0 4 55 129 69 0 0 0 0 128 118 129 58 0 0 0 1 129 77 14 1 0 0 0 2 10 15 53 20 0 0 0 0 13 106 84 10 0 0 0 0 16 57 129 34 0 0 0 1 9 34 46 7 0 0 0 0 
6 0 0 0 0 23 16 4 1 0 0 0 0 69 130 5 52 0 0 0 0 8 130 69 43 0 0 0 0 3 11 22 2 0 0 0 0 130 104 2 8 1 0 0 0 130 130 14 130 6 0 0 0 7 111 118 78 1 0 0 0 4 42 86 11 16 0 0 0 103 42 1 28 21 0 0 1 26 17 7 130 17 0 0 0 2 6 98 88 8 0 0 0 0 22 107 9 31 5 0 7 7 0 0 9 47 12 1 9 13 0 0 114 78 0 0 0 0 0 9 61 24 0 0 0 1 7 9 
39 42 6 0 0 0 0 0 54 115 113 18 0 0 0 0 0 24 126 87 0 0 0 0 1 41 38 10 0 0 0 0 125 13 5 8 9 1 0 18 132 70 39 17 0 0 0 34 4 8 64 132 58 2 0 2 22 33 37 29 29 2 0 7 74 2 3 0 9 2 3 29 132 4 1 0 0 1 42 132 5 1 1 23 99 56 82 58 25 5 0 9 58 50 48 41 11 1 0 1 1 0 0 7 11 1 3 3 1 0 55 132 0 0 1 0 4 42 132 70 0 0 0 0 4 51 63 4 
8 29 7 2 0 0 0 0 13 116 69 0 0 0 0 0 0 51 136 10 0 0 0 0 1 49 63 7 0 0 0 0 54 41 16 3 1 0 0 4 136 136 66 0 0 0 0 16 10 49 136 49 7 0 0 0 9 20 65 65 43 1 1 6 47 4 6 8 14 4 2 16 136 11 2 1 0 4 37 136 30 6 13 12 12 43 136 59 4 0 1 23 89 97 61 11 7 1 2 2 1 1 2 6 23 1 6 5 1 1 66 87 2 3 7 0 0 25 136 48 0 1 2 0 0 55 78 5 
65 14 0 0 0 0 0 16 94 80 28 2 0 1 3 18 4 18 101 54 36 14 11 3 0 0 5 52 91 7 0 0 136 18 0 0 0 0 0 41 136 85 6 0 0 0 9 46 16 18 26 29 109 57 22 8 4 0 0 27 136 80 0 1 63 1 0 0 0 0 6 107 69 1 0 0 0 0 136 136 2 0 0 1 45 128 136 21 8 4 0 0 71 112 19 1 15 3 1 0 0 0 1 19 19 5 6 1 0 1 45 26 3 3 13 5 3 10 62 4 2 3 0 0 0 5 9 2 
1 0 1 0 0 0 0 0 87 0 0 0 0 0 0 23 139 1 0 0 0 0 0 55 80 1 0 0 0 0 0 11 0 1 26 20 0 0 0 0 63 7 22 1 0 0 0 27 139 9 2 0 0 0 0 78 137 18 0 0 0 0 0 6 0 2 139 117 0 0 0 0 9 16 139 27 0 0 0 2 139 111 115 3 0 0 0 23 131 41 1 0 0 0 0 4 0 4 95 30 0 0 0 0 0 2 139 23 0 0 0 0 6 54 139 6 0 0 0 0 14 35 12 0 0 0 0 0 
0 0 0 0 0 16 53 0 0 0 0 0 0 22 123 5 3 0 0 0 0 15 128 42 16 0 0 0 0 0 9 36 0 0 0 0 0 95 128 0 1 0 0 0 0 128 128 3 118 0 0 0 0 40 128 127 128 0 0 0 0 0 2 63 0 0 0 0 0 75 90 0 10 0 0 0 0 60 60 8 128 4 0 0 0 3 8 56 128 4 0 0 0 0 0 30 0 0 0 0 0 3 6 1 12 3 0 0 0 0 1 1 128 50 0 0 0 0 0 7 128 21 0 0 0 0 0 13 
20 60 16 0 0 0 0 0 9 128 128 14 0 0 0 0 35 29 102 65 5 0 0 14 22 2 8 7 0 0 6 78 128 84 29 4 0 0 0 2 128 128 89 53 3 0 0 2 1 5 51 128 30 0 0 0 3 1 18 96 10 0 4 17 115 108 50 8 0 0 0 6 128 33 3 3 0 0 0 42 5 1 18 128 0 0 0 16 1 0 20 128 6 0 0 2 23 17 7 0 0 0 0 37 51 1 0 0 0 0 0 105 6 0 0 2 0 0 3 45 0 0 0 44 10 1 1 5 
61 20 0 0 10 2 0 9 135 11 0 0 2 0 0 19 10 3 0 4 28 4 0 0 0 0 0 3 67 19 0 0 59 19 1 4 27 5 1 33 135 26 0 0 2 1 1 40 16 0 0 1 40 38 5 7 0 0 0 1 93 77 5 0 65 12 0 0 25 35 17 89 135 27 0 0 0 15 61 135 10 0 0 0 8 135 90 27 4 0 0 0 15 110 100 37 3 0 0 0 5 33 29 44 3 0 0 0 0 19 135 135 1 0 0 0 1 135 120 30 24 0 0 0 0 15 24 67 
0 0 0 1 19 126 19 2 39 0 0 1 9 42 17 27 126 32 1 0 0 0 16 126 14 15 1 0 1 29 42 82 3 0 0 4 31 26 18 10 16 12 0 2 20 16 4 9 126 94 0 0 0 2 13 126 65 23 0 0 0 43 64 78 0 2 62 50 18 12 7 1 22 65 109 6 2 7 2 1 113 120 77 9 0 3 30 42 71 45 12 0 0 12 33 25 0 10 126 47 1 0 0 0 0 96 126 11 5 1 0 0 1 40 126 34 15 20 0 0 18 18 27 4 7 41 15 3 
5 0 0 16 33 91 24 25 0 0 0 38 65 100 72 26 9 1 0 14 32 27 58 53 22 4 3 29 19 6 25 19 2 0 0 0 7 124 124 36 0 0 0 2 7 124 124 107 70 12 0 3 27 47 104 124 124 44 12 25 1 2 3 27 0 0 12 49 20 15 25 0 1 1 19 19 4 6 15 12 124 9 1 5 4 0 23 61 124 14 7 3 0 0 0 67 0 0 19 105 36 5 0 0 0 3 29 26 15 14 3 0 79 61 17 9 6 1 0 2 124 54 0 0 0 0 0 9 
69 47 0 0 0 0 0 2 109 144 20 34 13 4 0 1 3 7 16 97 44 6 0 3 21 0 1 28 5 1 0 49 144 17 3 4 0 0 0 30 144 49 6 54 12 2 0 46 1 1 3 144 66 5 0 1 22 0 0 69 35 1 0 26 106 19 37 42 0 0 0 13 144 17 4 6 0 0 0 64 17 2 2 144 29 0 0 4 2 0 1 144 34 0 0 2 33 18 20 26 0 0 0 0 144 26 4 0 0 0 0 23 21 0 0 19 4 0 0 16 0 0 0 92 31 0 0 2 
41 24 13 0 0 0 0 14 5 33 80 6 2 0 0 1 8 20 64 3 1 1 7 14 4 8 21 1 0 0 13 18 143 143 20 0 0 0 0 10 24 120 143 8 0 0 0 0 0 2 143 63 3 2 1 1 0 5 139 68 8 2 1 3 143 27 0 0 0 0 0 107 102 34 27 2 0 6 10 51 0 1 51 30 18 47 14 0 0 0 50 42 38 29 0 0 143 12 0 0 0 0 0 64 143 36 11 1 0 1 0 30 0 6 68 11 2 3 0 0 0 6 77 7 1 0 0 0 
32 0 0 0 15 10 6 8 138 49 16 4 0 0 2 6 64 26 36 24 0 0 0 5 63 2 0 0 0 0 0 14 65 0 0 1 13 11 12 21 138 33 3 5 0 0 0 21 52 20 15 51 8 0 0 2 58 5 2 1 0 0 5 14 63 5 1 0 0 2 4 39 138 4 0 0 0 0 22 138 28 1 0 5 9 70 97 40 6 0 0 0 0 66 138 18 15 0 0 0 0 13 26 21 18 0 0 0 0 16 135 138 0 0 0 0 0 123 138 34 0 0 0 0 0 107 138 0 
15 0 1 0 3 10 9 31 0 0 0 0 22 86 58 3 2 0 8 5 10 47 108 6 0 0 16 20 12 37 52 4 46 4 2 30 32 15 10 34 1 2 1 118 84 79 118 28 90 15 18 21 6 10 50 115 40 29 80 45 3 4 1 8 42 0 0 22 10 0 38 118 16 4 11 118 59 0 2 57 118 61 44 105 9 0 0 21 117 106 6 0 0 0 0 2 28 7 26 39 6 0 12 63 100 20 28 53 1 0 0 81 30 35 92 61 0 0 0 0 62 52 7 0 0 0 0 1 
5 0 0 0 0 47 91 28 0 0 0 0 5 127 85 8 48 0 0 0 6 36 56 79 13 0 0 0 12 41 31 34 33 6 6 4 16 28 19 103 14 5 0 9 98 127 59 23 127 34 0 1 26 34 31 64 45 2 0 8 127 87 11 15 7 10 42 86 13 5 3 33 39 23 65 127 82 15 4 16 127 70 37 38 20 11 2 14 27 4 2 59 127 33 2 3 0 4 30 71 3 0 0 0 1 37 84 46 4 0 0 0 25 26 43 28 40 18 9 2 0 0 0 7 51 49 5 1 
58 24 37 3 0 3 3 5 17 20 127 97 0 0 0 0 73 13 75 111 0 0 0 6 127 23 7 1 0 0 0 6 127 9 5 2 0 0 0 47 127 28 84 57 0 0 0 81 24 25 127 127 0 0 0 3 99 77 80 19 0 0 0 0 67 39 111 16 0 0 0 23 127 60 16 0 0 0 0 95 51 4 27 10 0 0 2 23 1 8 25 5 0 1 3 1 0 18 121 18 0 0 0 0 29 79 53 2 0 0 0 1 19 8 0 0 0 1 6 7 0 0 0 0 0 1 9 1 
4 0 0 0 0 27 111 11 46 1 0 0 0 3 48 40 4 0 0 3 10 1 0 1 0 0 0 4 6 0 0 0 112 17 0 0 0 71 128 32 128 31 0 0 0 9 25 41 11 0 0 0 4 68 53 7 1 0 0 1 1 11 43 29 128 56 0 0 0 2 5 20 128 41 0 0 0 102 54 54 5 0 0 0 0 128 119 34 74 0 0 0 0 8 46 116 75 3 0 0 0 2 13 38 24 0 0 1 1 102 124 33 28 4 0 0 0 103 61 22 116 2 0 0 0 1 5 60 
24 13 2 0 0 3 11 28 8 39 62 2 0 3 12 4 12 27 59 3 0 0 12 14 8 10 21 0 0 0 6 11 132 136 6 0 0 0 0 16 47 139 139 3 0 0 1 3 0 11 139 42 8 7 2 1 1 6 129 50 20 3 1 2 139 23 0 0 0 0 0 78 139 51 20 1 1 4 5 44 0 7 72 23 20 26 6 0 0 9 109 28 26 9 0 0 139 9 0 0 0 0 1 51 139 33 9 0 0 0 14 97 0 13 55 1 0 0 9 16 0 14 44 0 0 0 0 0 
25 0 0 0 7 14 4 12 129 49 19 6 1 2 0 8 111 24 22 10 0 0 0 16 36 0 0 0 1 0 0 15 60 2 0 0 12 13 13 28 138 34 9 8 2 1 0 20 73 20 19 26 5 0 0 9 50 0 0 0 13 19 2 16 60 2 0 3 13 4 9 39 138 3 0 0 1 3 47 138 20 0 1 4 5 55 138 50 7 0 0 0 17 101 138 29 3 0 0 4 14 25 23 10 6 0 0 0 0 17 134 129 0 0 0 0 0 91 138 23 0 0 0 0 1 52 138 5 
0 0 0 0 61 115 22 5 9 0 6 2 22 107 18 7 11 1 22 18 0 3 32 54 95 2 5 0 3 5 8 104 0 0 0 0 37 100 55 6 66 0 7 1 20 31 3 42 129 25 132 95 0 0 0 88 76 46 132 34 13 2 1 28 0 0 0 1 12 40 8 0 49 7 1 3 4 6 0 16 132 42 42 22 0 0 0 132 50 54 105 39 7 0 0 9 6 1 0 1 1 5 1 1 42 42 9 4 0 0 0 1 132 132 0 0 0 0 0 4 57 19 3 0 1 0 0 2 
21 73 39 19 0 0 0 0 35 125 125 13 1 0 0 0 3 26 125 116 22 1 0 0 57 19 14 27 3 0 0 16 44 125 88 20 0 0 0 1 69 125 39 31 5 0 0 2 1 2 16 125 121 5 0 1 29 1 3 75 50 3 0 22 109 33 4 0 0 0 0 44 73 9 0 1 0 0 0 35 4 0 0 99 108 11 0 8 20 6 2 100 102 1 0 1 48 0 0 0 0 0 0 80 28 0 0 0 1 3 9 103 2 0 0 3 46 57 20 19 3 1 1 48 46 7 6 3 
20 121 8 0 0 0 0 0 14 121 121 42 0 0 0 3 5 7 66 58 0 0 12 30 10 0 10 23 1 0 10 89 121 121 9 0 0 0 0 26 91 82 91 66 0 0 0 11 0 0 121 121 1 0 0 2 6 1 71 121 2 0 0 13 121 103 26 0 0 0 0 29 93 7 1 0 0 0 6 96 0 0 13 33 11 1 18 21 0 0 16 81 50 14 6 0 17 16 5 0 0 0 13 38 11 0 0 0 0 0 49 121 0 0 0 0 3 6 87 47 0 0 0 15 32 13 33 9 
64 2 0 0 13 31 3 12 104 65 16 3 0 0 0 5 2 35 22 38 29 1 0 0 0 0 0 42 74 4 0 0 120 15 0 1 29 18 0 21 129 24 0 0 6 0 0 32 4 4 1 10 59 13 0 0 0 0 0 24 129 30 0 0 74 16 0 3 25 18 9 72 129 20 0 0 1 14 29 107 5 0 0 0 28 129 91 9 0 0 0 3 52 101 58 12 11 0 0 0 5 30 44 68 15 2 0 0 0 31 129 129 0 0 0 0 0 129 129 30 9 0 0 0 1 18 62 76 
0 0 0 17 74 36 14 1 98 0 0 33 69 7 3 57 135 2 1 76 25 0 0 89 2 6 10 135 28 0 0 0 0 0 18 84 33 12 15 1 51 15 42 104 58 7 1 19 135 40 16 18 1 0 0 94 25 11 32 130 3 0 0 1 5 36 51 47 1 0 0 0 5 75 135 82 4 0 0 0 112 135 135 8 0 0 0 3 15 19 34 34 0 0 0 0 29 51 4 0 0 0 0 0 22 77 46 1 0 0 0 0 6 31 50 4 0 0 0 0 1 2 21 26 0 0 0 0 
93 12 0 0 0 0 6 26 48 5 0 0 0 5 21 26 31 0 0 0 0 2 25 56 3 0 0 0 0 1 11 7 131 79 0 0 2 54 7 8 16 1 0 0 1 138 131 50 72 0 0 0 0 22 92 138 7 0 0 0 0 11 52 63 33 44 0 0 26 138 15 3 37 49 7 0 16 138 20 20 138 34 6 0 0 3 12 138 20 0 0 0 0 4 68 69 4 32 13 5 16 101 8 0 20 125 49 7 3 11 0 0 79 36 17 9 1 0 0 12 18 0 0 0 0 7 14 12 
29 3 3 0 1 6 15 21 2 0 0 0 7 69 80 5 0 0 1 1 7 84 79 12 1 0 6 9 4 16 86 14 22 10 7 28 69 17 14 5 0 0 2 70 114 73 117 28 59 13 6 8 3 28 109 107 54 19 32 33 2 2 6 8 38 2 1 41 46 0 2 62 7 5 16 117 117 3 2 7 106 117 42 31 7 1 3 35 58 117 10 2 0 0 0 2 98 5 0 7 2 0 0 44 10 5 47 117 19 0 0 2 41 97 103 40 0 0 0 2 16 107 8 0 0 0 0 0 
1 0 0 0 31 22 1 0 0 1 0 3 71 98 20 0 15 28 27 5 9 42 17 23 18 38 40 1 0 1 0 11 1 0 0 10 59 97 13 11 0 2 21 22 67 126 86 4 77 20 10 0 1 27 89 126 126 21 1 0 0 0 0 41 17 3 21 62 35 24 6 20 0 4 126 126 31 33 9 1 75 69 126 84 0 1 12 53 126 70 11 0 0 0 0 40 18 0 3 2 0 1 58 48 2 1 44 60 0 0 51 75 6 32 126 47 0 0 0 12 20 61 31 0 0 0 0 1 
0 0 0 0 0 43 66 10 0 0 0 0 5 121 115 3 35 0 0 1 5 39 93 121 27 0 0 0 5 12 5 31 6 0 1 2 32 63 16 49 5 0 0 34 91 121 72 19 121 44 0 8 16 23 31 102 111 8 0 2 68 27 0 21 8 11 52 55 14 7 8 25 7 22 105 121 46 7 0 8 121 98 79 67 2 0 0 21 79 14 0 11 53 24 2 4 0 6 52 57 0 0 0 0 0 33 105 27 0 0 0 0 14 31 85 45 20 8 3 1 7 4 0 1 21 32 11 1 
3 92 79 1 0 4 1 0 5 57 25 3 1 52 36 0 20 9 19 8 5 33 58 30 15 21 20 2 1 0 0 9 0 4 19 4 44 119 13 0 4 5 4 4 17 119 119 0 119 18 0 0 3 76 83 98 56 1 0 0 0 0 12 91 0 2 40 73 118 51 0 0 4 35 113 119 38 39 7 0 105 101 62 15 8 7 3 25 81 7 1 0 2 2 14 78 0 0 29 97 7 0 0 0 0 4 74 119 3 0 0 0 0 12 66 20 38 24 1 0 64 6 2 2 15 12 3 20 
0 0 0 32 84 37 12 0 106 3 0 22 74 12 22 52 124 6 0 103 44 0 0 46 2 11 15 90 26 0 0 0 0 0 0 20 77 46 30 4 90 4 2 62 101 11 2 44 124 6 1 41 7 0 0 118 13 15 40 124 8 0 0 1 1 1 28 68 11 12 9 1 27 36 89 95 37 12 3 4 124 103 46 4 1 0 0 28 23 14 21 30 0 0 0 0 8 21 22 14 0 0 0 0 7 93 124 23 0 0 0 0 26 106 105 2 0 0 0 0 2 8 24 22 0 0 0 0 
17 0 0 0 0 0 5 23 7 0 0 0 4 50 39 34 0 0 0 0 1 45 124 60 0 0 0 0 0 27 63 11 84 0 0 0 6 11 16 76 9 0 0 0 124 124 20 5 31 15 5 0 26 92 109 124 28 1 2 0 0 11 44 98 124 6 0 0 27 22 5 32 24 6 0 0 124 124 0 5 123 57 24 3 22 15 0 15 37 9 25 7 0 0 1 47 92 20 0 0 27 50 5 5 37 29 15 16 110 89 2 1 75 124 28 5 2 0 0 0 4 14 21 33 0 0 0 1 
12 41 10 0 0 0 0 1 23 125 100 4 0 0 0 1 14 22 111 36 0 0 0 7 4 4 15 14 0 0 0 7 125 32 1 0 0 0 0 19 125 125 68 8 0 0 5 12 8 13 125 125 8 15 25 4 0 0 26 124 32 16 4 0 125 2 0 0 0 0 0 37 125 5 0 0 0 25 104 87 4 4 4 8 6 92 125 8 0 3 6 16 26 78 69 0 40 0 0 0 0 0 0 52 33 4 2 0 0 15 45 114 7 28 28 0 0 15 46 22 0 7 23 11 0 1 6 2 
0 0 0 0 0 142 81 1 1 0 0 0 0 41 149 81 160 2 0 0 0 0 66 127 80 1 0 0 0 2 3 8 7 4 0 0 0 93 54 5 40 9 0 0 0 8 38 53 160 18 0 0 0 0 18 56 110 4 0 0 1 6 6 22 23 20 0 0 0 4 3 0 49 17 0 0 0 15 9 7 160 24 0 0 0 1 1 81 69 1 0 0 1 4 7 82 12 19 0 0 4 8 0 0 39 10 0 0 4 14 4 2 160 8 0 0 0 0 0 70 44 0 0 0 0 0 4 84 
131 25 0 0 0 0 2 19 24 11 0 0 0 25 62 37 0 0 0 0 0 8 131 76 1 0 0 0 0 0 53 69 131 5 0 0 0 50 59 56 5 0 0 0 0 131 131 19 38 6 0 0 0 23 131 131 16 12 8 0 0 0 72 130 24 2 2 1 12 26 33 33 10 0 0 0 20 61 20 12 131 102 11 0 0 0 2 36 33 94 88 5 0 0 0 11 9 2 1 1 17 9 2 5 18 1 0 1 20 14 2 6 131 48 4 0 0 0 0 26 58 38 34 14 2 0 0 9 
79 1 0 0 0 0 0 12 121 1 0 0 9 95 34 41 114 0 0 0 15 106 21 36 115 0 0 0 0 3 7 27 40 8 49 23 0 0 1 12 37 4 8 6 6 92 48 30 121 10 0 0 0 51 8 38 121 1 0 0 0 8 50 63 0 4 121 108 14 0 0 0 5 11 56 121 65 12 2 0 98 58 12 11 0 3 9 20 92 20 0 0 0 1 32 56 0 1 36 46 13 0 0 0 0 2 56 121 33 0 0 0 6 40 121 52 3 0 2 2 26 95 41 0 0 0 1 4 
38 98 18 0 0 0 0 0 15 102 125 22 0 0 0 0 1 5 118 72 0 0 0 1 1 2 14 31 0 0 0 0 125 33 0 0 0 0 0 26 125 50 62 17 0 0 7 14 1 2 86 125 15 23 17 1 0 0 10 124 43 19 3 0 125 0 0 0 0 0 2 48 116 0 0 0 0 50 125 59 0 0 0 6 7 125 125 2 0 4 4 9 26 94 56 0 76 0 0 0 0 0 6 70 20 5 3 1 0 54 53 48 4 24 21 0 0 27 37 1 0 14 17 2 0 4 4 0 
123 32 1 2 1 9 8 31 52 7 0 0 25 123 28 32 86 4 0 2 2 20 16 81 3 0 4 5 0 0 0 6 47 10 28 52 11 7 36 88 15 1 2 3 34 123 60 85 111 11 0 1 4 17 19 123 66 6 4 1 0 0 0 36 4 9 54 123 63 1 4 9 3 84 123 39 43 20 8 16 108 123 120 5 3 2 3 43 81 38 1 0 0 0 0 7 8 10 32 38 32 0 5 18 0 100 102 16 7 1 0 0 5 50 59 0 0 0 0 1 5 5 0 0 0 0 2 4 
0 3 3 1 4 5 32 16 1 4 1 0 0 29 78 8 3 2 0 0 0 4 68 47 0 0 0 0 0 3 4 7 0 0 0 83 75 17 86 20 1 1 1 37 28 123 123 11 109 17 1 2 2 32 123 123 56 5 0 0 0 1 6 59 0 0 0 72 58 55 94 77 3 11 13 81 76 81 33 2 123 64 26 17 4 7 4 34 116 14 0 1 0 0 1 15 12 30 10 0 0 21 56 40 16 123 82 3 0 27 20 5 67 73 123 11 2 7 5 13 56 16 6 1 0 1 7 9 
4 13 9 1 0 21 20 1 22 107 62 0 1 10 4 1 73 76 102 8 0 3 11 15 5 3 44 25 0 10 39 9 66 20 6 1 0 1 2 37 128 128 64 0 0 1 5 36 10 90 128 20 31 59 21 5 0 5 60 49 22 31 22 10 95 7 0 2 1 0 1 14 128 15 0 0 0 13 115 98 8 1 5 5 23 67 128 78 4 1 29 26 9 19 16 21 24 0 0 0 0 1 5 14 27 0 0 0 0 30 121 46 3 0 0 0 0 5 92 128 6 0 5 4 1 3 36 94 
18 15 1 1 36 17 30 17 60 106 16 18 25 7 1 3 12 33 13 20 36 26 3 2 10 18 1 1 6 30 11 6 123 5 0 0 1 4 63 80 129 33 9 43 23 7 11 68 3 10 19 70 108 81 11 3 2 4 0 1 25 129 41 0 89 0 0 7 15 3 8 68 81 0 0 1 4 19 129 129 0 0 0 6 129 105 129 52 0 0 0 12 112 93 14 0 9 2 1 6 12 6 7 6 3 1 1 0 1 16 75 16 0 0 0 0 4 11 106 27 0 0 0 7 15 12 28 0 
0 3 3 0 2 2 2 2 16 64 28 6 1 1 0 2 4 22 68 68 0 0 5 13 0 12 23 12 0 2 18 12 33 97 26 0 0 0 0 14 43 130 128 4 0 0 0 23 7 63 130 130 10 0 4 4 10 57 69 125 9 0 0 6 82 25 0 0 0 0 8 110 130 47 7 0 1 2 20 130 16 6 10 63 31 17 97 76 10 3 5 98 98 12 11 25 98 16 0 0 0 0 0 9 130 53 0 3 10 2 5 12 17 4 2 22 27 9 22 35 17 5 2 39 27 3 6 12 
6 18 4 0 0 0 1 2 40 76 51 0 0 0 0 2 51 28 50 8 0 0 0 21 6 1 4 1 0 0 4 19 95 41 4 0 0 0 0 16 133 133 128 9 0 0 3 7 10 30 133 133 6 9 13 3 4 1 29 93 17 9 1 4 133 1 0 0 0 0 0 37 133 15 3 0 0 17 105 103 7 8 18 34 7 90 133 12 0 2 8 37 31 71 48 0 32 0 0 0 0 0 2 41 31 2 2 0 0 8 56 133 6 21 26 2 0 10 68 64 1 3 28 19 1 1 6 10 
0 0 0 0 0 91 68 2 1 0 0 0 0 28 120 100 15 0 0 0 0 29 69 120 64 0 0 0 24 17 18 50 3 0 1 0 3 98 44 2 12 1 4 4 1 11 53 59 74 1 0 0 0 18 37 120 120 3 0 0 91 31 11 55 39 4 1 0 1 14 4 6 60 13 39 74 19 1 1 5 97 6 10 18 6 0 11 69 120 16 0 1 103 45 3 29 59 4 0 0 0 0 0 6 120 29 32 116 9 0 0 13 51 24 62 119 4 0 0 3 99 34 6 4 36 54 2 7 
102 25 0 0 0 0 0 6 148 121 8 8 5 1 1 5 8 6 3 75 72 16 3 0 2 0 3 38 23 1 0 0 144 5 2 1 0 0 0 36 149 18 3 23 8 0 0 88 3 1 1 125 90 16 0 0 2 0 4 53 39 6 1 4 70 5 18 28 0 0 0 15 149 4 1 4 0 0 0 108 29 3 2 119 39 0 0 2 5 0 0 127 57 0 0 12 17 4 13 46 0 0 0 0 149 18 5 8 0 0 0 50 51 2 0 13 5 0 0 9 1 0 0 90 40 0 0 0 
5 5 2 0 0 0 0 0 62 12 0 0 0 0 0 4 148 38 9 0 0 0 0 11 33 15 21 1 0 0 0 21 1 13 24 4 0 0 0 0 53 4 15 8 0 0 0 15 148 18 9 0 0 0 0 116 48 18 31 3 0 0 0 11 0 47 148 23 0 0 0 0 6 19 148 98 0 0 0 1 148 78 107 27 0 0 0 64 101 21 18 3 0 0 0 18 0 19 139 19 0 0 0 0 0 12 148 53 0 0 0 0 20 57 148 35 0 0 0 0 19 27 26 1 0 0 0 0 
17 0 0 0 0 22 20 16 21 1 0 0 0 21 37 14 19 0 0 0 0 37 109 32 33 0 0 0 0 0 17 34 17 0 0 0 0 45 139 23 8 0 0 0 0 139 139 10 139 14 0 0 0 98 139 69 139 13 0 0 0 0 11 46 0 0 0 0 0 24 106 5 11 3 0 0 0 38 58 3 139 37 0 0 0 2 5 38 139 14 0 0 0 0 0 50 1 0 0 0 0 1 7 5 13 1 0 0 0 1 4 12 117 4 0 0 0 0 0 66 139 4 0 0 0 0 0 53 
70 5 0 0 1 27 79 96 17 0 0 0 5 122 122 39 26 0 0 4 40 47 55 66 16 0 0 4 26 7 26 24 1 0 0 0 10 42 122 53 36 0 0 0 3 118 122 61 122 0 0 0 32 38 18 122 81 30 0 2 51 55 27 14 0 0 0 1 23 16 5 1 17 0 0 1 14 6 8 24 110 10 0 1 16 20 42 122 109 122 1 2 15 22 15 8 0 0 0 4 13 7 0 0 9 0 1 11 6 1 1 12 107 21 0 3 7 1 8 27 122 72 2 1 1 0 1 5 
0 1 1 0 0 0 0 0 68 0 0 0 0 0 0 17 138 0 0 0 0 0 0 49 89 1 0 0 0 0 0 13 0 1 30 21 0 0 0 0 43 8 23 2 0 0 0 18 138 10 3 0 0 0 0 83 138 17 0 0 0 0 0 9 0 7 138 115 0 0 0 0 4 17 138 27 0 0 0 0 138 113 138 1 0 0 0 18 138 46 2 0 0 0 0 5 0 12 85 27 0 0 0 0 0 3 138 18 0 0 0 0 4 48 138 2 0 0 0 0 14 39 14 0 0 0 0 0 
0 0 0 0 0 19 68 0 0 0 0 0 0 24 131 5 4 0 0 0 0 14 131 48 19 0 0 0 0 0 10 39 0 0 0 0 0 87 131 0 2 0 0 0 0 131 131 7 131 0 0 0 0 29 127 131 131 0 0 0 0 0 2 60 0 0 0 0 0 48 81 0 15 0 0 0 0 36 44 10 131 12 0 0 0 1 3 50 131 10 0 0 0 0 0 26 1 0 0 0 0 0 2 1 18 6 0 0 0 0 0 1 131 66 0 0 0 0 0 10 103 21 0 0 0 0 0 26 
34 10 7 2 0 0 0 10 78 10 2 0 0 0 0 95 116 1 0 0 0 0 0 122 63 1 0 0 0 0 0 51 3 49 85 46 6 0 0 1 39 28 36 15 16 2 5 44 124 48 2 0 0 0 3 91 124 28 0 0 0 0 0 34 0 5 112 124 15 0 0 0 4 56 124 37 11 1 1 1 112 124 107 0 0 0 0 1 84 87 4 0 0 0 0 0 1 2 72 41 0 0 0 2 0 24 124 15 0 0 0 0 3 82 109 0 0 0 0 0 3 42 14 0 0 0 0 0 
0 0 0 0 0 49 66 1 0 0 0 0 0 35 125 30 4 0 0 0 0 0 84 87 15 0 0 0 0 0 3 42 0 0 0 0 0 118 119 1 2 0 0 0 3 90 125 50 107 0 0 0 0 1 111 125 111 0 0 0 0 0 3 81 3 0 0 0 0 92 81 10 37 15 17 2 5 42 39 28 125 38 11 1 1 1 4 54 125 16 0 0 0 0 1 24 8 3 0 0 0 8 33 10 86 49 7 0 0 0 3 47 111 125 17 0 0 0 0 4 71 40 0 0 0 2 2 2 
9 33 6 1 0 0 0 0 23 137 55 0 0 0 0 0 0 86 137 4 0 0 0 0 1 29 93 15 3 0 0 0 53 37 13 3 1 0 0 6 137 137 26 0 0 1 0 38 21 63 122 16 5 9 14 7 5 2 35 55 81 35 10 7 31 4 5 9 14 4 3 14 137 4 1 2 1 7 74 137 18 3 0 0 2 82 137 54 0 0 0 3 30 137 116 2 5 1 1 2 1 0 1 5 4 5 10 5 1 1 38 34 1 22 20 0 0 9 106 12 0 9 20 4 1 15 24 1 
96 30 0 0 0 0 0 7 84 85 49 9 0 2 2 3 2 6 67 99 97 11 4 0 2 1 0 23 74 9 0 0 132 16 0 0 0 0 0 61 132 44 3 4 4 2 22 76 4 3 4 40 132 101 18 8 24 3 0 16 121 50 1 4 58 0 0 0 0 0 10 124 31 0 0 1 1 2 132 132 1 1 1 2 87 132 132 21 26 5 1 0 39 47 4 4 20 2 0 0 0 0 1 13 16 6 12 4 0 1 38 16 4 4 9 4 2 10 37 3 3 2 1 0 0 4 6 2 
1 4 5 1 1 2 0 0 3 13 32 4 4 8 13 5 0 4 50 33 15 4 3 0 0 0 7 31 6 2 0 0 39 34 4 5 12 5 1 1 76 137 137 5 0 2 1 6 0 31 137 137 27 0 0 1 0 0 21 137 55 0 0 0 107 15 1 20 22 0 0 10 137 56 18 4 0 0 2 69 12 6 22 62 132 17 5 7 0 0 0 80 137 4 0 0 30 1 0 6 18 3 0 16 121 3 0 0 0 3 35 137 6 7 5 3 42 54 79 29 0 0 0 24 100 15 2 0 
17 17 3 0 1 8 8 25 10 20 0 0 1 54 124 33 22 7 0 0 0 2 116 122 24 0 0 0 0 0 5 50 8 9 21 20 59 22 6 12 15 1 5 62 80 104 62 25 124 5 3 3 0 2 35 124 124 13 0 0 0 0 0 30 7 29 25 38 18 1 6 7 3 6 63 124 28 2 2 1 124 111 97 27 0 0 0 39 124 63 3 0 0 0 0 16 2 10 21 12 10 15 25 1 4 18 73 38 10 14 45 9 41 124 60 4 0 0 3 8 21 102 20 0 0 0 0 0 
7 0 0 0 1 54 17 9 0 0 0 0 0 55 117 42 0 0 0 0 0 0 92 101 12 0 0 0 0 0 15 62 11 0 0 4 87 117 14 13 0 5 1 7 46 103 117 44 72 31 0 0 0 1 117 117 117 4 0 0 0 0 21 117 8 1 7 40 78 32 22 10 2 55 117 88 45 9 12 1 49 117 90 2 5 3 6 9 117 31 5 1 8 13 22 65 23 11 6 3 0 8 10 5 24 21 44 11 0 14 9 9 18 37 34 5 32 15 0 4 61 95 5 3 23 18 0 1 
9 16 29 0 0 0 0 7 15 60 111 1 0 0 0 2 69 38 103 5 0 0 3 32 11 7 14 11 3 3 45 27 100 20 7 0 0 0 0 45 128 128 116 1 0 0 1 20 10 39 128 44 3 16 8 3 0 0 68 123 20 14 13 5 128 15 0 0 0 0 0 10 128 26 0 0 0 5 74 68 7 4 3 7 19 74 112 42 0 0 9 29 21 42 56 10 56 0 0 0 0 1 10 21 38 0 0 0 0 12 128 69 7 0 0 3 3 6 75 128 6 0 9 20 3 2 6 30 
19 18 0 9 52 16 9 3 69 113 17 18 12 2 0 1 11 22 24 44 49 10 0 0 11 15 2 2 6 46 6 0 97 5 0 1 6 40 62 39 127 34 7 18 8 2 10 48 2 5 24 73 120 40 8 3 0 1 1 9 107 127 2 0 102 0 0 0 0 3 23 64 112 0 0 0 1 26 127 127 0 0 0 6 65 79 127 15 0 0 0 16 127 58 49 0 27 0 0 0 0 4 8 20 10 0 0 0 0 54 91 24 0 0 0 0 0 17 127 7 0 0 0 0 5 21 52 0 
21 30 35 6 33 23 5 0 5 57 129 42 0 0 0 0 57 30 129 60 0 0 0 4 129 48 20 0 0 0 0 5 129 23 6 0 3 14 5 37 129 84 105 21 0 0 0 70 13 32 129 61 0 0 0 4 39 67 83 2 0 0 0 0 110 33 25 3 0 0 0 45 129 43 2 0 0 0 0 129 57 5 10 0 0 0 5 30 0 0 5 0 0 6 8 0 9 67 120 0 0 0 0 0 55 129 33 0 0 0 0 2 27 13 0 0 0 4 5 5 0 0 0 0 0 5 8 0 
20 0 0 0 0 4 129 49 85 3 0 0 0 0 40 69 6 0 0 6 8 1 0 0 0 0 0 5 8 0 0 0 129 64 0 0 0 4 55 29 129 65 0 0 0 4 13 32 10 0 0 0 5 29 57 5 0 0 0 3 5 5 26 12 129 42 0 0 0 0 6 57 102 21 0 0 0 68 129 84 2 0 0 0 0 129 129 45 33 0 0 0 0 2 53 129 34 5 33 24 5 0 21 30 6 0 3 13 6 35 129 22 27 3 0 0 0 42 110 34 122 0 0 0 0 0 8 65 
80 36 13 2 0 0 0 2 80 25 51 114 8 0 1 10 114 28 28 41 3 0 0 104 28 2 0 1 12 3 0 11 114 114 27 0 0 0 0 1 101 100 78 114 0 0 0 4 39 61 114 114 7 0 0 5 16 10 7 8 44 8 0 1 114 77 7 2 1 0 7 87 29 17 5 2 0 5 41 97 0 0 6 27 25 5 45 18 0 0 0 30 70 0 1 1 23 2 18 26 3 0 6 51 7 0 10 19 8 34 86 97 8 0 6 6 3 23 114 114 12 0 0 13 29 0 8 47 
0 0 0 0 3 45 41 0 0 0 0 0 17 118 103 2 39 0 1 3 21 40 89 118 62 0 0 0 0 1 3 58 3 0 0 7 54 67 11 14 5 0 1 63 86 112 75 35 120 35 12 11 15 9 27 85 120 28 0 0 7 3 0 27 4 18 42 33 17 5 1 15 6 17 110 120 26 1 0 5 120 73 102 85 1 0 0 25 120 35 1 0 5 7 2 4 0 13 64 31 0 0 0 0 0 42 92 31 0 0 0 0 10 37 112 58 10 3 0 0 12 15 4 2 6 14 11 2 
0 15 18 1 2 23 12 0 0 7 7 1 1 93 77 0 34 5 6 4 1 38 85 56 23 14 13 0 0 0 0 15 0 4 2 2 44 124 38 1 6 8 3 0 19 124 124 7 124 18 0 0 3 66 62 98 73 0 0 0 0 0 18 83 0 14 62 74 112 46 2 1 11 49 88 104 66 33 3 2 124 111 38 9 5 7 1 30 52 3 0 0 0 1 16 94 0 0 33 95 7 0 0 0 0 8 81 113 2 0 0 0 3 30 73 21 12 11 0 1 48 9 3 2 12 17 8 7 
2 4 3 0 0 0 0 0 68 9 1 0 0 0 0 4 150 26 5 0 0 0 0 19 43 14 8 5 0 0 0 17 0 6 25 3 0 0 0 0 51 9 23 6 0 0 0 10 150 23 10 1 0 0 0 109 52 23 17 2 1 0 0 15 0 41 150 21 0 0 0 0 5 38 150 76 0 0 0 1 150 56 106 54 0 0 0 70 97 19 19 1 0 0 0 21 0 25 141 15 0 0 0 0 0 18 150 45 0 0 0 0 29 44 150 61 0 0 0 1 26 24 28 1 0 0 0 1 
7 7 1 0 0 20 25 7 12 1 1 0 0 23 36 17 21 0 0 0 0 44 108 27 38 0 0 0 0 1 23 30 7 0 0 0 0 67 136 19 9 0 0 0 0 136 136 16 136 33 0 0 0 108 136 47 136 25 0 0 0 0 13 33 0 0 0 0 0 35 108 4 15 2 0 0 0 33 59 7 136 28 0 0 0 1 3 77 136 10 0 0 0 0 0 68 1 0 0 0 0 0 6 5 15 0 0 0 0 0 2 8 116 1 0 0 0 0 0 50 136 1 0 0 0 0 0 72 
38 0 0 0 0 27 23 23 0 0 0 0 0 66 111 27 5 0 0 0 1 7 91 51 3 0 0 0 10 10 2 8 65 5 0 1 10 123 65 41 8 3 0 4 22 121 123 59 123 20 0 0 2 0 109 123 59 7 0 0 29 16 0 16 10 23 82 36 12 51 27 18 27 51 103 55 33 9 11 18 123 123 8 19 8 2 10 30 38 18 0 0 48 15 2 1 18 19 35 39 78 3 0 20 51 25 40 49 80 2 5 57 87 29 3 18 36 3 23 120 17 2 0 0 15 11 8 20 
0 5 7 19 5 1 0 0 4 2 2 0 4 5 4 12 33 2 0 0 0 0 12 90 93 1 0 0 0 0 0 122 0 0 11 117 58 1 0 0 3 22 14 27 8 2 0 0 25 69 29 1 13 5 0 10 128 7 2 0 3 2 0 57 0 1 83 128 32 0 0 0 0 128 128 111 21 3 0 0 16 128 65 14 128 46 0 0 128 48 0 0 14 3 2 28 4 9 46 30 0 0 0 0 0 39 109 45 69 5 0 0 13 28 9 30 128 15 0 1 68 70 0 1 7 0 4 20 
0 0 1 30 71 79 1 0 122 40 0 2 20 37 10 5 117 28 0 0 0 29 82 38 1 0 0 0 2 8 36 30 8 4 0 14 122 75 0 0 122 75 0 0 17 117 59 23 36 11 0 0 0 122 122 122 36 0 0 0 0 1 76 122 3 1 0 38 122 18 2 0 10 3 0 5 21 62 32 1 12 3 0 0 0 19 15 39 94 1 0 0 0 0 11 121 0 0 1 98 97 1 0 0 0 0 6 68 31 1 0 0 5 7 1 5 3 2 3 2 20 1 0 0 0 2 10 33 
0 0 0 25 21 21 24 1 0 0 3 112 67 17 25 3 99 5 6 37 24 6 3 65 129 3 0 0 0 0 0 102 5 0 2 41 25 11 21 11 0 0 10 129 54 28 37 9 70 64 33 57 27 10 4 18 129 100 15 0 0 0 0 55 11 11 43 23 1 1 4 6 12 10 102 109 4 1 0 1 70 129 129 68 1 0 0 0 129 129 23 0 0 0 0 1 15 1 16 12 0 0 0 21 22 4 27 24 0 0 0 12 78 53 40 5 0 0 0 12 93 32 2 0 0 0 0 13 
83 41 3 0 0 0 0 5 31 27 30 123 11 0 0 0 2 3 20 131 28 0 0 0 9 14 22 13 2 0 0 0 131 5 0 0 0 3 4 47 131 23 35 59 0 2 5 39 0 1 87 131 31 58 8 2 0 4 40 47 65 86 1 0 106 2 0 0 0 0 5 83 56 1 0 1 0 38 131 131 0 0 2 11 19 131 131 6 8 9 0 1 26 131 13 1 18 14 1 0 1 2 3 12 2 2 1 1 29 50 64 14 4 1 0 0 10 59 57 2 23 8 0 0 0 3 6 2 
0 19 44 1 1 11 11 0 0 11 123 21 2 10 7 0 0 5 71 44 3 7 1 0 0 28 29 2 0 1 0 0 72 47 49 0 0 1 6 58 88 64 132 50 1 0 0 31 1 4 132 132 47 4 0 0 3 22 27 58 35 7 6 1 132 20 0 0 0 5 8 41 132 8 3 5 4 22 11 75 4 0 2 45 132 132 10 7 0 0 0 14 97 81 3 0 101 22 0 0 0 0 1 4 84 4 0 0 1 64 40 29 0 0 1 3 40 132 16 1 0 0 9 10 18 38 0 0 
16 2 0 1 2 1 3 43 12 54 58 16 5 1 2 7 2 11 126 62 0 0 0 0 13 7 33 29 1 0 0 0 89 17 1 3 0 0 1 30 126 126 50 2 0 0 1 9 4 35 126 114 7 17 5 0 0 1 64 126 18 8 4 0 95 16 4 12 0 0 0 16 126 23 1 0 0 34 37 117 5 4 3 9 7 126 126 10 0 0 1 18 17 62 126 0 18 0 0 29 9 0 0 14 59 0 1 1 5 37 35 101 0 0 0 10 19 95 77 4 1 0 0 3 0 10 74 3 
90 43 0 0 0 0 0 0 48 84 26 0 0 0 0 0 16 61 34 0 0 0 0 2 16 26 2 20 67 14 0 2 119 36 0 0 0 0 0 18 119 46 8 2 2 0 0 13 36 17 16 4 56 63 36 46 61 6 2 66 58 16 20 63 52 1 0 0 0 5 19 119 119 2 1 0 16 34 26 119 57 1 1 1 119 119 30 50 68 0 0 2 17 54 119 83 2 0 0 0 0 3 34 39 15 0 0 0 1 35 106 119 4 0 0 0 17 109 83 26 3 0 0 0 0 32 66 7 
14 26 15 1 0 0 0 0 30 102 96 19 0 0 0 0 0 30 105 59 0 0 0 0 2 47 40 2 0 0 0 0 82 11 13 3 6 0 2 10 138 106 56 48 2 0 0 20 6 26 95 138 43 0 0 0 4 27 76 27 7 0 0 0 56 5 0 0 8 1 5 18 138 9 0 6 2 0 13 138 19 6 2 45 138 39 47 75 22 11 13 21 30 27 42 23 17 1 0 0 2 0 0 13 16 1 5 4 0 0 30 138 0 0 2 0 11 42 138 87 0 0 0 0 2 48 87 9 
5 1 0 0 0 95 87 5 8 1 0 1 0 47 120 60 12 0 0 0 0 5 118 89 13 0 0 0 0 2 16 30 36 14 32 10 8 120 57 20 24 10 11 20 31 24 77 62 90 51 0 1 1 3 89 120 99 41 0 0 4 4 3 37 26 30 102 39 16 5 5 11 24 62 82 88 94 4 4 10 98 120 15 7 14 1 8 21 38 60 0 0 14 13 2 2 58 11 5 6 16 6 3 49 58 15 6 35 120 13 4 31 83 40 0 3 12 1 43 95 12 5 0 0 3 12 10 23 
17 13 7 0 2 5 2 18 17 17 0 0 5 46 105 56 41 4 0 0 0 0 56 128 25 1 0 0 0 0 0 21 11 15 14 13 37 9 4 17 29 2 9 92 101 60 37 34 128 4 6 8 0 1 15 128 106 11 0 0 0 0 0 15 19 51 10 12 6 4 4 8 8 14 49 128 24 8 15 3 128 127 63 33 0 0 1 34 109 56 1 0 0 0 0 6 6 27 100 33 3 5 3 0 7 26 128 59 5 12 29 2 42 128 101 4 0 0 3 2 11 64 49 3 0 0 0 0 
0 0 0 0 0 19 25 1 0 0 0 0 0 19 103 8 1 0 0 0 0 9 116 57 59 2 0 0 0 0 14 78 0 0 0 0 54 127 40 2 8 6 0 0 14 127 127 4 66 33 0 0 1 44 127 121 100 5 0 0 4 3 49 127 0 0 4 45 119 57 17 16 12 91 92 62 41 44 29 1 59 127 17 10 12 3 8 15 127 49 5 17 25 1 3 20 3 0 2 7 6 19 21 15 13 16 41 10 4 18 9 15 10 12 7 3 4 10 25 41 74 19 1 5 2 0 11 35 
27 47 15 0 0 0 0 4 21 42 118 92 0 0 0 0 0 17 131 60 0 0 0 0 0 41 115 1 0 0 0 0 131 33 0 0 0 0 0 49 131 111 79 28 0 0 0 21 4 26 131 51 0 0 4 7 0 22 131 36 0 0 0 0 131 2 0 0 0 0 0 71 131 8 0 0 0 0 1 131 17 7 2 2 0 0 13 42 12 11 12 5 0 0 2 4 52 49 5 0 0 0 0 9 131 110 1 0 0 0 0 42 22 48 13 0 0 0 0 6 4 15 7 0 0 0 0 0 
118 0 0 0 0 0 0 61 131 23 0 0 1 0 0 29 6 2 0 0 3 6 14 10 8 0 0 0 0 0 4 18 131 31 0 0 0 0 0 39 131 28 0 0 6 6 5 40 0 1 0 0 17 45 17 7 8 0 0 0 0 9 37 54 131 83 0 0 0 0 15 32 100 25 0 0 0 22 131 100 0 0 0 0 2 131 131 7 1 0 0 0 0 66 131 85 20 1 0 0 0 2 27 50 1 0 0 0 0 50 131 30 0 0 0 0 0 95 116 1 2 0 0 0 0 12 45 27 
80 40 8 3 0 0 0 2 14 16 23 130 17 0 0 0 7 7 23 130 21 0 0 0 10 12 14 4 2 1 0 1 130 9 1 0 0 1 4 44 94 19 47 105 2 3 1 21 0 2 102 130 47 51 1 0 2 5 29 27 63 71 3 2 128 0 0 0 0 0 7 100 55 2 3 4 0 62 130 128 0 0 4 16 40 130 94 1 12 16 0 1 32 98 4 0 19 8 1 0 1 1 7 24 1 1 1 1 19 68 87 20 5 1 0 0 5 77 53 3 30 11 0 0 0 4 4 1 
0 13 27 1 5 16 16 0 0 18 103 10 1 17 13 0 0 2 85 40 4 9 1 0 0 27 29 4 0 2 0 0 45 50 41 1 3 2 7 45 91 99 134 18 0 0 0 39 4 7 134 134 34 4 0 1 2 17 38 88 45 6 3 1 106 14 0 0 0 11 13 38 134 14 2 1 0 9 5 81 16 1 5 37 97 134 9 18 0 0 0 20 119 101 1 0 85 25 0 0 0 0 0 1 121 10 0 0 0 38 31 27 2 0 0 1 34 134 22 4 0 0 8 9 23 52 0 0 
22 4 0 0 0 0 2 42 26 82 64 12 3 1 2 9 1 14 128 87 0 0 0 0 9 6 38 40 1 0 0 0 109 22 3 5 0 0 0 13 128 128 36 4 0 2 3 14 5 29 109 120 8 28 17 1 0 0 48 128 19 14 7 0 84 10 3 21 4 0 0 22 128 8 0 0 0 42 59 128 3 1 0 4 4 128 128 9 0 0 0 14 13 46 128 2 14 0 2 29 16 1 0 11 44 1 3 2 5 30 35 81 0 0 0 13 22 62 67 2 1 0 0 4 0 3 65 7 
7 0 0 0 3 16 25 65 8 0 0 0 8 66 34 17 81 14 7 0 0 3 4 61 127 2 0 0 0 0 0 70 1 0 15 8 0 4 30 26 10 1 5 1 0 16 42 27 127 17 2 0 0 0 2 123 127 43 0 0 0 1 0 34 1 22 127 64 0 0 0 0 3 7 127 92 0 0 0 0 127 90 62 5 0 0 0 10 127 61 2 0 12 15 1 10 15 21 66 40 0 0 0 0 21 27 127 92 0 0 0 0 14 99 127 12 0 0 0 0 31 75 31 3 19 3 0 0 
0 0 0 0 0 94 89 1 0 0 3 4 0 55 127 14 6 3 17 5 0 26 127 55 41 2 5 0 0 0 22 89 4 0 0 0 1 118 84 12 0 0 0 0 4 127 124 8 74 4 0 0 0 19 127 86 127 10 0 0 0 0 9 127 2 0 16 48 15 30 10 2 2 0 0 32 30 44 5 1 127 40 0 0 1 1 2 9 127 51 0 0 0 3 26 28 0 0 18 36 22 32 0 0 4 1 0 20 51 33 0 0 118 19 0 0 2 2 0 25 91 14 0 0 0 0 8 41 
17 7 5 3 3 4 2 12 34 16 1 0 8 30 73 76 52 3 0 0 0 1 32 133 15 1 0 16 9 0 0 8 13 8 11 7 12 4 3 15 39 4 9 99 109 37 28 50 133 3 5 20 5 3 11 133 77 6 1 7 2 0 0 11 22 27 9 17 7 4 1 7 25 33 31 133 22 11 7 4 133 109 37 53 3 1 2 35 94 41 6 4 0 0 0 5 5 90 49 13 7 0 0 0 7 57 133 67 10 8 7 0 51 133 133 12 1 1 3 1 13 55 68 10 0 0 0 0 
0 16 9 0 0 8 15 1 1 7 2 0 0 11 77 5 6 4 0 0 0 5 95 41 69 10 0 0 0 0 13 56 0 0 0 1 32 133 51 3 5 20 5 3 11 133 133 3 38 54 3 1 2 36 133 108 133 12 2 1 2 1 52 133 1 0 8 30 74 76 34 16 9 100 108 37 29 51 39 4 31 133 21 11 7 4 25 33 133 65 10 8 7 0 7 58 5 3 3 4 2 12 17 7 11 7 12 4 3 14 13 8 9 17 7 3 1 7 22 26 47 13 7 0 0 0 6 89 
64 39 5 0 0 0 0 0 26 118 49 0 0 0 0 0 68 72 19 0 0 0 0 0 26 10 2 2 22 10 6 11 118 50 0 0 0 0 0 5 118 82 28 0 0 0 0 10 28 63 51 4 6 7 12 13 35 15 3 68 76 10 11 30 56 12 1 0 1 8 15 56 118 7 2 1 2 5 20 118 43 5 5 3 96 118 36 91 48 0 1 35 41 46 93 109 0 0 0 0 2 27 31 16 7 0 0 0 0 7 91 118 3 0 0 0 25 112 117 77 2 0 0 0 3 33 94 39 
3 1 5 4 1 2 1 5 4 3 18 7 0 0 1 12 7 7 4 1 0 0 0 6 7 19 6 0 0 0 0 1 20 24 74 85 2 0 1 5 6 3 59 84 0 0 4 30 38 20 8 5 0 0 2 9 92 138 56 0 0 0 0 2 99 22 51 62 22 0 1 76 22 6 134 138 0 0 0 19 52 30 135 133 0 0 0 1 138 108 31 3 0 0 0 29 64 2 1 38 19 0 0 64 68 4 20 50 1 0 2 68 4 23 115 80 0 0 1 6 124 90 36 5 0 0 0 3 
4 0 0 0 0 10 129 147 6 0 0 0 0 147 147 59 90 0 0 0 0 73 107 95 35 0 0 1 22 6 11 35 0 0 0 0 1 9 64 27 20 0 0 0 2 49 89 35 147 22 0 0 0 3 6 63 74 14 0 1 24 72 8 7 3 0 0 1 2 8 9 6 30 0 0 2 22 7 2 10 147 16 0 0 9 23 9 57 39 24 1 0 45 147 10 9 9 0 0 0 1 6 2 10 18 6 2 0 14 10 2 5 113 16 0 0 3 21 43 54 21 81 9 0 11 45 22 10 
35 35 16 1 0 0 0 6 20 29 100 110 0 0 0 0 0 15 124 46 0 0 1 0 0 35 76 0 0 0 0 0 134 16 0 0 0 0 0 54 134 70 103 55 0 0 0 40 2 16 134 107 0 0 1 6 0 30 134 27 0 0 0 0 111 13 2 0 0 0 0 45 134 20 0 0 0 0 0 134 26 13 12 9 0 0 4 33 13 14 39 7 0 0 0 2 22 109 29 0 0 0 0 1 109 134 14 0 0 0 0 9 13 39 20 0 0 0 0 1 5 9 7 0 0 0 0 0 
80 0 0 0 0 0 0 55 132 15 0 0 0 0 0 46 21 2 0 0 0 3 16 16 8 0 0 0 0 0 3 11 132 22 0 0 1 0 0 33 132 63 0 0 3 6 2 25 9 4 0 0 6 37 28 14 13 0 0 0 0 2 24 50 117 94 0 0 0 0 14 20 132 50 0 0 0 46 132 59 0 0 0 0 1 132 132 12 10 0 0 0 0 22 132 132 22 4 0 0 0 4 30 38 2 0 0 0 0 64 132 15 0 0 0 0 0 66 92 6 13 0 0 0 0 3 21 80 
0 0 0 0 3 129 74 41 14 0 0 0 0 31 129 129 64 0 0 0 0 26 89 129 2 0 0 0 3 34 12 14 23 12 3 4 24 88 13 10 104 42 12 9 6 4 19 74 129 2 0 2 0 3 6 129 29 1 0 0 1 24 5 28 87 70 9 14 7 2 0 6 73 129 23 75 32 0 0 0 129 52 1 13 8 1 6 42 49 0 0 0 0 10 26 37 129 30 1 0 0 0 0 6 71 54 14 74 28 0 0 0 50 39 14 19 19 7 6 3 29 0 0 3 9 8 7 21 
16 32 40 0 0 0 0 0 12 51 147 12 0 0 0 0 0 17 147 20 0 0 0 0 0 3 147 24 0 0 0 0 124 30 20 1 0 0 0 24 147 89 137 13 0 0 0 23 9 23 147 58 4 0 0 0 5 16 147 24 2 0 0 5 94 14 8 1 0 0 1 44 147 11 0 0 0 0 0 106 24 1 0 8 15 10 10 14 12 4 0 4 10 4 1 4 35 12 9 0 0 0 2 17 147 12 1 0 0 0 1 49 17 3 6 5 2 5 15 7 13 6 4 0 0 2 3 1 
141 12 0 0 0 0 0 13 138 12 2 0 0 7 6 26 0 4 10 4 1 5 12 2 5 0 0 3 3 2 7 9 141 6 0 0 0 0 0 38 141 36 4 0 0 0 10 35 0 7 14 9 11 18 27 1 6 5 2 4 13 12 36 3 141 3 0 0 0 0 7 58 141 6 0 0 0 37 141 97 0 0 0 0 0 141 141 5 0 0 0 0 2 83 141 10 37 0 0 0 0 0 11 39 19 0 0 0 0 31 117 46 6 0 0 0 2 56 78 10 9 0 0 0 3 12 18 17 
4 5 2 0 0 0 0 0 50 13 1 0 0 0 0 2 145 33 8 0 0 0 0 7 29 21 24 1 0 0 0 13 2 13 18 2 0 0 0 0 40 4 14 4 0 0 0 12 145 15 6 0 0 0 0 121 64 17 30 2 0 0 0 19 0 59 145 5 0 0 0 0 3 23 145 58 0 0 0 0 145 87 145 17 0 0 0 49 117 34 19 0 0 0 0 20 0 34 145 4 0 0 0 0 0 21 145 25 0 0 0 0 9 48 145 15 0 0 0 0 12 30 31 0 0 0 0 0 
24 0 0 0 0 13 22 21 26 1 0 0 0 25 57 16 19 0 0 0 0 27 116 41 32 0 0 0 0 0 11 32 10 0 0 0 0 17 142 25 6 0 0 0 0 142 142 11 142 11 0 0 0 58 142 94 142 8 0 0 0 0 5 48 0 0 0 0 0 6 65 10 12 3 0 0 0 17 43 4 142 37 0 0 0 0 3 32 142 12 0 0 0 0 0 35 2 0 0 0 0 0 5 6 14 1 0 0 0 0 4 12 138 3 0 0 0 0 0 67 142 1 0 0 0 0 0 48 
25 1 1 4 15 12 13 36 66 11 11 4 4 0 15 135 70 12 2 0 1 0 8 97 45 8 2 5 28 11 4 21 8 0 3 39 36 3 8 53 8 0 4 29 11 6 55 135 42 8 0 0 1 2 51 135 63 11 5 3 7 13 14 135 0 0 1 33 53 24 6 9 8 5 4 9 5 4 24 26 135 106 7 0 0 2 7 76 109 135 32 0 0 0 1 71 0 0 0 4 3 7 16 7 39 50 8 4 1 1 3 2 135 135 39 0 0 0 0 1 105 98 22 0 0 0 0 0 
46 19 7 0 0 0 0 21 10 34 65 4 2 0 0 1 10 16 58 2 1 1 9 15 4 7 17 0 0 0 11 20 140 130 8 0 0 0 0 14 43 140 140 7 0 0 0 0 0 4 140 65 3 0 1 1 1 6 124 64 9 0 0 3 140 21 0 0 0 0 0 92 140 42 25 1 0 3 6 66 0 2 47 35 18 46 10 1 0 0 37 42 51 26 0 0 140 1 0 0 0 0 0 78 140 18 6 0 0 0 1 56 3 6 54 13 5 6 1 0 0 4 73 10 3 2 0 0 
26 0 0 0 14 11 7 10 128 49 16 2 0 0 2 7 48 30 48 23 0 0 0 4 63 4 1 0 0 0 0 12 60 0 1 0 16 13 11 18 136 35 4 1 0 0 0 25 48 21 20 47 6 3 1 4 46 6 3 4 0 2 17 13 52 4 3 0 0 2 6 38 136 3 1 0 0 1 41 136 25 0 0 3 4 93 136 48 2 0 0 0 1 130 136 7 11 0 0 0 0 21 29 18 8 0 0 0 0 25 136 107 0 0 0 0 0 114 136 25 0 0 0 0 0 112 102 0 
26 57 20 0 0 0 0 0 7 66 110 34 2 0 0 0 28 26 41 64 7 0 0 0 42 53 69 5 0 0 0 0 121 40 17 0 0 0 0 60 127 82 127 74 0 0 0 78 26 27 127 127 2 0 0 1 102 61 70 26 1 0 3 10 55 27 88 38 0 0 0 42 127 40 14 17 1 0 0 127 32 4 28 55 37 3 0 11 6 5 19 19 42 9 3 5 4 54 93 59 0 0 0 0 90 92 59 30 0 0 0 4 18 5 0 7 33 2 0 1 1 1 4 19 24 3 0 0 
36 2 0 1 5 21 39 29 22 21 19 1 9 14 23 20 7 50 30 0 0 0 1 0 2 18 5 0 0 0 0 0 56 5 0 0 0 41 126 66 142 45 2 0 1 10 30 53 17 28 12 1 10 85 51 0 18 3 1 0 1 34 113 29 85 33 0 0 0 3 14 35 142 32 0 0 2 59 39 140 18 2 0 0 41 142 65 15 142 9 0 0 3 60 77 76 10 0 0 0 0 1 19 37 15 0 0 0 1 53 104 112 10 0 0 0 7 129 38 13 36 0 0 0 0 2 19 69 
104 14 17 5 0 0 0 10 81 13 34 123 19 0 0 14 94 15 27 59 8 2 0 107 70 8 1 0 7 0 0 45 123 123 60 0 0 0 0 8 123 78 83 123 1 0 0 32 38 58 123 123 2 0 0 5 46 39 31 9 22 2 0 5 123 97 10 0 0 0 3 30 45 33 19 2 0 0 6 25 3 1 25 34 15 1 4 2 0 0 6 29 50 0 0 0 25 13 4 10 3 0 22 80 14 0 0 1 0 19 48 123 0 0 0 1 4 29 92 48 0 0 0 12 21 1 13 18 
0 0 0 0 0 81 71 7 0 0 0 0 0 18 118 73 39 0 0 0 13 24 62 114 27 2 0 5 118 7 0 28 6 1 3 1 6 86 30 5 9 3 13 18 0 9 42 64 118 0 2 1 5 11 29 118 109 9 0 13 118 21 4 35 47 2 2 0 3 12 3 15 101 21 92 96 0 0 0 24 101 31 111 50 3 4 3 29 106 36 14 16 87 40 7 14 32 13 0 0 0 0 0 5 118 42 29 25 0 0 0 29 14 39 106 42 11 0 0 0 25 30 19 43 51 3 0 3 
101 8 0 0 0 0 0 21 122 2 0 0 0 13 45 102 39 0 0 0 0 34 77 52 72 0 0 0 0 0 1 31 90 53 2 1 0 1 4 6 58 12 0 0 0 3 98 72 122 8 0 0 0 3 62 80 122 2 0 0 0 0 0 44 21 38 74 39 1 5 4 1 12 87 93 6 0 7 28 17 113 122 36 0 0 0 6 16 122 39 3 0 0 0 0 14 0 22 122 31 0 0 0 0 0 88 122 9 0 0 0 0 0 90 108 9 0 0 0 0 16 25 13 0 0 0 0 0 
0 0 3 2 0 0 0 0 42 2 1 0 0 0 0 16 136 74 5 1 0 0 0 36 15 38 22 104 10 0 0 0 0 12 26 9 0 0 0 0 29 13 29 13 0 0 0 4 136 20 2 0 0 0 0 54 109 25 20 60 3 0 0 19 0 92 129 6 0 0 0 0 4 35 136 99 0 0 0 0 136 93 95 29 0 0 0 30 119 13 3 0 0 0 0 56 0 29 136 17 0 0 0 0 0 47 136 41 0 0 0 0 8 44 136 33 0 0 0 0 20 25 43 0 0 0 0 3 
28 129 2 0 0 1 11 26 19 38 0 0 0 48 88 15 8 0 0 0 0 73 95 27 51 0 0 0 0 1 11 35 8 7 0 0 0 55 129 68 2 0 0 0 0 126 129 13 117 23 0 0 0 48 129 97 129 22 0 0 0 0 3 56 0 0 0 0 0 38 60 4 24 4 0 0 0 12 40 12 129 46 0 0 0 0 5 50 129 20 0 0 0 0 0 84 2 0 0 0 0 0 1 0 19 5 0 0 0 0 1 6 73 1 0 0 0 0 4 93 129 3 0 0 0 0 0 70 
17 74 20 0 0 0 0 0 2 99 103 29 1 0 0 0 17 14 123 66 4 0 0 0 106 45 28 1 0 0 0 7 117 102 22 0 0 0 0 72 54 123 123 25 0 0 0 37 0 10 123 95 5 0 0 0 13 47 87 25 14 2 1 1 86 5 9 2 0 0 0 123 123 13 1 0 0 0 0 123 19 2 4 12 31 2 0 10 0 0 3 15 53 7 0 0 20 27 97 32 0 0 0 12 123 98 26 3 0 0 0 28 24 4 0 5 17 1 1 2 0 0 3 15 16 0 0 0 
21 0 0 0 1 15 99 50 58 25 22 2 1 0 7 39 2 22 50 3 0 0 0 0 2 16 12 0 0 0 0 0 132 37 1 0 0 4 33 30 132 52 7 0 0 0 0 16 3 13 28 1 1 18 26 0 0 5 10 1 1 6 56 6 99 36 1 0 0 0 3 94 132 21 0 0 0 32 44 132 1 0 0 0 10 132 127 8 39 5 0 0 0 61 132 78 12 0 0 0 0 0 19 69 22 0 0 0 0 61 111 132 3 0 0 0 2 132 70 5 84 14 0 0 0 17 11 19 
8 4 2 4 2 4 3 7 42 6 0 5 22 16 48 101 79 0 0 12 17 0 11 103 3 1 9 104 61 0 0 0 8 4 4 35 10 1 2 9 68 12 7 104 81 11 10 49 132 13 4 25 6 0 2 119 25 5 21 64 11 0 0 1 7 18 10 72 41 7 0 0 33 48 46 89 15 6 3 5 132 113 19 32 3 1 1 18 35 18 14 16 0 0 0 0 0 89 83 10 14 7 0 0 4 113 132 75 0 2 1 0 37 132 132 38 0 0 0 0 3 14 42 48 1 0 0 0 
50 108 7 0 0 0 1 7 25 30 0 0 0 4 21 8 26 14 0 0 0 4 56 28 80 24 0 0 0 0 9 52 3 56 15 0 3 83 37 0 9 20 0 0 0 130 130 4 35 36 1 4 0 46 130 66 130 13 0 1 0 1 42 130 0 2 12 12 68 130 31 1 17 121 54 8 14 117 61 3 49 87 5 6 0 8 50 23 130 24 2 1 0 0 22 130 1 3 5 5 10 19 21 4 4 15 13 3 4 10 6 7 18 88 12 0 0 4 10 3 16 40 32 8 1 0 4 35 
10 0 0 0 0 3 12 11 19 1 0 0 1 53 33 28 16 0 0 0 1 56 129 129 13 0 0 1 1 2 52 129 74 8 0 0 6 20 6 22 21 0 0 0 86 129 35 9 72 17 15 0 9 112 69 91 28 5 3 0 0 11 129 129 64 23 0 1 66 49 1 3 55 42 7 15 129 129 2 5 109 37 2 1 14 40 22 16 77 32 4 0 0 14 15 12 4 6 0 7 56 29 3 0 6 26 21 53 91 31 5 0 12 16 4 5 8 8 8 6 90 10 0 1 1 0 0 5 
2 0 15 23 0 0 1 16 2 2 3 2 0 1 3 8 5 7 5 1 0 0 1 3 6 22 23 0 0 0 0 0 4 1 72 136 1 0 0 7 5 6 47 117 0 0 0 4 88 51 28 5 0 0 0 3 107 136 136 0 0 0 0 8 34 1 10 102 5 0 0 32 0 0 104 136 1 0 0 0 110 36 121 99 0 0 0 6 136 78 37 3 0 0 0 51 29 5 2 14 0 0 6 59 3 3 40 47 0 0 8 33 17 52 93 58 0 0 0 8 136 79 12 0 0 0 0 9 
20 0 0 0 0 10 62 142 9 0 0 0 0 142 142 68 43 0 0 0 0 99 138 82 26 0 0 0 20 12 17 30 0 0 0 0 0 13 77 99 31 0 0 0 0 124 131 55 142 3 0 0 0 11 9 69 66 3 0 2 33 4 6 28 1 0 0 3 1 4 5 3 38 1 0 1 2 4 12 17 142 44 0 0 0 0 0 25 55 22 0 2 20 35 2 5 2 0 0 1 2 1 2 5 50 2 0 2 13 6 0 3 142 32 0 0 3 9 0 9 14 7 0 0 21 105 2 1 
1 0 0 1 0 0 0 1 32 0 1 0 0 0 0 21 74 46 29 18 0 0 0 20 4 19 30 116 11 0 0 0 3 5 5 2 0 0 0 0 24 4 8 5 0 0 0 8 145 59 6 1 0 0 0 64 72 56 33 145 21 0 0 6 1 47 60 7 0 0 0 0 4 42 145 42 0 0 0 0 145 49 62 21 0 0 0 40 145 15 10 48 1 0 0 51 0 34 145 16 0 0 0 0 0 76 145 38 0 0 0 0 40 62 145 53 0 0 0 4 59 36 30 0 0 0 0 17 
47 124 0 0 0 0 5 9 68 124 0 0 0 42 79 25 9 2 0 0 0 123 124 24 60 0 0 0 0 6 27 62 49 38 0 0 0 22 83 45 5 3 0 0 0 124 124 27 113 6 0 0 0 89 124 46 124 10 0 0 0 0 8 96 5 0 0 0 0 54 34 3 5 1 0 0 0 30 30 3 100 4 0 0 0 0 6 53 124 1 0 0 0 0 3 124 0 0 0 0 0 5 3 0 4 1 0 0 0 1 2 1 10 0 0 0 0 0 7 20 111 0 0 0 0 0 3 53 
21 30 21 7 0 0 0 0 8 22 121 41 0 0 1 8 88 62 78 5 0 0 0 6 116 15 1 0 0 1 15 46 121 49 8 0 0 0 0 12 121 97 121 11 0 0 0 13 14 40 121 117 1 1 3 2 16 10 15 90 16 20 35 18 99 13 47 38 0 0 0 42 121 22 8 1 0 0 15 121 10 4 16 38 12 54 70 38 0 0 4 79 47 70 50 3 14 9 41 50 2 4 9 8 85 23 16 10 2 3 6 67 26 6 56 31 8 10 12 27 0 0 16 112 24 17 16 2 
2 5 3 35 64 32 10 1 44 111 17 51 6 2 1 2 38 64 61 89 10 0 0 4 53 28 0 0 0 10 7 14 43 4 0 1 9 65 115 54 123 66 2 18 4 7 10 75 14 8 14 66 76 41 14 15 20 0 1 2 21 96 40 25 87 1 0 0 5 14 36 60 123 0 0 0 0 25 70 123 3 0 0 0 29 123 117 20 48 12 6 3 12 75 64 24 51 4 0 0 6 5 5 15 31 0 0 0 0 18 121 54 20 3 0 0 0 90 92 7 97 11 0 0 1 10 8 20 
6 29 6 1 1 18 12 0 27 125 55 0 0 4 0 2 26 99 114 19 6 8 7 10 1 11 70 20 3 6 6 0 91 32 3 0 0 1 2 39 125 125 31 0 3 8 13 36 6 55 60 18 53 109 23 2 5 8 31 20 12 36 28 25 121 6 0 2 0 0 1 21 125 6 0 0 0 41 124 86 6 0 7 9 20 58 108 90 13 8 37 14 5 6 6 19 28 0 0 0 0 2 5 17 24 0 0 0 0 44 117 38 5 0 0 0 0 7 95 125 7 1 4 2 0 5 90 73 
1 5 4 0 4 2 2 1 20 87 41 5 0 0 1 2 1 25 130 63 0 0 5 6 1 32 44 18 0 0 6 3 33 117 22 0 0 0 1 19 29 130 92 0 0 0 7 49 5 66 130 130 3 4 30 13 10 33 69 130 32 2 6 9 57 25 0 0 0 0 16 125 127 41 1 0 2 3 24 130 13 4 2 22 20 22 126 60 7 2 6 73 61 13 32 22 72 8 1 0 0 0 0 14 130 34 8 1 5 2 1 44 11 12 11 38 23 4 8 12 41 9 8 21 6 0 4 11 
44 13 13 3 0 0 0 6 17 123 84 7 0 0 0 0 23 123 47 1 0 0 0 0 7 18 12 21 2 0 0 0 123 81 2 0 0 0 0 6 123 123 64 0 0 0 0 10 3 71 29 9 3 0 2 1 0 0 4 33 7 0 0 0 123 47 0 0 0 0 25 76 86 27 0 0 0 0 123 123 7 0 0 1 1 2 123 90 6 0 2 14 1 0 4 28 23 1 0 0 0 0 34 43 1 1 1 0 0 0 123 79 47 6 2 0 0 0 121 123 54 1 0 0 0 0 1 81 
122 7 0 2 6 7 9 26 107 2 0 0 30 110 32 47 41 0 2 2 4 21 22 111 2 1 6 2 0 0 0 9 74 22 56 52 6 2 26 49 32 2 11 19 40 99 94 91 101 35 11 2 13 29 28 122 85 12 4 0 0 0 0 39 66 54 75 112 10 2 10 6 3 93 95 122 36 7 10 13 72 122 120 3 5 3 1 13 62 36 1 0 0 0 3 9 31 16 1 9 5 26 46 32 33 55 53 35 9 0 11 39 2 45 24 0 1 2 0 2 1 2 0 0 0 3 4 3 
0 0 0 0 0 90 84 2 9 0 0 0 0 43 111 77 7 0 0 0 0 17 111 66 10 0 0 0 0 2 10 35 39 19 1 11 29 109 74 22 13 4 1 14 18 33 104 95 70 8 0 0 0 14 104 111 109 18 0 0 3 1 3 60 44 32 52 23 19 15 12 23 9 26 43 60 50 12 17 19 111 111 2 5 9 3 27 30 111 78 0 0 8 2 0 4 23 38 60 15 0 0 0 19 24 37 44 99 87 0 1 9 111 111 3 11 18 0 12 42 10 21 0 0 2 5 15 12 
8 17 1 1 8 0 0 0 12 114 45 1 2 0 0 0 4 49 114 38 10 0 0 0 0 12 92 27 2 0 0 0 84 39 1 2 11 1 0 0 134 134 65 1 0 0 0 3 9 62 134 50 0 0 0 2 0 18 134 56 4 0 0 0 119 15 0 1 4 2 1 17 134 26 1 0 0 0 7 134 18 9 23 0 0 0 65 83 1 5 24 10 14 6 26 30 29 8 4 1 2 0 1 20 82 0 0 0 0 1 28 134 3 0 0 0 0 3 109 112 0 0 0 0 0 1 50 61 
84 27 3 1 0 0 0 11 134 64 4 0 0 0 0 13 29 13 16 6 21 29 1 5 0 0 1 2 46 60 0 0 111 38 10 0 0 0 4 51 134 58 0 0 0 2 9 61 26 1 0 0 59 83 20 9 0 0 0 2 102 119 3 0 48 1 2 0 0 0 11 111 67 1 0 0 0 3 134 134 1 0 0 0 7 134 134 30 0 0 0 1 32 134 87 1 1 1 10 1 0 0 8 17 1 2 11 1 0 0 81 42 0 1 3 3 1 18 120 18 4 2 1 1 1 20 32 9 
2 0 0 0 0 0 0 4 32 3 2 0 0 0 0 13 36 15 36 45 3 0 1 10 0 0 4 27 6 0 2 16 5 4 3 1 0 0 0 1 46 3 4 0 0 0 0 14 153 51 31 101 8 0 0 47 15 9 16 153 41 0 1 5 1 11 59 43 0 0 0 0 17 55 66 10 0 0 0 1 153 52 59 22 1 0 0 65 89 5 11 153 10 0 0 24 0 21 141 82 0 0 0 0 1 110 153 30 0 0 0 0 66 101 153 3 0 0 0 6 47 20 13 26 1 0 0 13 
97 27 0 0 3 0 0 2 136 70 0 0 4 91 12 9 12 0 0 0 4 136 86 83 10 0 0 0 0 0 22 116 124 76 0 0 7 12 16 13 102 46 0 0 1 136 76 27 23 0 0 0 0 136 77 115 52 0 0 0 0 0 66 136 43 11 0 1 4 37 28 18 4 1 0 0 6 136 33 6 5 0 0 0 0 11 20 14 119 0 0 0 0 0 18 80 1 0 0 0 4 15 6 2 0 0 0 0 3 13 1 0 2 0 0 0 0 4 4 3 19 0 0 0 0 0 7 23 
129 27 0 0 0 2 3 8 17 5 0 0 1 49 74 20 7 0 0 0 0 17 129 74 9 0 0 0 0 0 38 82 129 6 0 0 0 71 77 52 6 0 0 0 2 129 129 17 77 0 0 0 0 23 129 129 35 2 2 0 0 0 47 129 27 2 1 0 13 25 31 29 10 1 0 0 22 55 17 8 129 57 2 0 0 1 2 43 51 56 34 5 0 0 4 29 18 5 0 1 19 14 0 1 22 1 0 1 20 14 1 6 129 111 13 1 0 0 0 3 24 67 68 8 0 0 0 0 
2 3 2 0 0 0 0 0 97 13 0 0 0 0 0 12 150 75 19 19 1 0 0 33 7 7 12 79 39 0 0 2 0 8 10 0 0 0 0 0 93 10 7 0 0 0 0 16 150 16 1 3 1 0 0 93 32 7 3 91 67 0 0 7 0 21 28 0 0 0 0 0 19 45 89 0 0 0 0 3 150 47 54 1 0 0 0 125 73 12 21 33 4 0 0 13 12 93 45 0 0 0 0 0 7 150 150 20 0 0 0 0 77 89 150 16 0 0 0 9 46 25 20 0 0 0 0 3 
12 22 38 1 0 0 0 6 11 61 125 4 0 0 0 1 44 26 125 10 0 0 2 42 7 6 22 21 0 9 33 21 125 30 9 0 0 0 0 60 125 125 104 3 0 0 0 15 4 33 125 35 2 7 3 1 0 1 84 125 14 12 6 0 125 24 0 0 0 0 0 15 125 26 0 0 0 2 39 58 7 5 6 3 21 58 83 28 0 0 2 22 26 54 60 6 101 2 0 0 0 0 8 26 49 1 0 0 0 17 125 73 2 0 0 1 7 19 89 98 3 0 10 24 9 7 13 24 
37 27 2 15 32 9 1 3 84 107 18 15 8 0 0 1 3 18 33 55 58 5 0 0 8 16 7 4 13 43 1 1 124 5 0 1 7 50 34 34 124 15 6 9 4 1 5 45 3 1 28 54 98 24 8 5 0 1 3 26 124 75 0 0 124 0 0 0 0 6 18 70 104 0 0 0 0 23 112 124 0 0 0 3 33 80 124 13 0 0 0 17 114 74 73 0 34 0 0 0 0 2 5 33 12 0 0 0 0 76 97 46 0 0 0 0 0 37 124 6 0 0 0 0 2 28 87 0 
31 4 0 0 0 18 36 33 10 0 0 0 0 93 102 16 14 0 0 0 1 11 117 58 7 0 0 0 18 15 1 10 57 2 3 3 9 101 61 49 23 12 13 11 10 117 105 25 117 71 2 5 7 8 81 99 58 10 0 0 52 16 0 7 12 50 76 31 28 26 18 5 39 63 117 63 32 17 10 23 117 117 22 35 25 5 11 81 22 8 0 0 45 14 6 17 10 56 32 51 51 0 0 0 45 15 25 83 86 5 4 48 90 7 6 48 60 3 8 89 55 3 0 4 12 1 1 15 
9 77 52 0 0 0 0 0 6 31 125 19 0 0 0 0 0 5 125 82 8 0 0 0 0 0 6 44 17 0 0 0 67 68 16 13 9 0 0 23 125 48 123 18 2 0 0 40 6 6 119 125 125 17 0 0 0 1 20 108 105 4 0 0 44 13 2 25 40 3 0 10 125 2 1 4 9 16 14 96 15 1 1 6 125 125 14 11 0 9 21 24 82 24 0 0 4 1 0 4 20 13 2 2 54 0 0 2 5 25 27 75 1 0 0 1 26 107 23 11 1 12 4 3 10 5 0 0 
7 43 9 0 0 0 0 2 33 103 81 2 0 0 0 4 11 18 86 16 0 0 1 12 3 3 12 8 0 0 1 5 123 100 7 0 0 0 0 10 115 123 123 8 0 1 5 6 1 7 123 111 8 28 17 1 0 1 30 96 25 30 5 0 123 1 0 0 0 0 1 49 123 7 2 0 0 60 119 62 1 7 8 10 7 123 123 2 0 8 9 12 18 84 37 0 55 0 0 0 0 0 6 73 21 6 2 0 0 34 68 84 6 36 24 0 0 20 50 15 0 10 28 8 1 0 5 4 
13 9 0 0 1 5 3 3 30 94 25 34 5 0 0 0 9 11 16 85 35 0 0 10 28 7 1 0 7 5 0 11 88 15 0 0 1 12 9 19 123 105 7 33 17 1 1 7 8 9 5 123 123 2 1 7 22 0 0 22 52 15 7 38 78 1 0 0 0 5 34 101 123 6 0 1 5 7 113 123 2 0 0 62 113 67 123 6 2 0 0 35 69 88 22 6 8 0 0 0 0 3 8 43 7 0 0 0 0 12 123 105 0 0 0 0 1 55 123 1 0 0 0 0 5 73 54 0 
95 3 0 19 36 14 3 16 146 4 0 0 1 0 1 56 9 0 0 5 49 0 0 2 0 0 0 7 53 0 0 0 136 3 0 23 130 37 0 12 146 15 0 0 0 0 0 34 17 0 0 4 56 3 0 6 0 0 0 16 82 0 0 0 146 17 0 6 143 23 0 7 146 43 0 0 0 4 26 44 10 0 0 1 28 11 11 28 0 0 0 11 70 3 0 0 89 21 0 6 73 7 9 5 123 21 0 0 0 76 98 100 49 0 0 0 8 8 16 119 0 0 0 1 23 7 0 0 
4 2 3 0 0 0 0 0 68 12 2 0 0 0 0 4 153 87 42 0 0 0 0 12 17 30 57 60 1 0 0 3 2 4 15 3 0 0 0 0 78 13 5 0 0 0 0 7 153 34 2 0 0 0 0 61 61 25 5 36 18 0 0 15 0 20 51 3 0 0 0 0 20 33 111 16 0 0 0 3 153 29 46 9 0 0 0 125 84 18 13 6 3 0 0 22 0 103 142 1 0 0 0 0 0 66 153 56 0 0 0 0 93 64 153 44 0 0 0 12 60 28 22 0 0 0 0 5 
77 46 0 0 0 1 19 40 10 39 17 0 0 9 74 26 13 9 10 1 0 5 69 17 16 2 0 0 0 0 44 18 40 0 0 0 0 2 155 88 4 0 0 0 0 16 155 58 30 11 0 0 0 62 155 32 155 49 0 0 0 6 130 70 3 0 0 0 0 0 38 11 8 1 0 0 0 2 58 17 123 31 0 0 0 1 26 21 155 97 0 0 0 0 0 24 4 1 0 0 0 0 2 2 16 5 0 0 0 0 0 3 87 7 0 0 0 0 0 25 155 8 0 0 0 0 0 64 
17 42 14 0 0 0 0 2 29 73 115 42 0 0 0 0 0 4 132 117 0 0 0 0 0 20 132 7 0 0 0 0 102 43 1 0 0 0 1 38 132 132 33 9 0 0 0 13 15 57 132 53 0 0 2 6 0 12 132 25 0 1 3 1 120 5 0 0 0 0 0 82 132 24 0 0 0 0 0 132 23 10 2 0 0 0 15 57 3 1 4 3 0 1 16 12 60 21 0 0 0 0 0 11 132 60 0 0 0 0 0 71 37 44 6 0 0 0 0 22 3 14 8 0 0 0 0 3 
130 0 0 0 0 0 0 58 130 10 1 2 6 1 0 28 0 0 0 1 17 11 4 3 8 0 0 0 0 2 4 23 130 66 0 0 0 0 0 17 130 20 0 0 4 7 19 71 0 0 0 0 22 63 23 7 2 0 0 0 1 38 59 47 130 43 0 0 0 0 22 59 48 8 0 0 0 12 130 126 0 0 0 0 1 130 130 21 0 0 0 0 0 116 130 32 13 0 0 0 0 0 19 53 1 0 0 0 3 29 111 38 0 0 0 0 0 109 89 5 0 0 0 0 0 18 39 7 
123 4 0 0 0 0 4 43 111 6 0 0 0 0 17 62 23 2 0 0 0 2 9 10 2 0 0 0 3 5 1 2 128 3 0 0 2 1 0 73 135 23 0 0 0 9 6 58 17 1 0 0 0 26 70 34 1 0 0 0 1 8 43 26 135 22 0 0 1 1 2 25 135 51 0 0 3 135 21 18 1 0 0 0 3 135 135 55 8 0 0 0 0 1 135 121 72 31 0 0 1 14 13 7 49 15 0 0 1 135 49 9 0 0 0 0 0 73 44 10 18 0 0 0 0 1 36 41 
33 0 0 0 1 26 6 19 0 0 0 0 1 78 85 27 1 0 0 0 0 0 73 99 15 0 0 0 0 0 11 59 48 0 0 0 56 90 7 25 0 0 0 1 73 120 120 43 61 9 0 0 0 0 120 120 120 4 0 0 0 0 23 120 19 0 0 17 84 37 20 21 1 30 65 90 120 29 18 4 79 120 56 2 1 1 21 18 120 25 4 0 3 2 18 77 20 6 2 5 4 12 17 8 19 26 66 37 5 6 4 3 12 74 56 4 24 13 0 1 74 49 6 2 24 17 4 5 
0 0 0 0 0 63 49 0 0 0 0 3 33 121 96 7 57 1 1 5 16 17 83 121 42 0 0 0 3 3 1 41 0 0 0 10 61 96 17 0 5 1 5 50 57 116 87 45 121 33 3 10 10 5 15 85 121 13 0 1 13 3 0 24 3 15 35 29 31 10 3 9 6 24 121 121 18 4 0 11 121 83 121 47 0 0 0 30 102 23 1 0 5 13 4 9 2 33 60 11 0 0 0 1 1 60 96 17 0 0 0 0 6 32 110 37 16 2 0 0 6 9 4 2 18 16 14 2 
0 8 21 1 1 22 13 0 0 6 11 3 1 53 82 0 14 3 9 9 7 23 83 31 16 16 28 3 1 0 1 8 1 3 2 1 47 122 49 0 4 6 3 0 14 122 122 1 122 12 0 0 2 63 111 97 101 4 2 0 0 0 9 61 1 12 54 91 112 34 4 0 9 36 69 107 76 40 8 0 122 113 30 9 8 12 3 30 65 2 0 0 0 0 12 101 0 0 19 103 12 0 0 0 0 7 66 122 8 0 0 0 12 33 70 24 6 5 0 3 32 4 4 1 6 10 12 24 
7 94 74 1 0 0 0 0 9 113 121 57 26 0 0 0 121 26 11 90 47 0 0 11 113 11 0 0 1 3 0 8 98 62 30 12 1 0 0 53 45 40 84 67 26 0 6 58 71 33 60 121 57 0 0 8 96 26 19 5 4 7 3 8 80 7 5 67 25 2 5 59 37 0 1 29 9 1 77 121 16 5 21 55 42 7 5 80 3 5 9 7 24 31 8 0 66 2 10 57 7 0 0 42 44 8 8 117 43 0 8 61 96 8 0 5 31 10 0 66 0 0 0 0 39 18 2 0 
92 37 0 0 0 0 1 8 52 9 0 0 0 0 2 13 16 17 0 0 0 0 0 0 1 3 1 4 6 0 0 0 102 19 0 0 0 0 12 37 104 4 0 0 0 5 8 36 36 5 0 0 0 40 46 18 16 0 0 1 14 7 11 10 58 4 0 0 0 7 28 66 112 0 0 0 11 126 16 76 136 4 0 0 15 136 98 47 116 2 0 0 22 88 23 23 20 2 0 0 1 42 42 43 46 0 0 0 35 136 42 74 136 32 0 0 32 136 13 17 83 5 0 0 53 125 19 13 
18 25 45 2 0 0 0 1 13 56 149 8 0 0 0 0 1 14 149 37 0 0 0 0 0 10 149 5 0 0 0 0 113 24 22 1 0 1 0 24 149 92 115 5 0 0 0 31 17 31 149 55 1 0 0 0 1 13 149 24 6 0 0 1 81 8 6 0 1 4 2 42 149 15 0 0 0 0 0 122 44 6 1 2 3 3 4 17 1 0 0 11 23 7 1 1 25 17 15 0 0 0 1 5 149 20 1 0 0 0 1 48 30 2 0 4 1 3 14 18 0 0 0 0 4 8 13 1 
144 1 0 0 0 0 0 23 144 20 6 0 0 1 1 22 0 10 22 7 2 1 0 0 0 1 3 8 14 1 0 0 144 25 0 0 0 0 1 25 144 38 1 0 0 0 20 35 0 2 2 3 5 22 48 4 1 3 1 2 12 21 44 2 144 6 0 0 0 0 9 67 118 4 0 0 0 40 144 98 0 0 0 0 0 144 144 8 2 0 0 0 1 67 144 14 45 1 0 0 0 1 14 30 23 0 1 1 0 31 108 32 4 0 2 4 3 46 71 7 14 0 0 0 1 4 16 18 
0 0 1 48 64 2 0 0 3 1 1 6 12 6 0 5 61 1 0 0 0 0 1 73 125 0 0 0 0 0 0 91 0 0 10 128 112 1 0 0 1 15 17 73 28 0 0 0 45 42 31 1 8 1 0 14 128 9 0 0 1 0 0 57 1 5 33 128 28 0 0 0 0 79 128 128 45 8 0 0 29 79 62 21 128 54 0 0 128 37 0 0 5 2 0 15 6 9 9 17 0 0 0 0 0 10 56 41 110 20 0 0 28 23 6 6 128 32 0 2 106 39 0 0 0 0 0 34 
0 0 0 19 115 61 0 0 116 47 0 3 40 42 2 2 124 55 0 0 0 9 34 33 3 0 0 0 3 9 8 17 2 2 0 2 124 62 0 0 113 65 0 0 32 67 63 11 64 17 0 0 0 71 124 124 33 0 0 0 1 6 20 124 1 0 0 40 124 25 0 0 6 1 0 6 40 37 31 2 49 0 0 0 0 11 18 80 124 4 0 0 0 0 8 124 0 0 0 63 124 0 0 0 0 0 0 45 51 2 0 0 23 8 0 1 1 1 1 9 108 2 0 0 0 0 0 41 
21 8 9 8 4 0 0 3 86 10 5 0 0 0 0 74 119 0 0 0 0 0 0 116 74 0 0 0 0 0 0 54 1 38 85 82 7 0 0 0 32 34 45 19 21 5 2 27 123 41 2 0 0 1 2 83 123 28 0 0 0 0 0 32 2 3 84 123 20 0 0 2 2 37 123 59 18 3 0 1 110 123 118 0 0 0 0 1 105 86 3 0 0 0 0 0 11 1 47 49 1 0 0 14 0 16 123 25 0 0 0 0 3 84 121 1 0 0 0 0 5 50 15 0 0 0 0 0 
0 0 0 0 0 60 62 0 0 0 0 0 0 30 123 21 4 0 0 0 0 0 112 82 14 0 0 0 0 0 5 51 0 0 0 0 0 123 108 0 2 0 0 1 3 87 123 34 115 0 0 0 0 1 113 123 114 1 0 0 0 0 3 88 3 0 0 0 0 93 77 8 41 18 17 5 3 33 35 34 123 56 17 3 0 1 3 45 123 21 0 0 0 0 0 19 5 5 2 0 0 8 27 8 75 67 4 0 0 0 2 50 92 123 12 0 0 2 0 7 48 53 1 0 0 17 11 2 
123 20 0 0 6 20 4 14 39 1 0 0 34 123 31 29 54 2 1 4 0 7 17 67 0 1 5 4 0 0 0 3 107 8 8 9 8 28 64 106 11 0 0 0 69 123 61 73 65 3 0 0 3 11 43 123 54 5 4 0 0 0 1 42 8 4 83 123 17 1 22 24 5 70 65 36 38 37 25 24 119 123 86 7 4 4 8 54 93 38 0 0 0 0 0 13 1 6 38 75 31 2 9 4 1 123 85 32 15 1 0 0 5 86 64 0 0 0 0 1 6 9 0 0 0 0 2 4 
0 4 3 1 2 5 18 12 1 4 1 0 0 29 52 6 2 2 0 0 0 8 70 41 0 0 0 0 0 3 5 10 0 0 0 70 76 23 67 19 0 0 0 38 24 119 119 10 85 11 1 4 2 55 119 119 71 4 0 0 0 1 6 74 0 0 0 87 55 31 79 93 0 2 7 110 92 91 31 1 119 53 23 28 7 15 8 31 119 14 0 0 0 0 0 19 3 15 3 1 3 22 78 71 13 104 45 3 5 57 32 10 58 94 119 6 1 6 2 13 70 20 12 1 0 1 2 13 
0 0 0 0 0 26 45 0 32 1 5 0 0 11 17 58 78 13 14 4 0 0 0 64 115 5 0 0 0 0 0 65 0 0 17 7 0 2 16 2 20 3 5 2 0 0 6 61 129 28 1 1 0 0 0 122 129 60 0 0 0 0 0 24 1 2 128 119 0 0 0 0 12 24 129 57 0 0 0 0 129 99 56 0 0 0 0 5 129 54 2 0 4 5 1 15 26 11 78 55 0 0 0 3 4 26 129 70 0 0 0 0 16 90 129 2 0 0 0 0 27 75 29 1 4 1 0 0 
0 0 0 0 0 80 83 4 0 0 0 1 0 48 128 22 6 0 5 1 1 32 128 55 39 0 1 0 0 0 19 84 6 1 0 0 3 106 76 12 0 0 0 0 8 128 128 13 57 0 0 0 0 20 128 102 128 1 0 0 0 0 5 128 10 1 0 4 13 75 25 6 3 0 0 2 18 87 13 2 121 26 0 0 0 1 11 27 128 40 0 0 0 0 9 41 0 0 3 41 20 5 1 0 3 0 0 17 24 2 0 1 128 36 0 0 0 0 0 3 110 33 0 0 0 4 18 10 
52 6 4 12 2 0 5 48 20 0 0 0 0 70 78 48 113 35 0 0 0 64 30 21 68 39 0 0 0 0 1 16 26 12 13 24 50 28 7 12 30 2 3 9 13 100 45 22 124 5 0 0 0 11 15 79 124 4 0 0 0 0 0 38 1 17 124 48 19 9 0 0 8 12 124 124 12 8 0 7 115 124 89 9 0 0 0 41 105 89 1 0 0 0 0 9 0 0 74 18 0 1 0 0 0 14 124 74 0 0 0 0 3 117 95 4 0 0 0 0 5 29 2 0 0 0 0 0 
0 0 0 0 0 26 36 6 0 0 0 0 0 66 111 7 0 0 0 0 0 10 107 91 0 0 0 0 0 0 9 27 0 0 3 27 10 66 121 23 0 0 0 7 7 121 121 3 80 8 0 0 0 49 93 121 92 6 0 0 0 0 4 114 0 0 8 118 52 20 9 0 1 5 16 111 34 30 25 0 121 91 14 11 0 11 5 16 121 44 0 0 0 0 0 12 1 1 1 7 27 94 26 1 10 20 29 18 10 35 35 5 105 25 44 12 1 4 2 43 108 7 1 0 0 0 0 30 
0 0 1 0 16 99 45 0 0 15 31 2 11 36 14 2 0 10 67 9 2 22 11 0 1 5 26 4 0 2 0 0 12 102 18 1 0 8 14 0 23 129 129 10 0 3 1 1 0 32 129 129 26 0 0 0 0 1 34 94 39 8 2 0 92 85 5 1 0 0 1 30 129 83 13 4 0 0 1 51 19 8 15 129 67 42 5 7 0 0 1 107 129 45 0 0 95 1 0 0 0 0 2 56 129 4 0 0 0 1 4 39 9 0 6 25 34 40 10 14 0 0 7 106 68 14 0 0 
18 5 0 5 3 0 1 3 41 78 40 4 2 0 0 0 0 85 128 50 1 0 0 0 1 74 91 27 0 0 0 0 54 13 0 21 20 1 0 6 128 128 36 0 0 0 0 23 14 128 96 49 6 3 15 6 2 46 52 56 11 7 4 0 34 3 11 40 22 1 0 13 128 14 0 2 1 1 19 128 15 6 0 1 2 24 128 73 0 0 0 4 6 23 113 9 1 0 5 63 76 1 0 1 28 5 0 2 5 1 12 114 4 1 0 0 1 24 119 70 0 0 0 0 0 31 124 12 
38 52 17 1 0 0 0 1 128 137 38 0 0 0 0 10 44 26 32 11 17 6 0 7 0 0 0 5 32 51 0 0 113 24 8 2 0 0 2 50 137 49 12 0 1 4 5 88 17 6 15 8 78 96 10 15 0 0 0 0 98 137 0 0 19 1 8 0 0 0 6 98 52 1 4 0 0 3 137 137 2 0 0 0 26 123 137 51 1 0 0 1 53 98 67 5 0 1 38 17 3 0 0 3 1 11 43 9 2 0 34 17 0 5 60 18 0 6 72 13 3 0 6 8 0 6 25 18 
12 12 1 4 6 0 0 0 28 126 28 4 3 0 0 0 7 55 131 31 9 0 0 0 0 35 114 26 1 0 0 0 82 22 2 7 12 1 0 1 131 131 42 1 0 0 0 6 19 87 131 25 0 0 1 5 0 45 131 38 9 0 1 1 96 5 0 7 5 3 0 14 131 14 0 0 0 0 3 131 23 10 8 0 0 3 80 86 1 4 4 3 9 8 50 34 23 5 2 2 5 2 1 14 73 1 0 0 0 0 11 131 8 0 0 0 0 20 105 98 0 0 0 0 0 0 69 54 
90 31 4 0 0 0 0 9 136 65 4 0 0 0 0 12 28 12 19 8 19 27 1 4 0 0 1 2 42 59 0 0 108 39 6 0 0 0 4 73 136 53 0 0 0 2 14 79 22 1 0 0 51 86 28 11 0 0 0 1 94 125 5 0 41 3 1 0 0 0 11 115 54 0 0 0 0 2 136 136 0 0 0 0 5 116 136 38 0 0 0 0 32 122 105 0 0 1 16 1 0 0 6 14 0 3 15 3 0 0 68 36 0 1 4 3 1 14 111 19 5 0 1 0 1 17 37 8 
107 59 1 0 0 0 0 7 27 41 35 60 28 3 0 2 1 7 116 56 28 9 0 0 0 10 63 11 9 4 0 0 130 16 0 0 0 0 2 82 130 23 52 23 0 1 3 58 2 3 130 60 33 119 10 4 0 1 26 14 39 119 9 1 87 4 0 0 1 21 14 114 79 1 0 0 0 58 99 130 15 16 2 2 12 130 93 17 14 11 0 0 6 63 13 5 33 13 0 0 3 15 6 29 18 17 1 0 0 44 87 52 35 73 0 0 0 48 30 7 4 12 0 1 8 2 0 0 
12 10 0 26 36 3 2 0 21 68 100 34 3 0 0 0 28 12 134 71 1 0 0 7 4 3 22 80 5 0 0 2 64 14 0 56 51 0 0 3 134 134 91 15 4 0 0 7 2 22 134 134 10 9 0 0 0 1 67 134 17 3 0 0 43 12 6 17 18 1 2 6 134 32 10 6 4 29 7 80 11 3 8 19 13 134 57 14 0 0 3 49 41 37 51 16 21 5 1 0 0 0 0 7 85 9 1 0 1 42 15 55 1 0 0 2 12 134 34 17 11 0 1 2 8 16 24 52 
3 28 14 0 0 7 43 18 7 29 4 0 0 17 101 25 17 11 4 0 0 0 63 90 16 8 12 9 0 0 1 18 5 12 31 5 3 53 78 28 2 0 1 0 1 107 120 20 120 3 2 0 0 29 86 120 120 10 2 3 0 0 0 44 1 3 75 31 5 85 37 0 2 33 120 4 1 48 35 0 120 120 84 0 0 7 6 36 120 37 1 0 0 0 7 33 0 1 73 49 1 7 0 0 17 73 117 9 0 2 1 5 18 120 85 0 0 7 16 2 14 23 4 0 5 16 22 6 
17 6 0 0 1 21 13 9 2 4 0 0 0 36 123 17 1 0 0 0 2 15 123 39 2 0 1 9 26 12 19 18 7 0 0 0 53 99 12 12 2 0 0 23 86 123 123 4 85 2 0 5 8 31 123 123 105 0 1 5 18 3 16 123 13 0 0 9 104 29 3 26 1 2 1 69 123 25 0 0 123 12 0 24 38 2 0 16 123 6 0 0 3 7 17 71 14 0 0 2 44 39 8 13 35 17 0 58 73 29 2 3 84 71 0 44 41 1 0 2 43 45 3 9 2 1 3 3 
0 0 0 1 76 47 2 6 37 0 2 3 75 29 5 88 79 25 8 10 30 3 5 51 43 15 4 29 14 0 0 8 1 5 17 73 116 9 0 2 34 0 2 34 120 4 0 50 120 20 3 0 1 0 1 110 101 25 7 29 4 0 0 18 16 2 18 120 83 0 0 7 6 36 120 120 83 0 0 7 86 120 120 3 2 0 0 30 63 90 17 11 4 0 0 0 22 5 14 23 4 0 5 16 8 34 120 37 1 0 0 0 0 45 120 10 2 3 0 0 1 18 16 8 11 9 0 0 
15 38 21 0 0 0 0 0 16 110 121 15 0 0 0 0 2 61 121 43 0 0 0 0 0 25 68 24 0 0 0 0 104 56 17 2 0 0 0 11 121 101 114 7 0 0 0 41 3 21 121 110 6 2 0 0 0 4 48 118 4 0 0 0 68 40 47 60 1 0 1 14 121 6 4 19 3 0 1 121 27 0 3 15 17 5 2 28 0 0 2 62 29 4 2 3 35 58 43 106 0 0 0 1 73 38 107 113 0 0 1 63 50 13 8 3 17 10 2 22 0 0 0 1 16 24 4 0 
65 29 0 0 0 0 0 6 53 59 4 0 2 1 0 0 0 14 21 7 6 3 1 0 4 14 16 3 0 4 13 7 106 12 0 0 0 0 9 115 100 37 5 0 1 1 2 28 1 18 11 1 39 125 7 0 101 13 1 1 22 118 47 69 107 1 0 0 0 0 36 125 109 6 1 0 0 72 103 125 6 3 1 1 36 125 58 5 125 59 0 1 18 53 47 37 15 0 0 0 0 2 23 43 13 0 0 0 0 36 125 90 11 1 0 0 0 57 69 21 19 8 0 0 0 18 62 23 
79 16 7 4 0 0 0 9 64 26 25 123 12 0 2 14 85 10 12 43 9 1 2 115 70 6 0 0 7 0 0 55 116 109 46 0 0 0 0 15 123 89 82 123 3 0 0 51 42 71 123 123 4 0 0 8 60 56 31 7 18 1 0 9 123 123 14 0 0 0 0 8 67 80 28 5 0 0 0 12 7 5 45 43 10 0 1 2 0 3 10 29 43 0 0 0 61 29 8 0 1 0 13 66 16 2 0 0 0 11 37 112 0 0 0 1 5 22 73 27 0 0 0 12 20 1 14 10 
2 0 0 10 37 31 31 19 2 0 0 14 56 26 60 49 16 5 0 0 0 0 49 119 29 2 0 3 0 0 4 69 4 2 8 15 16 77 70 20 7 2 20 16 14 57 85 45 119 36 2 3 0 0 9 115 109 65 4 0 0 0 0 29 75 26 96 62 9 5 1 11 5 6 119 119 1 3 3 7 119 102 82 47 0 0 0 28 119 65 5 0 0 0 0 0 105 11 27 10 0 0 0 49 11 7 119 40 0 0 0 10 15 68 119 17 0 0 0 0 21 33 8 0 0 0 0 0 
127 46 0 0 0 1 0 4 85 22 0 0 0 34 54 15 14 0 0 0 0 17 119 64 12 0 0 0 0 0 19 92 127 15 0 0 0 27 50 40 33 3 0 0 0 127 127 23 97 0 0 0 0 38 127 127 78 0 0 0 0 0 29 127 40 5 2 2 7 13 17 23 11 0 0 0 17 69 21 9 127 43 2 0 0 3 4 43 77 36 17 2 0 0 6 78 18 7 1 2 18 14 0 0 29 4 0 0 20 21 0 4 127 127 10 5 0 0 0 3 14 40 45 8 0 0 0 2 
84 1 0 0 0 0 0 10 187 16 5 4 15 3 0 22 5 78 71 12 28 4 0 2 0 41 80 2 0 0 0 0 110 5 0 0 0 1 3 8 187 59 3 0 0 0 0 15 43 90 13 0 0 0 0 1 6 13 17 2 0 0 2 3 119 9 0 0 2 3 2 6 187 29 0 0 0 0 0 52 52 12 0 0 0 0 1 8 2 0 0 0 0 1 11 7 47 2 0 0 0 0 0 9 187 0 0 0 0 0 0 187 59 0 0 0 0 0 0 59 0 0 1 0 0 1 2 0 
52 47 25 2 0 0 0 0 33 36 114 35 0 0 0 2 36 25 33 55 9 1 0 1 5 2 10 51 8 1 1 4 120 42 19 3 0 0 0 24 112 47 120 80 0 0 0 24 17 48 120 120 12 11 1 1 6 13 17 114 105 34 3 5 102 20 23 2 0 0 0 63 110 10 8 4 0 13 72 120 1 3 9 34 36 120 94 7 0 1 0 6 89 120 2 1 21 16 16 2 2 0 0 5 10 5 7 1 13 16 73 47 1 1 3 6 10 41 92 14 0 0 0 13 41 19 7 2 
22 63 18 1 11 6 3 0 8 72 131 41 1 1 3 0 0 37 105 70 10 0 0 0 8 13 4 13 12 2 3 1 95 82 3 0 0 4 26 27 131 65 50 28 0 3 39 46 11 16 56 131 76 16 0 2 2 4 8 65 71 15 3 1 49 16 1 0 0 26 54 30 131 5 0 0 0 25 40 97 14 1 0 13 68 131 47 16 12 2 3 8 41 88 15 25 25 0 0 0 3 11 17 22 59 0 0 0 0 64 131 74 10 0 0 0 1 131 91 12 8 1 0 0 0 17 27 12 
4 29 23 6 51 22 0 0 1 56 126 33 0 0 0 0 28 18 107 54 0 0 0 3 127 38 17 0 0 0 0 9 127 45 10 1 9 28 3 15 88 127 127 27 0 0 0 12 4 33 127 86 0 0 0 0 62 100 112 1 0 0 0 0 127 1 0 0 1 1 0 46 127 17 4 0 0 0 0 127 37 13 44 2 0 0 1 16 0 8 27 0 0 1 2 0 65 13 1 0 0 0 0 25 127 26 0 0 0 0 0 79 67 2 0 0 0 0 2 28 0 0 0 0 0 2 5 0 
22 39 42 0 0 0 0 0 12 51 144 19 0 0 0 0 0 15 144 24 0 0 0 0 0 1 144 40 0 0 0 0 144 32 15 1 0 0 0 27 144 76 130 17 0 0 0 22 6 20 144 51 8 0 0 1 4 12 144 38 1 0 0 9 116 10 7 1 0 0 2 49 144 6 0 0 0 0 1 96 15 1 0 9 23 11 5 11 14 5 1 3 7 1 0 7 47 16 9 0 0 0 0 16 144 11 1 1 0 0 1 42 10 2 4 3 3 7 14 7 20 5 2 0 0 1 1 2 
139 27 0 0 0 0 0 11 119 15 2 0 0 11 9 17 1 3 8 1 1 6 16 3 2 0 1 2 2 3 14 6 139 7 0 0 0 0 0 48 139 29 8 0 0 1 8 37 0 8 22 8 7 16 18 0 4 4 2 7 12 13 30 2 139 6 0 0 0 0 6 61 139 7 0 0 0 43 139 86 0 0 0 0 0 139 139 3 0 0 0 0 1 91 139 10 42 0 0 0 0 0 15 47 17 0 0 0 0 43 135 52 4 1 0 1 2 72 86 8 11 0 0 0 1 10 25 16 
8 16 1 1 12 2 0 0 6 99 59 0 2 0 0 0 1 60 100 33 12 1 0 0 0 4 49 33 7 3 0 0 75 52 1 1 9 3 0 0 131 131 82 2 0 0 0 2 7 52 131 99 0 0 0 1 0 2 131 102 2 0 0 0 122 24 1 0 2 3 0 24 131 37 1 0 0 0 7 127 18 13 32 8 0 0 39 86 2 3 55 29 17 4 10 20 38 5 5 4 1 1 0 21 91 0 0 0 0 0 42 120 6 0 0 0 0 0 78 131 0 0 0 0 3 4 33 59 
89 24 2 1 0 0 0 12 134 55 2 0 0 0 0 17 26 11 10 6 27 33 1 4 0 0 0 1 53 64 0 0 115 38 10 1 0 0 4 41 134 55 0 0 0 2 9 56 24 1 0 0 68 86 17 8 0 0 0 3 114 109 4 0 47 1 1 0 0 0 10 112 69 2 0 0 0 4 134 134 1 0 0 0 6 134 134 21 0 0 0 1 24 134 74 0 1 1 6 0 0 0 9 18 0 3 10 1 0 0 90 40 0 1 4 2 1 19 118 13 5 2 2 0 0 19 25 7 
8 1 11 12 1 0 3 37 12 6 21 40 13 2 7 68 85 3 3 54 31 2 2 16 121 1 0 0 0 0 0 19 11 7 79 101 1 0 0 6 4 0 24 102 7 1 11 88 74 24 16 44 20 1 9 57 121 38 4 0 0 0 0 22 29 7 27 114 8 0 28 120 4 20 109 121 10 0 6 19 42 121 121 20 0 0 0 10 75 121 16 0 0 0 0 0 40 9 0 4 1 0 29 92 120 45 59 20 1 0 6 54 6 46 117 0 0 0 0 1 1 23 22 1 0 0 0 0 
1 0 0 0 0 69 36 1 0 0 0 0 0 50 128 29 23 0 0 0 0 0 69 128 3 0 0 0 3 8 4 12 8 11 0 0 0 128 89 3 22 16 2 0 14 80 113 30 111 8 0 0 1 8 42 128 23 1 0 0 15 93 55 87 40 71 7 1 10 41 16 2 52 49 5 2 94 50 3 2 128 69 0 2 5 5 0 23 63 16 0 14 128 67 16 11 17 13 4 2 15 11 7 8 36 5 0 0 49 27 9 12 128 21 0 0 1 25 14 31 26 6 0 3 74 112 13 4 
105 9 0 0 0 1 1 18 126 3 0 0 0 7 43 107 39 0 0 0 0 14 76 61 30 0 0 1 1 0 0 12 72 62 10 14 0 0 5 7 72 16 0 0 0 2 91 112 126 10 0 0 0 2 48 96 94 0 0 1 0 0 0 17 7 17 126 95 8 1 4 0 19 92 126 11 0 1 17 23 126 126 50 0 0 0 2 18 90 10 0 0 0 0 0 13 4 7 118 28 0 1 2 7 1 21 126 27 1 0 0 3 6 40 76 17 0 0 0 0 21 10 3 0 0 0 0 2 
76 8 7 11 4 0 1 41 8 57 101 37 10 0 0 1 15 54 42 48 37 0 0 9 15 8 18 33 12 10 5 15 120 39 9 0 0 0 0 36 86 35 93 19 0 0 0 30 4 6 59 120 32 0 0 2 0 1 4 48 78 41 11 2 119 60 36 11 0 1 2 16 104 6 2 1 0 4 41 96 10 0 8 56 30 38 120 26 0 0 1 120 120 34 52 7 5 16 32 24 30 7 8 8 5 2 13 25 37 35 115 40 0 0 2 11 25 105 120 18 0 0 0 19 16 16 120 43 
116 48 24 20 0 0 0 29 43 16 116 116 0 0 0 3 33 32 116 91 1 0 4 15 52 21 15 23 1 0 10 24 116 91 24 4 0 0 0 16 116 10 57 32 10 1 1 61 0 0 60 93 90 15 0 2 19 15 18 38 29 53 26 21 56 22 12 4 10 22 9 26 63 4 0 0 5 3 42 116 0 0 0 6 116 72 37 30 2 0 0 0 87 116 36 13 30 6 0 0 13 30 33 13 28 3 0 0 0 17 116 44 13 0 0 1 79 69 48 31 1 4 3 5 77 62 7 2 
8 4 10 18 42 24 18 4 2 23 118 57 30 7 0 0 0 60 118 33 10 0 1 0 0 40 54 7 13 15 6 1 108 29 8 3 13 24 36 33 37 102 101 6 2 0 0 4 0 34 66 41 97 17 0 0 0 0 6 67 99 32 7 0 118 9 0 0 4 17 28 118 118 26 9 1 9 52 17 54 0 2 4 5 68 118 26 1 1 12 17 33 38 65 17 0 118 29 0 0 0 10 9 21 78 6 0 0 2 118 118 32 10 0 0 0 4 60 91 40 9 8 13 5 13 26 8 11 
58 37 6 0 0 0 0 7 100 76 30 69 45 0 0 30 22 3 9 125 81 0 0 7 22 7 10 16 15 16 0 11 131 48 12 1 2 0 0 30 131 114 57 62 6 0 0 55 6 4 124 131 19 0 0 2 6 49 131 62 10 8 0 3 42 131 131 3 0 0 0 12 131 58 79 5 0 0 0 73 20 2 33 46 1 0 0 6 0 9 93 36 4 0 0 0 3 64 28 0 0 0 0 0 8 14 29 2 0 0 0 0 6 2 0 0 1 0 0 1 0 0 0 1 8 0 0 0 
3 12 21 6 0 2 29 14 83 107 20 22 0 6 17 20 133 102 3 0 0 0 0 10 1 4 9 1 0 0 0 0 12 69 133 2 0 1 23 12 32 133 85 1 0 0 8 8 21 107 8 0 0 1 14 1 0 0 5 1 0 0 2 1 60 15 19 0 0 5 111 118 63 44 5 0 0 25 133 121 75 17 0 0 0 26 122 43 13 2 0 0 0 0 5 8 5 1 1 0 0 0 35 23 65 4 2 0 0 4 123 70 133 13 0 0 0 2 17 99 10 1 0 0 0 0 1 13 
24 6 11 3 1 1 17 126 96 7 0 0 0 0 4 101 5 9 2 0 0 0 0 0 0 0 0 0 1 1 0 0 72 54 17 5 3 52 16 24 126 69 0 0 1 3 2 41 14 2 0 0 4 32 25 5 7 0 0 0 0 5 14 7 53 126 12 0 0 28 13 2 126 83 3 0 4 68 69 75 19 0 0 0 16 126 77 96 23 0 0 0 0 2 48 124 20 42 2 0 0 65 68 19 0 6 0 0 0 114 116 61 4 2 1 0 0 110 60 53 31 0 0 0 0 0 42 124 
46 5 15 39 6 0 0 61 7 43 79 62 6 0 0 7 12 13 34 109 21 0 0 6 92 12 7 22 10 0 0 80 83 39 26 24 6 0 1 19 118 118 70 80 2 0 0 4 2 7 107 118 20 3 0 0 38 21 54 64 23 31 20 19 81 22 13 4 1 3 5 19 118 24 3 9 13 61 15 47 2 1 7 88 44 97 118 12 0 1 4 113 59 43 61 6 23 22 11 20 2 2 2 8 65 27 3 3 53 82 11 31 5 8 9 11 57 96 71 9 5 22 14 0 4 13 50 7 
34 13 24 41 11 5 5 10 89 38 57 114 9 0 4 7 6 46 73 103 13 6 13 8 17 73 35 4 1 4 3 13 68 17 20 18 18 64 25 58 126 42 28 54 2 1 0 59 14 66 126 80 40 75 1 3 3 32 39 9 56 99 42 5 108 37 0 0 21 24 18 30 126 9 0 0 0 21 75 112 21 6 5 0 17 126 93 19 8 0 8 7 28 87 16 11 26 1 0 0 2 0 17 43 61 11 1 1 11 23 64 58 25 6 4 1 25 86 61 18 10 4 2 1 12 25 21 14 
0 0 0 0 0 101 58 0 4 0 0 0 22 126 65 6 85 35 0 0 3 25 89 111 35 15 0 1 5 4 18 60 0 0 6 13 16 96 65 1 21 2 15 37 25 92 19 5 126 64 6 7 2 4 1 51 52 28 4 42 13 3 15 18 0 0 94 69 2 2 3 0 3 5 126 114 2 0 0 0 126 23 71 55 0 0 0 79 97 6 2 44 8 0 1 56 0 1 66 44 0 0 0 0 0 25 123 40 0 0 0 0 26 34 126 65 0 0 0 2 37 34 16 2 0 0 0 6 
7 19 5 12 18 3 2 0 29 46 1 1 5 88 11 0 31 0 0 0 3 100 82 33 50 3 0 0 0 1 13 31 4 3 2 3 42 77 114 10 14 4 0 0 1 121 121 9 121 4 0 0 0 97 34 40 106 0 0 0 0 0 6 80 0 1 41 86 117 45 40 0 19 11 64 49 1 42 42 1 121 22 9 3 0 2 1 34 118 1 0 0 0 0 0 63 0 0 73 113 13 0 0 0 0 4 105 121 3 0 0 0 36 12 28 60 10 0 0 7 94 2 0 0 0 0 0 14 
23 43 1 0 0 0 0 0 58 138 36 0 0 0 0 0 1 138 134 0 0 0 0 0 0 16 70 34 16 0 0 0 77 32 5 1 0 0 0 10 138 94 5 0 0 1 1 60 34 49 28 0 3 30 23 11 5 4 8 25 47 90 36 4 32 2 5 9 17 2 0 23 138 1 1 0 0 8 94 138 18 1 0 0 1 122 138 44 0 1 1 0 9 138 132 4 3 1 4 5 2 1 1 5 2 4 9 6 3 1 41 25 1 22 15 0 0 13 77 4 0 23 18 0 0 5 20 1 
128 37 0 0 0 0 0 5 83 55 21 4 0 0 2 3 3 4 23 68 128 21 6 2 2 0 0 22 97 19 0 0 128 5 0 0 0 0 2 91 95 11 2 10 5 3 33 101 1 0 1 28 128 127 19 9 16 4 0 10 105 75 0 3 45 0 0 0 0 0 16 128 7 0 0 0 1 5 128 128 0 0 0 3 96 128 128 37 25 7 0 0 37 37 0 3 20 2 0 0 0 0 2 11 5 4 14 9 0 2 39 15 3 10 6 3 0 16 37 7 8 6 2 0 0 2 2 1 
0 5 3 1 3 6 2 0 1 18 38 1 4 9 16 4 0 7 62 25 8 2 3 0 0 0 11 40 6 0 0 0 44 25 1 4 13 4 3 0 100 141 141 2 1 0 0 4 1 32 141 109 7 0 0 1 0 0 49 141 38 0 0 0 97 7 1 18 19 0 0 5 141 46 20 2 0 0 1 69 17 8 40 60 43 1 2 21 0 0 2 128 141 0 0 0 28 4 0 10 20 0 0 13 141 8 1 0 0 0 6 141 27 5 4 7 20 30 43 45 0 0 0 11 113 19 8 0 
33 8 35 19 0 2 12 15 24 38 121 33 1 0 9 13 9 13 123 51 4 4 56 21 12 17 20 32 5 5 17 9 60 14 33 41 34 29 11 43 123 68 81 11 0 4 0 72 15 28 123 86 9 9 23 2 14 59 84 123 11 2 5 3 61 55 3 3 14 39 44 39 123 71 1 0 6 23 11 52 27 4 2 4 45 103 104 30 6 9 25 13 2 6 56 119 87 34 0 6 2 0 1 25 54 27 2 3 4 37 76 34 11 0 1 1 28 80 90 17 27 16 0 0 1 4 11 59 
2 25 27 0 0 2 19 2 117 117 16 1 0 0 10 10 114 72 1 0 0 0 0 0 0 1 4 0 0 0 0 0 20 76 117 2 0 3 8 15 111 117 48 2 0 2 5 12 34 42 0 0 0 4 9 2 0 0 0 0 0 1 9 2 35 12 22 0 0 21 117 103 116 16 7 0 0 15 97 117 34 3 0 0 0 105 117 43 56 5 0 0 0 10 32 26 12 1 0 0 0 0 22 22 21 0 0 0 0 6 117 75 87 2 0 0 0 35 117 90 97 4 0 0 0 1 2 47 
5 84 47 25 0 0 0 0 17 122 122 10 0 0 0 0 20 57 87 51 4 0 0 0 5 76 32 32 3 0 0 0 29 58 29 44 46 10 18 40 122 95 72 21 0 0 5 119 12 14 122 90 0 0 0 2 15 105 58 20 0 0 0 0 29 4 11 26 36 18 25 40 122 8 5 7 0 1 9 122 44 2 14 17 0 2 37 51 6 19 11 4 0 1 24 11 32 18 12 23 6 7 6 11 122 42 7 9 22 13 21 32 9 1 1 1 27 23 122 95 0 0 0 0 0 2 118 32 
79 37 7 0 0 0 0 43 49 76 75 7 0 0 0 12 113 74 33 1 0 0 0 13 33 2 0 0 0 0 2 13 127 109 8 0 0 0 3 18 63 127 63 0 0 0 25 50 12 63 62 0 1 3 8 11 11 6 2 0 4 45 16 5 95 56 41 33 4 8 36 33 20 9 4 4 2 14 127 127 3 2 4 2 6 36 122 127 0 0 1 13 14 127 93 1 0 0 19 63 33 37 21 1 5 13 28 19 18 14 28 48 32 5 17 16 12 8 25 127 11 1 8 78 32 29 18 37 
11 69 28 52 0 0 0 2 34 118 66 12 0 0 0 0 13 87 57 75 2 0 0 0 11 118 34 10 0 0 0 0 31 51 24 105 54 11 17 28 118 93 83 24 1 1 2 106 22 74 107 78 0 0 0 2 29 83 26 1 0 0 0 0 22 3 3 26 67 27 59 43 118 10 5 14 5 3 7 118 44 10 18 15 0 2 43 58 17 10 2 0 0 0 16 25 23 31 22 51 26 2 3 14 118 23 10 34 19 5 15 43 18 3 0 5 34 12 118 93 23 0 0 0 0 0 61 73 
87 26 23 0 0 0 0 22 81 60 88 11 0 0 0 5 123 52 18 0 0 0 0 13 12 15 5 0 0 0 0 2 123 88 17 0 0 0 2 24 68 123 97 3 0 0 17 63 62 49 62 0 0 2 4 18 15 1 0 0 0 10 24 22 48 33 79 77 22 13 25 28 18 8 13 16 10 8 122 123 3 3 13 3 2 36 99 123 1 0 0 4 4 111 114 11 0 0 4 69 32 46 22 3 13 9 24 48 14 18 25 76 27 10 25 31 8 14 23 123 7 1 3 55 31 31 37 19 
21 80 15 0 0 0 0 1 25 109 124 20 0 0 0 2 8 9 63 44 0 0 0 9 10 1 2 4 0 0 0 7 130 56 3 0 0 0 0 18 130 94 109 47 1 1 4 9 0 1 78 130 40 16 6 0 3 0 4 62 31 7 1 4 130 0 0 0 0 0 2 46 130 3 1 2 1 56 130 65 0 2 3 26 36 130 130 1 0 2 5 14 37 61 16 0 80 0 0 0 0 0 5 69 32 11 4 0 0 42 59 63 2 31 26 4 0 23 33 3 0 5 11 10 6 3 2 0 
113 1 0 0 0 0 0 30 32 5 5 78 22 0 0 3 0 0 14 127 67 0 0 0 0 1 41 51 12 1 0 0 127 0 0 0 0 0 0 67 114 13 19 30 2 5 4 27 1 2 74 127 19 99 15 0 7 8 48 69 49 99 7 0 127 0 0 0 0 0 9 90 66 2 1 0 0 106 127 98 1 1 3 3 3 127 127 3 39 21 0 0 5 103 20 3 13 2 0 0 0 1 18 30 1 0 0 0 0 43 82 16 4 6 0 0 0 39 31 2 28 18 0 0 0 5 6 5 
17 9 0 1 1 0 0 3 39 75 86 10 0 0 0 0 0 7 135 72 0 0 0 0 1 3 92 35 0 0 0 0 71 7 0 3 0 0 0 8 135 88 42 5 1 0 0 11 14 19 135 77 7 10 3 1 0 0 113 77 3 4 4 0 55 5 10 27 0 0 0 9 135 5 1 1 1 22 15 81 23 1 2 5 8 128 105 12 0 0 2 6 3 30 135 0 10 5 18 60 0 0 0 3 83 0 3 29 2 38 25 86 2 0 0 0 3 135 86 18 0 0 0 0 0 14 103 8 
42 133 0 0 0 0 5 26 27 38 0 0 0 38 59 19 13 0 0 0 0 57 66 24 51 0 0 0 0 0 5 22 17 8 0 0 0 34 109 96 2 0 0 0 0 112 133 21 121 10 0 0 0 47 133 119 133 9 0 0 0 0 1 45 0 0 0 0 0 45 72 9 23 2 0 0 0 23 69 16 133 56 0 0 0 1 11 46 133 18 0 0 0 0 0 51 1 0 0 0 0 2 2 0 30 6 0 0 0 0 0 4 133 6 0 0 0 0 0 80 121 9 0 0 0 0 0 49 
4 4 4 2 2 16 63 41 4 2 0 0 0 71 137 17 42 0 0 7 2 12 74 103 12 0 1 30 11 0 0 6 14 1 8 6 9 50 138 79 33 4 10 4 3 78 147 34 147 25 0 0 0 12 42 81 62 6 1 27 10 0 0 5 7 26 113 73 9 10 3 5 31 58 147 51 2 2 16 4 147 82 61 3 0 0 1 32 64 2 0 4 9 1 0 15 15 26 44 22 0 0 0 4 10 36 117 20 0 0 0 9 40 49 85 4 0 0 0 6 26 7 0 0 0 1 2 8 
98 30 2 4 1 0 0 24 48 35 16 130 48 0 0 19 13 4 20 66 33 5 1 21 96 43 5 3 12 4 0 33 130 56 33 4 0 0 0 58 130 47 47 130 3 0 0 99 5 29 130 130 8 0 0 6 31 130 102 12 3 0 0 0 67 130 89 1 0 0 0 7 89 71 81 8 0 0 0 49 17 5 57 50 2 0 0 4 0 13 35 25 12 0 0 0 89 37 2 0 0 0 0 2 11 11 6 0 0 0 0 2 3 0 0 1 3 0 0 2 0 0 0 6 12 0 0 0 
5 8 0 0 0 4 39 16 21 15 0 0 0 0 8 19 3 9 0 0 1 1 0 0 0 0 0 0 3 1 0 0 14 10 2 0 3 59 137 113 137 2 0 0 3 2 28 137 17 1 0 0 10 34 29 19 0 0 0 0 2 20 20 11 41 47 11 1 8 29 12 23 137 26 1 0 21 38 13 81 26 0 0 0 91 137 106 71 1 0 0 0 0 64 137 71 51 36 1 1 4 28 5 1 116 59 0 0 12 131 57 17 6 1 0 0 46 137 52 20 5 0 0 0 1 26 61 38 
5 12 7 3 0 0 0 0 19 16 5 0 0 0 2 2 132 9 0 0 0 0 1 88 122 9 2 5 11 4 0 85 1 3 30 93 2 0 1 0 3 10 28 20 0 2 24 4 73 20 32 0 0 0 17 90 132 13 6 7 12 3 1 132 0 3 111 97 1 0 0 0 0 48 132 82 0 0 0 0 18 113 132 4 0 0 0 2 132 121 61 3 0 0 0 5 0 16 54 4 0 0 0 0 0 29 114 10 2 0 0 0 7 28 70 12 7 0 0 0 102 39 13 0 0 0 0 0 
1 7 16 4 0 99 101 6 8 8 10 2 0 131 131 15 64 1 0 0 0 7 131 108 12 0 0 0 0 2 93 33 0 0 0 0 2 116 131 5 32 0 0 0 18 97 69 24 131 2 0 0 0 1 17 131 65 13 6 0 0 0 4 31 4 0 0 0 2 3 24 15 27 15 0 5 23 4 4 12 131 74 0 0 0 0 0 55 116 8 1 0 0 0 0 35 6 1 0 0 0 0 6 13 32 77 1 0 1 1 1 5 113 93 0 0 0 0 0 4 54 4 0 0 0 0 0 20 
2 1 8 1 0 0 2 9 2 6 8 1 0 0 3 5 20 40 2 0 0 0 0 2 14 137 36 1 0 0 0 0 6 11 117 51 0 0 3 10 6 11 84 42 0 0 5 10 137 68 31 2 0 0 0 16 137 137 39 6 0 0 0 35 48 14 95 50 0 0 0 71 3 4 137 137 0 0 0 2 72 91 137 26 0 0 0 5 137 77 9 0 0 0 0 50 59 3 1 6 0 0 0 91 21 7 30 18 0 0 21 40 13 42 62 4 0 0 14 33 51 26 4 0 0 0 1 49 
21 2 0 0 0 5 63 138 13 1 0 0 0 138 138 67 11 0 0 0 2 87 138 64 6 0 0 0 20 40 17 18 0 0 0 0 0 6 82 86 31 0 0 0 0 71 138 67 138 8 0 0 0 6 45 108 43 4 0 0 34 24 5 35 3 0 0 1 2 3 7 5 71 5 0 0 9 4 9 15 138 61 0 0 0 4 2 14 30 13 0 0 19 71 24 5 11 0 0 0 2 3 1 6 70 8 0 0 10 12 0 6 138 15 0 0 3 45 28 33 3 4 0 0 7 119 23 2 
67 85 1 0 0 0 0 3 21 116 35 3 0 0 0 0 0 29 36 65 20 0 0 0 40 10 6 14 10 1 0 3 112 100 0 0 0 0 12 42 116 62 15 9 1 0 3 43 6 10 40 77 69 9 2 4 69 7 1 22 67 11 2 20 70 7 0 0 0 5 44 82 116 0 0 0 0 17 116 116 3 0 3 5 36 116 116 26 84 0 0 1 32 82 49 38 10 0 0 0 0 0 26 60 8 0 0 0 0 45 116 40 1 0 0 0 8 86 116 12 63 0 0 0 0 12 28 81 
14 11 27 1 0 0 0 9 15 49 113 3 0 0 0 1 75 37 93 11 0 0 1 29 19 13 8 7 0 3 33 33 95 13 5 0 0 0 0 38 128 128 108 3 0 0 0 23 13 37 128 57 3 10 5 7 0 3 63 128 12 12 17 8 128 12 0 0 0 0 0 10 128 26 0 0 0 2 63 81 11 4 6 5 15 58 117 54 0 0 6 39 21 46 53 10 45 0 0 0 0 1 6 20 38 0 0 0 0 10 128 77 10 0 0 2 3 5 88 128 8 1 6 23 3 4 8 37 
22 18 0 10 54 16 8 2 77 108 16 19 13 2 0 1 10 22 27 47 48 13 1 0 7 9 2 0 13 83 3 0 90 5 0 2 9 44 63 34 127 25 9 14 7 6 13 52 2 2 23 58 127 48 12 3 0 0 1 14 127 106 0 0 93 0 0 0 0 7 30 65 109 0 0 0 0 43 127 127 0 0 0 6 48 117 127 5 0 0 0 18 114 77 55 0 25 0 0 0 0 3 6 22 10 0 0 0 0 66 71 25 0 0 0 0 0 27 103 1 0 0 0 0 1 19 31 0 
34 9 15 40 1 0 1 51 7 43 95 54 0 0 0 2 12 15 40 117 15 0 0 8 83 16 13 20 4 0 2 70 98 34 27 24 3 0 1 25 119 116 80 77 1 2 0 4 4 8 118 119 13 4 2 0 20 17 35 81 37 28 23 14 83 18 14 5 1 2 4 21 119 15 3 7 19 56 17 65 3 0 7 71 40 119 119 9 1 2 5 84 62 44 80 5 19 19 12 21 2 2 2 7 65 31 3 2 55 53 21 33 6 7 16 18 78 90 44 3 14 27 13 0 0 8 33 4 
33 18 22 37 10 5 5 12 74 42 56 119 11 1 5 8 9 35 65 96 12 7 19 12 22 61 32 1 1 1 2 20 76 21 19 17 13 56 23 57 127 42 31 68 3 0 0 49 10 69 127 96 37 65 1 2 2 39 48 8 43 95 40 4 116 39 0 0 13 18 24 30 127 6 2 0 0 25 79 105 18 6 9 0 20 127 93 16 10 1 8 7 30 90 19 10 29 1 0 0 1 0 20 45 61 15 0 0 13 30 68 55 25 6 4 0 21 90 64 19 9 2 4 0 10 26 23 11 
0 0 0 29 30 30 22 0 4 0 1 87 63 11 20 6 134 15 3 11 3 0 1 123 134 20 0 0 0 0 0 61 2 2 5 92 25 19 17 6 2 4 18 124 25 15 25 0 134 134 15 18 4 1 0 13 134 93 0 0 0 0 0 18 8 2 7 23 10 9 17 15 5 22 92 95 5 2 1 2 134 78 107 20 0 0 0 19 134 12 0 0 0 0 0 61 13 9 28 6 2 0 2 6 29 23 28 3 0 0 0 12 60 40 29 0 0 0 0 11 95 15 1 0 0 0 0 32 
8 22 37 1 0 0 0 0 6 43 151 6 0 0 0 0 2 14 151 26 0 0 0 0 0 7 118 6 0 0 0 0 88 33 23 1 0 0 0 15 151 113 151 5 0 0 0 26 15 33 151 70 0 0 0 0 0 14 151 23 2 0 0 0 70 6 5 1 1 4 5 37 151 15 0 0 0 0 0 104 52 11 6 5 3 2 0 12 1 1 6 16 22 4 0 2 21 18 13 0 0 0 0 5 151 29 1 0 0 0 0 51 40 2 0 1 1 3 11 23 0 0 0 0 7 10 7 1 
136 2 0 0 0 0 0 15 145 17 3 0 0 1 1 27 3 16 22 4 0 1 1 0 0 0 6 10 9 2 0 0 145 16 0 0 0 0 2 22 145 46 0 0 0 0 16 39 4 4 2 2 1 16 57 8 0 1 1 2 10 28 54 2 145 4 0 0 0 0 5 47 145 4 0 0 0 34 145 119 0 0 0 0 0 134 145 9 2 0 0 0 0 73 145 26 36 1 0 0 0 0 7 22 24 0 0 0 0 18 87 37 5 0 2 5 4 40 59 6 11 0 0 0 1 7 13 17 
5 1 0 0 0 0 0 3 40 5 0 0 0 0 0 17 140 56 0 0 0 0 0 51 38 24 10 4 0 0 0 5 2 3 12 3 0 0 0 1 28 4 6 0 0 0 0 11 140 2 0 0 0 0 0 111 123 6 4 3 0 0 0 31 0 1 140 64 0 0 0 0 4 18 140 30 0 0 0 0 140 116 81 0 0 0 0 20 140 35 5 0 0 0 0 14 0 0 140 40 0 0 0 0 0 6 140 56 0 0 0 0 9 87 140 2 0 0 0 0 20 46 25 0 0 0 0 0 
9 4 0 0 0 7 21 8 5 1 0 0 0 50 98 4 6 0 0 0 0 31 137 48 29 0 0 0 0 0 13 53 1 0 0 0 0 87 137 29 0 0 0 0 0 137 137 2 78 0 0 0 0 36 137 132 137 0 0 0 0 0 3 104 0 0 0 0 0 36 61 7 3 0 0 0 0 26 28 4 137 7 0 0 0 0 4 29 137 16 0 0 0 0 0 17 0 0 0 0 0 4 5 0 5 0 0 0 0 4 2 4 137 17 0 0 0 0 0 5 137 11 0 0 0 0 0 8 
12 8 0 1 1 11 53 43 28 15 3 5 2 14 50 62 10 2 1 0 1 25 124 72 42 16 0 0 3 8 60 28 16 5 2 39 36 4 39 96 11 8 9 11 8 95 134 86 84 5 0 1 0 123 134 52 134 71 0 0 0 3 31 69 5 2 4 25 60 49 40 5 12 0 22 11 21 32 84 7 94 16 2 3 17 24 21 40 134 56 0 0 0 0 0 106 0 1 42 22 1 13 24 0 1 3 11 23 3 11 22 1 98 29 1 1 0 3 2 10 134 48 0 0 0 0 0 30 
2 6 6 0 0 1 1 2 21 14 6 0 0 0 4 5 136 6 0 0 0 0 1 90 136 10 2 0 3 2 0 77 0 3 29 32 0 0 15 5 2 6 30 5 0 0 32 13 77 13 22 0 0 0 10 102 136 10 1 1 5 3 1 136 0 4 135 106 0 0 0 0 0 59 136 14 0 0 0 1 28 61 136 28 0 0 0 2 136 113 39 4 0 0 0 6 0 9 85 13 0 0 0 0 0 22 114 17 4 2 0 0 11 20 84 12 3 0 0 2 89 61 19 0 0 0 0 0 
1 1 5 4 1 102 98 5 3 2 5 2 1 132 132 10 47 2 0 0 0 8 132 103 17 0 0 0 0 4 81 37 0 0 0 0 2 132 132 2 24 0 0 0 13 117 65 18 132 8 0 0 0 2 20 86 74 9 3 0 0 3 4 24 3 0 0 0 3 9 35 11 23 2 0 4 33 12 3 9 132 10 0 0 0 1 0 93 123 9 3 1 0 0 0 43 5 0 0 1 1 1 3 7 23 13 0 2 16 2 2 5 132 82 0 0 0 0 0 6 94 14 0 0 0 0 0 13 
14 17 0 0 0 13 14 4 4 6 0 0 0 27 120 11 2 0 0 1 13 31 117 27 1 0 4 18 43 7 3 7 8 0 0 0 49 123 19 9 7 0 0 7 57 126 126 12 122 0 0 0 0 20 126 126 61 0 0 14 61 7 11 72 2 0 0 11 126 57 2 9 19 1 0 69 126 31 2 2 126 5 0 6 9 0 1 43 72 1 0 0 21 28 33 63 5 0 0 7 74 17 0 8 16 5 6 62 86 13 0 0 125 70 1 16 20 0 0 4 25 19 4 14 9 8 5 2 
3 1 0 2 61 24 8 11 24 0 0 10 115 29 1 52 81 12 4 3 9 2 5 80 62 5 3 15 3 0 0 21 13 22 30 64 65 2 1 4 13 1 0 82 124 2 0 16 124 40 2 3 12 0 1 114 124 50 6 7 0 0 0 14 55 12 15 94 38 0 0 20 0 27 124 124 102 0 0 1 55 124 124 14 6 0 0 8 56 111 21 14 6 0 0 0 56 0 1 9 1 0 4 31 18 37 99 32 1 0 1 8 0 48 107 7 5 2 0 0 0 10 13 4 12 17 0 0 
4 13 0 0 14 6 0 0 5 67 59 4 3 1 0 0 0 70 78 22 11 0 0 0 0 6 12 20 15 8 0 0 55 55 0 2 7 4 0 0 127 129 101 5 0 0 0 1 7 48 129 129 2 0 0 1 0 2 118 129 5 0 0 0 113 29 3 1 1 2 1 19 129 50 2 1 0 0 3 97 29 10 46 47 0 0 14 69 2 1 99 108 8 0 1 7 46 4 8 6 0 0 2 12 105 0 0 0 0 0 35 114 20 0 0 0 0 0 41 129 5 0 1 3 6 5 14 42 
80 20 3 0 0 0 1 18 136 43 0 0 0 0 0 35 27 5 2 3 43 37 1 6 0 0 0 0 71 67 0 0 101 38 16 0 0 0 5 38 136 53 0 0 0 4 13 62 27 2 0 0 72 105 23 8 0 0 0 10 117 115 7 0 34 4 4 0 0 0 20 100 78 1 0 0 0 8 136 136 2 0 0 0 3 136 136 15 2 1 0 0 8 136 52 1 3 2 5 0 0 0 12 13 3 5 9 0 0 1 88 28 1 2 5 3 0 20 97 4 8 2 3 1 1 11 17 7 
5 29 4 0 0 1 2 3 7 42 92 36 1 1 0 0 0 20 114 39 0 0 1 0 0 70 81 0 0 0 0 0 75 40 1 0 0 0 0 25 145 141 92 26 0 0 0 3 14 85 145 44 0 0 1 1 0 66 145 14 0 0 0 0 78 3 0 0 0 0 0 71 145 36 0 0 0 0 0 145 41 24 14 1 0 0 18 53 9 6 13 6 0 1 8 7 28 5 0 0 0 0 0 12 145 25 0 0 0 0 0 117 74 39 2 0 0 0 1 41 7 22 4 0 0 0 0 2 
77 0 0 0 0 0 0 52 152 17 0 0 0 0 0 57 23 10 0 1 7 7 8 6 4 0 0 0 0 2 7 20 106 52 0 0 1 0 0 11 152 68 0 0 1 2 13 70 21 1 0 0 16 51 39 26 3 0 0 0 1 31 61 40 89 38 1 1 0 0 8 48 85 29 0 0 0 4 152 152 1 0 0 0 0 131 152 45 0 0 0 0 0 95 152 36 4 0 0 0 2 2 6 31 1 0 0 0 0 30 74 40 0 0 0 0 0 65 91 4 0 0 0 0 0 11 39 8 
0 0 0 0 2 113 55 2 0 0 0 0 0 58 119 38 30 0 0 0 10 75 61 87 84 0 0 0 63 16 2 62 0 1 0 0 6 119 30 0 3 1 1 2 0 34 78 36 82 1 0 0 4 21 46 116 119 1 1 3 119 32 1 50 36 3 7 2 5 45 6 6 40 11 65 72 2 1 2 6 89 25 61 16 0 0 9 27 119 25 6 2 71 47 7 20 60 1 0 0 0 1 0 12 119 15 79 76 0 0 0 26 14 65 119 44 0 0 0 0 30 50 29 17 73 6 0 1 
35 19 1 0 0 0 0 1 25 89 31 14 1 0 0 0 24 28 93 44 4 0 0 2 118 47 19 0 0 0 0 20 110 96 11 0 0 0 0 7 67 140 88 15 0 0 0 10 6 57 140 52 1 0 0 0 16 70 93 21 14 1 0 1 96 27 4 0 0 0 0 90 140 51 5 0 0 0 2 140 23 7 21 14 18 1 1 45 0 0 5 21 56 2 0 0 10 10 12 1 0 0 0 15 140 18 14 2 0 0 0 140 124 6 0 3 9 0 0 46 0 0 0 15 21 0 0 0 
113 4 4 17 14 0 0 2 2 72 61 46 18 0 0 0 7 94 73 60 3 0 0 0 24 108 4 0 0 0 0 0 117 21 10 2 0 0 0 19 24 117 54 17 0 0 0 2 12 50 57 73 3 0 0 0 53 76 4 0 0 0 0 1 117 5 0 0 0 0 0 108 85 22 3 2 1 11 24 76 9 5 5 20 15 99 71 30 28 9 0 0 0 4 51 99 87 3 0 0 0 0 6 68 34 0 0 0 0 90 104 65 1 0 0 0 0 117 117 26 21 0 0 0 0 2 59 117 
19 35 26 1 0 0 0 1 38 113 127 11 0 0 0 0 16 68 127 96 0 0 0 0 0 32 103 16 0 0 0 0 107 50 22 5 0 0 0 14 127 104 91 11 0 0 0 34 13 31 107 72 7 2 0 1 0 2 74 96 2 0 0 0 55 20 32 63 1 0 3 31 127 4 2 2 1 0 0 127 30 0 0 4 19 7 2 23 1 0 6 28 9 2 2 8 12 11 45 127 1 0 0 2 113 44 72 64 0 1 0 86 64 13 3 2 15 5 0 30 0 0 0 0 6 7 5 4 
58 16 0 0 0 0 0 30 48 29 1 0 2 2 0 2 0 9 9 3 6 5 0 0 0 6 14 1 0 5 12 4 130 25 0 0 0 0 13 118 68 31 9 1 0 2 15 17 0 11 13 3 14 130 5 0 43 6 2 1 12 130 70 56 130 11 0 0 0 0 69 130 93 3 1 0 0 71 130 124 3 1 0 1 16 130 70 1 107 59 1 2 10 81 11 13 26 0 0 0 0 2 23 49 18 0 0 0 0 34 130 66 21 2 0 0 0 57 64 23 50 34 0 0 0 9 35 28 
48 42 0 0 0 0 0 0 72 139 17 0 0 0 0 0 3 137 70 4 0 0 0 0 0 12 21 49 40 7 0 0 105 35 1 0 0 0 0 17 139 68 1 0 0 4 3 95 26 29 7 2 6 81 42 17 1 1 0 8 42 139 34 4 30 6 5 11 11 1 0 33 135 1 0 0 0 24 106 139 13 2 0 0 1 139 139 29 1 10 6 0 14 138 73 0 1 1 5 6 5 3 1 5 2 5 8 5 2 3 36 19 4 30 12 0 0 12 43 2 10 47 12 0 0 1 3 0 
128 34 0 0 0 0 0 2 89 64 12 3 0 1 1 3 4 3 17 56 128 27 5 3 1 0 0 13 103 28 0 0 128 10 0 0 0 0 1 108 92 9 1 9 10 4 26 128 1 0 0 17 128 128 14 10 18 7 0 7 98 69 0 3 47 0 0 0 0 0 10 116 6 0 0 1 3 14 128 128 0 0 0 1 97 128 112 41 33 11 0 0 22 33 0 4 19 6 2 1 0 0 2 6 3 4 9 14 1 2 36 19 5 8 4 2 1 16 32 5 15 9 1 0 0 1 3 2 
0 3 2 1 4 4 2 0 1 16 40 2 4 9 12 5 0 4 58 21 8 3 5 1 0 0 7 35 9 0 0 0 37 14 1 6 21 2 1 0 137 138 139 3 0 0 0 5 3 17 139 115 4 0 0 2 0 0 48 139 31 0 0 0 68 8 1 25 25 0 0 2 139 38 17 1 0 0 0 63 27 9 42 61 34 0 0 28 0 0 3 137 139 0 0 0 19 1 0 11 24 3 0 9 139 7 1 0 0 0 2 139 33 5 5 5 21 19 34 56 0 0 0 12 113 13 8 0 
58 10 9 39 15 0 0 3 129 65 27 1 0 0 0 4 59 28 8 0 0 17 4 13 5 0 0 0 1 78 24 6 64 27 18 50 6 0 0 14 129 67 20 3 0 0 0 1 10 17 22 17 93 85 2 2 16 0 0 0 44 129 45 41 100 17 10 13 0 0 0 62 129 44 3 2 4 1 0 10 22 3 1 5 129 100 0 5 52 0 0 0 106 92 19 43 105 4 0 0 0 0 0 92 82 10 0 0 3 10 9 33 4 0 0 0 129 102 7 7 26 0 0 0 101 20 4 12 
37 4 0 0 0 0 1 3 202 23 4 1 2 0 0 17 38 72 55 4 3 0 0 0 0 11 58 15 0 0 0 0 60 5 0 0 3 3 3 3 202 57 0 0 0 0 0 7 93 49 1 0 0 0 0 2 6 4 6 11 2 0 0 4 60 4 0 0 1 0 0 3 202 6 0 0 0 0 0 73 97 4 0 0 0 0 1 19 2 0 0 0 0 1 6 11 19 2 0 0 0 0 0 3 202 0 0 0 0 0 0 165 108 0 0 0 0 0 0 67 0 0 0 0 0 0 2 3 
26 0 0 0 6 41 3 19 0 0 0 0 7 90 93 41 1 0 0 0 0 0 104 112 22 0 0 0 0 0 14 72 36 0 0 2 79 74 10 24 1 2 0 9 103 115 112 29 90 23 0 0 0 1 115 115 115 5 0 0 0 0 14 115 17 0 0 16 66 21 26 25 4 31 81 115 95 14 9 2 58 115 71 5 3 1 6 8 115 28 5 1 10 5 17 67 19 7 0 2 3 8 13 8 25 19 46 18 3 9 8 5 21 48 36 4 27 10 0 3 78 51 5 5 29 16 0 3 
11 13 14 32 4 0 0 0 82 16 14 0 0 0 0 52 123 0 0 0 0 0 0 101 83 0 0 0 0 0 0 47 0 22 72 123 20 0 0 0 22 29 44 35 28 6 5 17 123 51 5 1 0 1 3 66 123 29 0 0 0 0 0 27 10 2 54 123 34 0 0 12 2 24 123 100 14 1 0 0 112 123 123 3 0 0 0 0 100 76 2 0 0 0 0 0 29 3 29 34 0 0 0 29 1 10 123 40 0 0 0 0 4 68 123 2 0 0 0 0 6 46 14 0 0 0 0 0 
0 0 0 0 0 63 38 0 0 0 0 0 0 33 126 4 5 0 0 0 0 4 114 71 10 0 0 0 0 0 6 49 0 0 0 0 1 126 77 0 2 0 0 1 6 105 126 25 109 0 0 0 0 8 99 126 99 0 0 0 0 0 3 85 1 0 0 0 2 126 47 4 31 18 18 3 9 47 31 30 126 69 12 1 0 1 4 55 126 21 0 0 0 5 1 20 3 2 0 0 0 33 29 8 66 50 3 0 0 2 5 61 110 126 5 0 1 6 0 11 39 43 1 0 4 62 22 0 
57 20 4 0 0 0 0 22 17 38 70 7 1 0 0 3 8 13 73 8 1 0 9 11 4 6 23 2 0 0 9 22 140 107 3 0 0 0 0 14 73 140 140 7 0 0 0 2 0 4 140 75 4 0 0 0 1 5 117 76 10 0 0 2 140 9 0 0 0 0 0 93 140 33 12 1 0 2 5 83 2 2 33 30 18 43 12 2 0 0 30 41 52 28 0 0 140 1 0 0 0 0 0 63 140 19 4 0 0 0 0 61 7 9 47 15 3 6 1 0 0 3 69 12 3 2 0 0 
36 1 0 0 10 14 1 14 115 55 20 3 0 0 0 7 46 27 46 23 0 0 0 4 57 3 1 0 0 0 0 11 81 3 0 1 17 12 7 21 136 37 3 2 0 0 0 27 34 19 16 44 7 5 4 4 37 6 2 2 0 6 34 14 60 4 3 0 1 2 8 40 136 1 1 0 0 3 68 136 12 0 0 2 4 130 136 34 0 0 0 0 0 136 136 4 8 0 0 0 0 26 36 19 4 0 0 0 0 28 136 86 0 0 0 0 0 122 136 11 0 0 0 0 0 94 73 0 
70 32 0 0 0 0 0 22 66 11 0 0 0 24 42 56 26 0 0 0 0 13 66 123 37 0 0 0 0 0 0 77 37 86 7 1 4 22 7 5 28 19 7 3 15 123 62 15 123 19 3 0 1 29 50 88 123 3 0 0 0 0 0 54 0 8 87 54 11 13 2 1 5 38 123 38 21 39 2 2 123 123 70 1 1 1 0 5 123 35 2 0 0 0 0 5 0 1 98 38 0 0 0 0 0 41 123 65 0 0 0 0 4 123 94 1 0 0 0 0 17 38 29 1 0 0 0 0 
0 0 0 0 0 71 50 0 0 0 0 0 0 40 120 8 0 0 0 0 0 0 120 49 16 1 0 0 0 0 29 34 0 0 0 11 57 120 25 0 4 0 0 30 67 71 120 30 74 3 0 1 0 1 120 120 118 4 0 0 0 0 8 98 0 0 0 15 28 32 90 42 11 9 9 120 86 13 21 25 120 69 11 29 3 1 5 24 120 57 1 0 0 0 0 47 3 0 0 0 0 3 34 70 22 13 4 17 12 1 12 67 83 100 6 9 2 0 0 0 55 78 0 0 0 0 0 0 
4 28 18 5 72 31 0 0 1 92 124 20 1 0 0 0 6 28 126 49 0 0 0 0 104 80 48 0 0 0 0 3 126 43 7 2 15 44 4 12 110 126 95 8 0 0 0 19 5 52 126 35 0 0 0 1 15 87 122 0 0 0 0 0 126 1 0 0 2 3 0 42 126 11 1 0 0 0 0 126 54 12 14 0 0 0 1 34 0 2 9 0 0 3 4 1 59 18 1 0 0 0 0 24 126 49 0 0 0 0 0 68 84 9 0 0 0 1 1 29 0 0 0 0 0 4 5 0 
46 11 0 0 0 0 47 47 127 31 0 0 0 0 17 83 39 3 0 1 2 1 0 6 0 0 0 2 6 0 0 0 119 106 0 0 0 0 0 13 127 126 0 0 0 0 4 28 31 4 0 0 1 5 47 10 0 0 0 0 5 6 37 2 127 10 10 5 0 0 5 66 100 6 0 0 0 10 127 127 2 0 0 0 0 72 127 19 3 0 0 0 0 15 127 77 11 1 38 102 9 0 9 21 2 0 1 28 11 2 127 49 0 0 0 0 0 17 127 19 8 0 0 0 0 5 56 63 
35 99 1 0 0 0 10 35 20 26 0 0 0 37 75 15 17 0 0 0 0 44 65 26 50 1 0 0 0 0 2 16 10 2 0 0 0 35 137 92 3 0 0 0 0 76 137 21 137 11 0 0 0 30 134 136 137 6 0 0 0 0 1 33 0 0 0 0 0 33 66 7 40 6 0 0 0 10 61 19 137 73 0 0 0 0 8 48 133 16 0 0 0 0 0 42 2 0 0 0 0 0 1 0 47 7 0 0 0 0 0 6 137 7 0 0 0 0 0 85 111 13 0 0 0 0 0 34 
37 22 3 0 0 0 0 12 30 49 101 0 0 0 2 4 65 36 75 19 1 0 0 6 13 17 45 84 20 1 0 0 127 51 13 0 0 0 0 15 127 121 127 1 0 0 0 32 24 39 127 59 15 16 4 2 20 15 27 44 101 105 1 4 67 16 25 3 0 0 0 30 127 15 7 0 0 6 32 127 5 6 5 7 19 127 104 39 0 0 0 15 85 127 14 1 32 18 12 2 1 0 0 3 21 20 21 3 10 9 27 53 5 4 5 3 6 49 73 17 0 2 6 10 9 16 13 1 
48 89 22 2 0 1 13 15 22 43 109 105 4 2 18 12 0 18 84 125 16 1 0 0 7 11 8 12 14 1 1 3 78 20 0 0 0 8 64 37 127 53 16 19 5 1 25 44 4 6 19 127 99 41 5 6 4 3 7 51 68 19 6 4 94 0 0 0 3 5 31 51 127 0 0 0 0 37 127 124 6 0 0 6 32 127 127 16 20 4 7 7 25 55 23 23 5 0 0 0 0 13 35 19 11 0 0 0 0 20 127 50 24 2 0 0 0 33 65 18 12 2 1 0 0 3 32 14 
29 67 11 0 0 0 0 0 7 101 119 7 0 0 0 0 11 94 81 13 0 0 0 0 5 29 37 8 1 0 1 0 119 61 9 1 0 0 0 24 119 83 117 37 8 1 3 25 20 18 54 88 84 10 16 15 16 12 13 10 26 97 42 11 103 2 2 5 3 3 4 76 105 2 1 4 6 25 119 119 0 0 0 13 85 119 119 9 5 2 1 0 13 119 47 6 8 1 1 1 0 0 3 13 6 9 10 2 0 5 85 44 1 9 20 8 1 35 65 5 4 0 0 4 4 10 5 3 
61 6 0 0 0 0 0 35 59 23 13 10 6 4 10 36 2 3 8 79 119 20 12 8 5 0 0 15 26 2 9 8 119 72 0 0 0 0 0 22 65 111 94 23 4 4 8 19 1 1 79 119 119 28 11 4 1 3 4 23 82 10 0 0 119 18 0 0 0 0 19 119 56 33 8 2 8 15 119 119 1 1 8 29 119 119 79 10 31 9 3 4 57 50 1 5 16 1 0 0 0 0 14 42 6 1 7 5 1 6 119 57 4 2 2 1 7 65 87 11 11 3 1 0 1 8 9 4 
2 10 9 2 7 2 0 0 7 60 101 6 3 0 3 1 1 5 118 51 6 2 3 1 0 0 17 56 12 0 0 0 63 46 2 6 30 4 1 4 118 118 93 7 1 1 8 28 6 15 118 118 69 35 9 1 0 0 16 118 118 17 0 0 77 8 0 0 5 5 5 25 118 23 6 1 1 2 83 118 6 6 10 20 66 96 97 15 0 0 0 37 118 48 0 0 16 4 13 5 2 0 0 14 111 15 7 4 1 2 3 102 16 8 12 35 43 21 10 23 0 0 0 40 56 3 0 0 
