1 18 2 0 0 0 0 0 1 66 89 4 0 0 0 0 0 11 100 41 1 0 0 0 0 13 27 7 1 0 0 0 78 56 1 0 0 0 0 1 133 133 133 20 0 0 0 14 2 8 133 133 25 2 0 0 0 4 26 108 37 0 0 0 110 14 0 0 0 0 0 15 133 8 0 0 0 9 32 133 4 0 0 47 43 133 93 22 1 0 0 40 92 63 22 3 26 22 0 0 0 0 0 3 23 4 0 0 0 7 43 95 1 1 2 0 15 91 71 19 4 4 2 0 6 15 11 4 
14 8 0 0 0 0 0 17 26 98 55 30 2 0 0 1 0 18 80 103 6 3 4 1 0 6 11 14 6 0 0 1 112 19 0 0 0 0 0 44 135 135 27 22 0 0 0 20 5 9 75 135 76 57 0 0 0 0 8 39 94 40 3 0 77 1 0 0 0 0 3 70 135 5 0 0 0 42 112 135 2 0 0 1 38 135 125 11 0 0 0 0 31 93 40 0 0 0 0 0 0 0 4 21 1 0 0 0 0 8 93 58 0 0 0 0 0 41 82 8 0 0 0 1 1 8 12 1 
4 29 2 0 0 0 0 0 4 108 108 7 0 0 0 0 0 10 122 69 0 0 0 0 0 7 31 21 1 0 0 0 109 56 0 0 0 0 0 2 122 122 75 13 0 0 0 14 1 5 110 122 11 5 1 0 0 0 20 122 58 4 0 0 118 13 0 0 0 0 0 25 122 3 0 0 0 9 22 122 3 0 0 15 12 122 76 15 1 0 0 34 77 99 40 3 23 12 0 0 0 0 0 7 20 1 0 0 0 7 44 111 0 0 1 2 16 98 69 21 7 5 5 4 10 25 19 6 
28 34 0 0 0 0 0 3 24 94 80 54 4 0 0 0 2 15 96 109 8 3 3 1 0 4 15 22 11 0 0 0 123 39 0 0 0 0 0 30 123 78 31 26 0 1 0 7 0 0 72 123 66 44 0 0 0 0 8 36 111 41 1 0 115 1 0 0 0 0 4 103 104 1 0 0 0 42 99 123 0 0 0 0 39 123 85 1 0 0 0 0 38 105 25 0 1 0 0 0 0 0 10 35 1 0 0 0 0 16 123 72 0 0 0 0 0 69 88 2 0 0 0 0 0 14 13 0 
9 34 3 0 0 0 0 0 16 129 130 13 0 0 0 0 0 8 130 119 1 0 0 0 0 8 31 25 1 0 0 0 117 41 0 0 0 0 0 6 130 130 56 12 0 0 2 56 2 4 66 130 49 27 11 2 0 0 14 114 73 11 0 0 76 29 0 0 0 0 0 17 121 3 0 0 0 14 70 130 3 0 0 9 30 130 130 27 2 1 0 14 63 59 35 5 10 22 0 0 0 0 0 1 8 4 0 0 0 3 25 34 1 1 2 2 10 33 36 8 3 3 2 0 2 3 4 2 
11 19 1 0 0 0 0 8 7 43 73 46 4 2 2 0 5 12 42 40 4 2 8 0 0 1 2 5 2 0 0 0 124 58 0 0 0 0 0 28 108 124 89 85 2 1 0 2 0 4 79 124 120 26 0 0 0 0 0 11 46 13 6 0 124 7 0 0 0 0 3 110 115 9 0 1 7 82 80 124 0 0 0 12 122 124 38 0 0 0 0 0 27 46 35 0 5 0 0 0 0 0 11 50 4 0 0 0 0 40 124 82 0 0 0 0 0 92 64 2 0 0 1 1 0 11 14 0 
0 8 2 0 18 35 0 0 0 63 71 3 3 4 0 0 0 22 77 33 3 0 0 0 0 31 29 5 3 0 0 0 72 64 2 0 9 18 0 0 136 136 136 36 0 0 0 7 0 11 136 136 10 6 0 0 0 19 54 69 18 3 0 0 125 19 0 0 1 1 0 27 136 19 3 2 0 8 20 136 2 0 12 61 57 136 35 31 6 4 4 35 49 77 19 7 28 2 0 0 0 0 5 20 43 2 0 0 0 4 32 136 3 1 2 7 27 66 62 41 5 6 6 7 10 19 3 2 
9 1 0 0 0 0 5 36 34 49 49 32 4 2 1 7 9 24 97 59 9 5 9 7 1 5 12 12 9 3 1 0 89 8 0 0 0 0 4 58 135 96 39 17 0 0 0 20 12 19 132 95 101 50 0 0 0 1 8 21 114 65 11 0 53 3 0 0 0 0 6 70 135 4 0 0 0 21 112 135 7 0 0 0 53 135 135 22 0 0 0 0 60 117 18 0 1 1 18 1 0 0 3 15 1 1 25 2 0 3 74 57 0 0 18 1 0 31 106 9 0 0 6 0 0 17 19 0 
58 5 0 0 0 0 0 4 11 29 54 0 0 0 0 0 2 15 87 8 1 0 0 0 0 0 14 26 25 0 0 0 129 18 0 0 0 0 0 12 129 129 129 0 0 0 3 15 0 22 129 64 51 12 7 0 0 0 21 74 129 6 0 0 129 1 0 0 0 0 0 49 129 11 1 0 0 2 129 129 0 0 2 4 32 100 129 13 0 0 0 9 108 77 26 0 77 0 0 0 0 0 0 28 23 0 0 0 0 0 33 33 1 0 0 0 0 5 65 6 0 0 0 1 9 7 10 1 
25 15 5 0 0 0 0 1 4 36 93 0 0 0 0 0 0 14 115 15 1 0 0 0 0 0 14 34 24 0 0 0 119 39 5 0 0 0 0 9 101 119 119 0 0 0 1 5 0 14 119 59 85 9 0 0 0 0 10 62 119 1 0 0 119 2 0 0 0 0 3 62 114 13 4 0 0 12 119 119 0 0 3 5 57 119 119 0 0 0 0 15 119 65 15 0 37 0 0 0 0 0 2 25 8 0 0 0 0 4 85 56 0 0 0 0 0 25 106 2 0 0 0 0 8 19 14 0 
3 26 1 0 2 0 0 0 3 75 63 7 0 0 0 0 0 32 90 17 0 0 0 0 1 34 11 1 0 0 0 0 96 83 1 0 4 0 0 2 95 127 127 20 0 0 0 6 0 6 127 127 16 5 0 0 0 5 47 67 36 14 0 0 127 13 0 0 1 0 0 42 127 18 7 1 0 0 29 127 0 0 19 24 111 75 40 25 6 2 7 24 103 90 14 3 33 0 0 0 0 0 1 27 18 0 0 0 0 0 70 127 1 0 0 1 29 36 127 63 2 1 5 14 29 20 11 1 
16 4 0 0 0 0 4 13 41 46 80 32 4 1 2 2 10 43 132 46 11 1 5 3 0 4 15 28 33 5 0 0 81 3 0 0 0 0 10 52 132 53 42 4 0 0 0 16 12 12 108 33 95 23 0 0 0 0 6 21 132 49 0 0 68 3 0 0 0 0 8 54 132 1 0 0 0 7 92 132 10 0 0 0 44 132 132 22 0 0 0 0 75 132 17 0 0 0 0 0 0 0 15 20 0 0 1 0 0 3 100 69 0 0 3 0 0 50 132 9 0 0 1 0 0 25 21 0 
94 2 0 0 0 0 0 3 23 13 18 0 0 0 0 1 4 12 40 3 3 0 0 1 0 0 8 14 32 0 0 0 132 8 0 0 0 0 0 14 132 132 132 0 0 0 5 14 1 44 132 49 31 14 16 1 0 0 32 80 129 10 0 0 132 1 0 0 0 0 0 41 132 23 5 0 0 2 132 132 1 2 12 6 22 82 132 14 0 0 0 10 106 68 33 0 92 0 0 0 0 0 0 35 42 0 0 0 0 0 19 31 3 0 0 0 0 1 39 7 0 0 0 3 11 2 6 1 
3 14 1 0 9 35 0 0 10 119 102 6 2 3 0 0 0 28 134 84 0 0 0 0 0 11 43 23 1 0 0 0 79 45 0 0 4 11 0 3 134 134 63 11 0 0 0 59 6 16 116 134 9 31 3 8 0 5 47 128 34 27 5 0 67 10 0 0 0 0 4 25 121 3 0 0 0 0 27 134 3 0 2 13 35 134 87 96 7 6 6 19 39 100 28 11 30 4 0 0 0 2 9 8 62 12 0 0 0 0 9 40 8 1 1 3 6 23 48 29 2 4 6 5 4 32 11 0 
23 13 4 0 0 0 1 24 22 34 81 67 6 1 8 4 9 19 60 46 10 1 7 4 0 0 9 27 5 4 3 0 127 29 0 0 0 0 0 42 127 67 94 51 7 5 0 6 0 5 75 95 127 68 1 0 0 0 0 3 39 49 29 0 113 3 0 0 0 0 8 127 102 3 0 0 6 90 127 127 0 0 0 0 122 127 74 0 0 0 0 3 37 56 18 0 1 1 10 0 0 0 7 34 0 1 14 2 0 16 120 52 0 0 12 1 0 43 73 1 0 0 3 1 1 13 13 0 
1 17 2 0 0 0 0 0 1 73 70 1 0 0 0 0 0 16 126 33 0 0 0 0 0 10 35 14 0 0 0 0 63 49 0 0 0 0 0 0 128 128 104 5 0 0 0 7 3 18 128 128 2 1 0 0 0 0 44 128 34 0 0 0 104 10 0 0 0 0 0 13 128 10 0 0 0 2 7 128 9 0 5 20 5 109 46 28 0 0 1 60 73 116 40 2 27 16 0 0 0 0 0 6 34 2 0 0 0 3 32 128 1 0 0 0 10 106 86 46 3 2 4 6 15 57 27 5 
39 29 0 0 0 0 0 9 55 132 53 37 1 0 0 0 1 12 90 132 7 3 1 0 1 5 25 37 19 0 0 0 132 18 0 0 0 0 0 40 132 63 6 8 0 1 1 28 2 2 32 101 53 71 4 0 0 0 8 37 127 68 1 0 67 0 0 0 0 0 4 90 89 0 0 0 0 31 132 132 0 0 0 0 17 132 132 9 0 0 0 0 25 112 37 0 0 0 0 0 0 0 4 20 0 0 0 0 0 4 80 46 0 0 0 0 0 29 76 8 0 0 0 0 0 9 15 0 
14 50 9 0 0 0 0 0 12 102 132 39 0 0 0 0 0 2 91 124 2 0 0 0 0 6 30 11 0 0 0 0 132 63 1 0 0 0 0 12 132 104 71 47 2 0 2 35 0 0 44 132 95 11 7 0 0 1 22 68 46 1 0 0 99 30 0 0 0 0 0 44 104 1 0 0 0 31 102 132 0 0 0 28 77 132 132 8 0 0 1 19 67 26 16 3 9 15 0 0 0 0 0 4 6 1 0 0 1 13 43 42 1 5 5 2 12 42 41 6 1 3 1 0 2 2 5 4 
5 5 0 0 0 0 0 9 7 42 46 25 4 2 1 0 3 14 45 33 5 5 7 3 0 3 4 5 2 0 0 0 85 27 0 0 0 0 2 32 127 127 85 49 1 0 0 1 0 10 120 127 81 12 0 0 0 0 3 24 62 13 3 0 127 6 0 0 0 0 1 69 127 19 1 1 2 32 31 127 0 0 2 22 127 127 23 2 0 0 0 1 58 72 22 0 12 0 0 0 0 0 6 39 20 0 0 0 0 33 127 127 0 0 0 0 2 127 90 4 0 0 0 1 1 23 12 0 
31 2 0 0 0 0 0 3 105 62 60 21 8 0 0 0 2 8 37 70 106 0 0 0 0 0 0 3 17 0 0 0 48 5 4 4 0 0 0 8 133 13 1 6 40 5 0 36 17 2 2 30 133 25 0 2 0 4 9 11 25 17 0 0 14 3 2 0 0 0 54 111 133 2 0 0 17 37 94 133 9 0 1 8 117 133 96 19 0 0 3 6 8 133 35 1 0 0 0 6 6 1 44 48 0 0 0 0 0 8 133 76 0 0 0 0 0 72 133 5 0 0 0 0 3 56 32 0 
3 46 22 0 0 0 0 0 0 99 129 6 0 0 0 0 0 12 129 57 0 0 0 2 2 3 75 42 0 0 0 6 24 129 21 0 0 0 2 5 129 129 94 31 5 0 1 14 20 19 99 129 104 1 0 0 0 0 53 57 18 3 3 1 27 49 0 0 0 6 10 12 129 4 0 3 7 0 4 87 58 2 0 106 129 12 5 22 0 0 0 22 72 2 2 2 7 1 0 0 0 3 2 4 77 0 0 0 0 1 15 85 19 0 0 9 66 59 80 47 0 0 0 9 45 9 4 0 
75 42 0 0 0 6 2 3 53 57 18 3 3 1 0 0 0 22 72 2 2 2 0 0 0 9 45 9 4 0 0 0 129 57 0 0 0 2 0 12 99 129 104 1 0 0 20 19 0 107 129 12 5 22 58 2 0 9 65 59 80 47 19 0 129 6 0 0 0 0 0 99 94 31 5 0 1 14 129 129 0 3 7 0 4 88 129 4 0 0 0 1 14 85 77 0 22 0 0 0 0 0 3 46 21 0 0 0 2 5 24 129 0 0 0 6 10 12 27 49 0 0 0 3 2 4 7 1 
0 21 6 0 0 1 0 0 0 70 97 3 0 0 0 0 0 16 126 38 0 0 0 0 0 1 18 22 5 0 0 0 60 112 3 0 0 0 0 0 81 129 104 13 0 0 0 0 0 12 118 129 12 0 0 0 0 0 16 129 19 0 0 0 129 37 0 0 0 0 0 31 129 25 0 0 0 1 1 80 2 0 0 62 20 30 23 3 0 0 1 129 75 27 17 0 48 1 0 0 0 0 0 35 57 0 0 0 0 13 23 129 2 0 0 3 15 129 79 19 0 0 0 6 21 53 74 15 
65 14 0 0 0 0 0 16 100 67 55 42 2 0 0 0 5 13 129 82 11 0 0 0 1 4 32 33 63 4 0 0 129 11 0 0 0 0 0 25 129 31 4 2 0 0 0 19 3 0 26 15 59 43 0 0 0 0 4 8 129 77 0 0 67 0 0 0 0 0 7 103 91 1 0 0 0 12 112 129 1 0 0 0 22 129 129 12 0 0 0 0 52 129 19 0 0 0 0 0 0 0 8 27 0 0 0 0 0 3 102 66 0 0 0 0 0 36 129 8 0 0 0 0 0 22 28 0 
91 53 0 0 0 2 2 1 58 51 36 8 4 0 0 0 0 10 90 7 2 0 0 0 0 2 25 8 1 1 0 0 131 68 1 0 0 0 0 14 96 131 131 2 0 0 21 36 0 32 131 45 44 20 30 2 2 4 35 49 102 33 3 0 131 4 0 0 0 0 0 88 90 15 3 0 1 9 131 131 0 0 3 3 19 79 131 11 0 1 2 9 39 71 37 0 53 0 0 0 0 0 1 60 54 0 0 2 6 7 9 128 0 0 0 3 8 14 26 4 0 0 0 0 0 4 13 0 
0 14 4 0 0 0 0 0 0 55 65 0 0 0 0 0 0 16 131 20 0 0 0 0 0 1 31 25 0 0 0 0 47 46 1 0 0 0 0 0 135 135 98 2 0 0 0 1 3 34 135 125 0 0 0 0 0 0 72 135 7 0 0 0 104 19 0 0 0 0 0 8 135 27 0 0 0 0 0 119 16 1 6 14 0 8 10 23 0 0 2 128 42 26 21 0 28 15 0 0 0 0 0 8 63 1 0 0 0 0 10 135 9 0 0 0 1 60 98 84 0 0 0 0 8 90 82 0 
79 27 0 0 0 0 0 8 110 132 4 5 0 0 0 0 4 16 11 132 7 0 0 0 0 0 17 95 39 6 0 0 132 12 0 0 0 0 0 38 132 30 0 0 0 1 3 52 2 0 1 16 25 87 8 0 0 0 0 23 113 132 0 0 51 0 0 0 0 0 1 87 76 0 0 0 0 19 132 132 0 0 0 0 5 132 132 10 0 0 0 0 16 127 41 2 0 0 0 0 0 0 1 18 0 0 0 0 0 1 61 39 0 0 0 0 0 17 74 6 0 0 0 0 0 9 20 1 
1 23 40 0 0 0 0 0 13 73 123 6 0 0 0 0 0 12 132 57 7 0 0 0 0 0 27 7 2 0 0 0 22 18 14 0 0 0 0 0 150 131 59 17 3 0 0 8 21 22 70 150 150 0 0 0 0 0 5 23 52 0 0 0 28 3 1 0 0 0 0 1 150 1 0 0 2 1 3 85 43 0 0 42 150 26 10 23 0 0 3 20 93 0 0 0 6 3 1 0 0 0 0 1 96 0 0 0 0 3 38 100 12 0 0 3 80 87 103 39 0 0 0 3 40 20 7 0 
34 14 6 0 0 0 0 2 88 95 89 31 8 0 0 1 0 4 46 101 100 0 0 0 0 0 1 1 9 2 1 0 88 0 0 0 0 0 3 15 151 36 6 18 37 0 0 23 5 2 3 59 151 4 0 0 0 0 0 0 33 4 1 0 58 0 0 0 0 0 5 22 151 1 0 0 20 27 69 151 3 0 0 1 151 141 55 14 0 0 0 0 21 15 14 0 2 0 0 0 0 0 31 9 6 0 0 0 0 11 139 58 0 0 0 0 11 69 121 5 0 0 0 0 1 16 41 0 
2 7 10 0 0 0 0 0 0 8 61 14 0 0 0 0 0 0 30 20 0 3 6 0 0 0 1 1 1 9 5 0 89 40 6 0 0 0 2 7 87 138 141 29 0 0 0 0 0 7 141 141 16 16 2 0 0 0 24 121 33 11 2 0 141 4 0 0 0 0 0 21 141 28 6 0 3 32 6 48 2 2 16 39 41 141 7 1 0 0 1 43 60 123 4 0 57 0 0 0 0 0 0 38 77 0 0 0 5 69 46 111 0 0 0 0 37 141 13 1 0 0 0 0 5 31 1 0 
19 9 1 4 0 0 0 0 42 85 85 26 0 0 0 0 0 1 130 75 0 0 0 0 0 0 57 24 0 0 0 0 75 8 3 15 1 0 0 2 135 93 56 25 0 0 1 37 6 6 135 133 3 21 8 4 0 0 93 99 48 58 3 0 45 3 1 2 1 0 0 6 135 2 0 0 0 6 59 135 5 0 3 4 2 135 135 35 0 0 0 5 22 135 48 0 7 0 0 0 0 0 0 3 15 0 0 0 0 7 49 49 0 0 0 2 3 63 84 6 0 0 0 0 0 24 16 0 
71 32 24 1 0 0 0 11 27 28 124 120 0 0 0 1 0 0 34 134 0 0 0 0 2 5 4 18 0 0 0 0 134 4 0 0 0 0 0 42 134 22 26 69 2 5 0 25 0 0 15 134 86 58 0 0 0 1 3 55 56 19 0 0 134 4 0 0 0 0 13 40 134 1 0 0 1 108 134 67 0 0 0 6 41 134 95 1 0 0 0 1 23 54 7 0 8 0 0 0 0 3 29 19 8 3 0 0 0 35 113 15 6 8 0 0 0 24 31 2 0 0 0 0 0 1 1 0 
71 2 0 0 0 0 0 6 15 23 36 0 0 0 0 0 2 8 63 7 4 0 0 0 0 0 7 19 32 0 0 0 127 10 0 0 0 0 0 16 127 127 123 0 0 0 0 4 1 22 127 77 63 3 0 0 0 0 14 70 127 0 0 0 127 1 0 0 0 0 0 36 127 21 3 0 0 3 84 127 3 2 5 11 70 103 127 16 0 0 0 16 127 50 11 0 88 0 0 0 0 0 0 27 30 0 0 0 0 0 47 61 0 0 0 0 0 19 103 10 0 0 0 2 18 17 12 0 
13 6 0 0 0 0 0 0 19 57 58 12 0 0 0 0 0 1 91 39 0 0 0 0 0 0 50 10 0 0 0 0 66 11 2 10 0 0 0 0 135 132 89 22 0 0 0 7 6 13 135 120 1 0 0 1 0 0 135 63 10 5 0 0 60 7 1 10 2 0 0 5 135 14 5 1 0 0 11 135 17 3 34 24 5 65 77 45 0 0 20 20 20 135 34 0 14 1 0 0 0 0 0 3 60 0 0 0 0 1 39 118 2 0 0 0 0 95 135 34 0 0 0 0 0 102 46 0 
95 3 0 0 0 0 0 24 121 24 42 41 0 0 0 19 2 3 37 135 6 0 0 0 0 0 4 110 9 0 0 0 135 1 0 0 0 0 0 20 135 8 3 4 0 3 4 35 24 3 5 95 65 83 13 4 0 0 0 75 107 71 3 0 86 5 0 0 0 0 11 32 131 2 0 0 0 38 135 105 5 0 0 0 7 135 135 10 0 0 0 0 13 114 33 0 1 0 0 0 0 1 18 10 2 1 0 0 0 12 83 11 7 10 0 0 0 16 42 1 1 3 0 0 0 1 3 0 
3 25 16 0 0 0 0 0 0 72 125 9 0 1 0 0 4 14 125 34 0 0 2 12 2 3 36 32 0 0 2 3 50 125 26 0 0 0 1 2 122 125 125 69 11 0 0 18 8 9 124 125 86 3 0 1 0 1 54 107 5 1 2 4 73 74 0 0 0 1 8 12 125 5 0 18 18 3 9 118 34 0 0 111 125 24 12 29 1 0 1 19 31 1 2 10 21 5 0 0 0 1 2 4 48 0 0 0 2 7 26 73 8 0 1 8 54 50 76 32 1 0 0 9 16 1 1 1 
67 36 0 0 0 0 2 1 48 50 6 2 5 6 2 1 0 39 41 5 2 3 0 0 2 9 18 12 5 5 1 0 123 15 0 0 3 7 3 28 101 123 47 3 1 3 4 11 1 123 123 25 19 73 28 0 1 5 26 62 55 65 7 0 116 4 1 1 1 3 2 81 123 76 3 0 0 35 106 123 1 21 4 1 7 123 123 12 0 0 0 1 10 75 17 0 6 0 0 1 1 0 1 21 8 0 0 0 0 2 58 123 1 0 0 1 4 14 123 79 0 0 0 1 1 9 69 5 
0 12 4 0 0 0 0 0 0 35 56 0 0 0 0 0 0 12 96 15 0 0 0 0 0 0 18 16 1 0 0 0 36 44 1 0 0 0 0 0 126 141 124 4 0 0 0 0 4 35 141 141 0 0 0 0 0 0 69 141 3 0 0 0 106 20 0 0 0 0 0 6 141 49 2 0 0 0 0 93 19 3 15 43 2 1 4 16 0 0 7 141 47 8 5 0 34 16 0 0 0 0 0 7 94 1 0 0 0 0 6 141 14 0 0 0 0 39 88 82 0 0 0 9 15 65 76 0 
74 15 0 0 0 0 0 12 134 123 2 2 0 0 0 0 9 16 13 104 5 1 0 0 0 0 9 91 61 11 0 0 134 7 0 0 0 0 0 33 134 28 0 0 0 1 4 76 6 1 0 5 28 105 12 3 0 0 0 9 112 134 1 0 36 0 0 0 0 0 0 69 73 0 0 0 0 15 134 134 0 0 0 0 5 134 134 20 0 0 0 0 12 127 44 0 0 0 0 0 0 0 1 16 0 0 0 0 0 0 47 33 0 0 0 0 0 14 62 8 0 0 0 0 0 9 10 0 
0 14 3 0 0 3 0 0 0 58 75 1 0 0 0 0 0 23 107 24 0 0 0 0 0 2 18 21 5 0 0 0 52 83 1 0 0 0 0 0 105 132 124 9 0 0 0 0 0 16 132 132 0 0 0 0 0 0 37 132 3 0 0 0 130 37 0 0 0 0 0 18 132 31 1 0 0 0 0 99 5 0 5 61 3 19 6 10 0 0 2 132 42 38 17 0 35 1 0 0 0 0 1 32 55 0 0 0 0 0 8 132 2 0 0 0 12 115 37 70 0 0 0 3 24 102 59 6 
64 10 0 0 0 0 0 19 131 76 31 22 0 0 0 0 3 12 131 80 11 1 0 0 0 4 35 33 77 10 0 0 131 13 0 0 0 0 0 27 131 31 1 0 0 0 0 31 6 0 10 6 52 61 2 0 0 0 2 4 131 104 0 0 46 0 0 0 0 0 7 96 87 0 0 0 0 13 121 131 1 0 0 0 15 131 131 17 0 0 0 0 38 131 25 0 0 0 0 0 0 0 4 21 0 0 0 0 0 2 77 51 0 0 0 0 0 22 108 9 0 0 0 0 0 16 26 0 
1 12 19 0 0 0 0 0 0 7 77 14 0 0 0 0 0 0 54 31 0 6 4 0 0 0 8 8 0 5 2 0 80 70 15 0 0 0 0 3 32 128 128 10 0 0 0 0 0 12 128 128 7 1 0 0 0 0 61 128 32 2 0 0 128 10 0 0 0 0 0 31 128 55 12 0 1 3 0 17 6 11 33 25 59 101 0 0 0 0 3 47 109 122 0 0 109 0 0 0 0 0 0 33 128 0 0 0 5 18 1 64 2 0 0 0 86 128 1 4 0 0 0 0 46 87 0 0 
37 18 0 1 0 0 0 0 76 131 72 11 0 0 0 0 0 10 131 81 0 0 0 0 0 0 131 30 0 0 0 0 109 12 2 7 0 0 0 2 131 58 19 2 0 0 1 47 16 8 97 44 2 6 17 16 0 0 95 36 8 41 14 0 65 6 2 2 1 0 0 12 131 1 0 0 0 0 30 131 6 0 0 0 0 76 131 54 0 0 0 0 2 131 109 0 14 0 0 0 0 0 0 7 20 0 0 0 0 3 50 77 0 0 0 0 0 67 124 13 0 0 0 0 0 55 41 0 
119 3 4 2 0 0 0 26 33 4 20 132 7 0 0 3 0 0 0 132 30 0 0 0 0 0 2 57 8 0 0 0 132 3 0 0 0 0 0 19 96 5 2 31 22 14 5 8 0 0 0 130 132 57 1 0 0 0 0 65 89 22 0 0 132 3 0 0 0 0 49 86 33 0 0 0 4 107 132 43 0 0 0 0 31 132 113 0 0 0 0 0 28 81 15 0 2 0 0 0 0 1 66 30 1 2 0 0 0 31 132 6 4 6 0 0 0 27 51 3 0 0 0 0 0 4 6 0 
1 19 4 0 0 0 0 0 0 61 82 0 0 0 0 0 0 14 143 15 0 0 0 0 0 0 58 27 0 0 0 0 71 67 0 0 0 0 0 0 131 143 124 1 0 0 0 0 1 29 143 81 0 0 0 0 0 0 143 143 0 0 0 0 143 16 0 0 0 0 0 11 143 25 0 0 0 0 0 50 10 1 8 4 0 0 0 2 0 0 20 59 0 0 0 0 71 1 0 0 0 0 0 21 143 0 0 0 0 0 0 134 22 0 0 0 0 0 0 28 0 0 0 0 0 0 0 0 
122 25 0 0 0 0 0 1 139 73 0 0 0 0 0 0 6 3 0 0 0 0 0 0 0 0 0 0 1 6 0 0 139 3 0 0 0 0 0 43 139 9 0 0 0 0 2 55 2 0 0 0 0 22 16 1 0 0 0 0 2 139 21 0 66 0 0 0 0 0 0 84 100 0 0 0 0 7 139 139 0 0 0 0 0 139 139 15 0 0 0 0 0 139 100 0 2 0 0 0 0 0 1 22 0 0 0 0 0 1 77 57 0 0 0 0 0 26 121 7 0 0 0 0 0 22 30 0 
1 21 3 0 0 0 0 0 0 78 59 0 0 0 0 0 0 38 129 16 0 0 0 0 0 1 35 34 0 0 0 0 58 73 0 0 0 0 0 0 110 144 115 0 0 0 0 0 0 40 144 102 0 0 0 0 0 0 114 144 0 0 0 0 144 32 0 0 0 0 0 7 144 48 2 0 0 0 0 64 8 2 13 11 0 0 0 4 0 0 32 91 0 0 0 0 71 1 0 0 0 0 0 17 130 0 0 0 0 0 0 144 12 0 0 0 0 0 1 75 0 0 0 0 0 2 0 1 
99 25 0 0 0 0 0 0 143 79 0 0 0 0 0 0 11 3 0 0 0 0 0 0 0 0 0 0 17 21 0 0 143 14 0 0 0 0 0 48 143 22 0 0 0 0 1 69 5 0 0 0 1 33 11 2 0 0 0 0 47 143 5 0 37 0 0 0 0 0 4 110 71 0 0 0 0 7 133 143 1 0 0 0 0 143 143 32 0 0 0 0 4 143 75 0 0 0 0 0 0 0 3 24 0 0 0 0 0 0 72 51 0 0 0 0 0 16 120 13 0 0 0 0 0 15 38 0 
2 24 4 0 0 0 0 0 0 69 99 0 0 0 0 0 0 11 140 21 0 0 0 0 0 0 62 29 0 0 0 0 94 78 1 0 0 0 0 0 124 140 140 1 0 0 0 1 0 15 140 79 0 0 0 0 0 0 140 140 0 0 0 0 140 14 0 0 0 0 0 14 140 18 1 0 0 0 0 46 6 0 8 2 0 0 0 0 0 0 20 44 0 0 0 0 86 0 0 0 0 0 0 26 140 0 0 0 0 0 0 117 15 0 0 0 0 0 0 13 0 0 0 0 0 0 0 0 
128 23 0 0 0 0 0 1 138 64 0 0 0 0 0 0 4 1 0 0 0 0 0 0 0 0 0 0 0 2 0 0 138 3 0 0 0 0 0 35 138 7 0 0 0 0 0 41 2 0 0 0 0 11 11 0 0 0 0 0 0 104 25 0 81 0 0 0 0 0 0 89 112 0 0 0 0 8 116 138 0 0 0 0 0 138 138 15 0 0 0 0 0 138 114 0 3 0 0 0 0 0 2 25 1 0 0 0 0 2 97 71 0 0 0 0 0 38 138 7 0 0 0 0 0 26 39 0 
29 65 4 1 0 0 0 0 16 85 82 61 1 0 0 0 11 12 49 65 1 0 0 1 72 12 7 15 4 0 1 18 121 66 0 8 9 0 0 3 121 92 67 42 1 0 1 22 16 22 121 121 59 12 10 5 70 3 8 65 79 9 13 44 121 4 0 15 42 0 0 53 121 16 2 0 5 31 61 98 16 4 9 23 67 121 121 24 35 0 0 11 81 65 15 18 23 2 1 4 27 0 1 35 18 0 0 0 11 53 55 87 4 0 0 0 14 81 45 5 20 0 0 0 5 12 3 7 
17 13 0 0 0 0 0 0 21 91 74 6 0 0 0 0 0 5 129 41 0 0 0 0 0 0 107 8 0 0 0 0 91 19 1 3 0 0 0 0 129 129 62 4 0 0 0 16 7 17 129 58 0 0 2 5 0 0 129 33 2 9 2 0 80 7 2 6 0 0 0 10 129 7 0 0 0 0 11 129 12 1 10 4 0 38 105 55 0 0 8 7 2 129 82 0 18 2 0 0 0 0 0 7 39 0 0 0 0 0 41 115 0 0 0 0 0 66 129 29 0 0 0 0 0 89 64 0 
123 0 0 0 0 0 0 25 129 9 4 38 4 0 0 15 1 1 1 131 52 0 0 0 0 0 0 100 30 0 0 0 131 4 0 0 0 0 0 11 131 5 0 3 4 7 5 21 5 1 0 60 101 66 7 1 0 0 0 67 124 42 0 0 94 3 0 0 0 0 16 77 74 0 0 0 0 32 131 119 0 0 0 0 11 131 131 4 0 0 0 0 25 117 31 0 0 0 0 0 0 0 22 18 1 0 0 0 0 7 106 15 4 6 0 0 0 18 69 3 1 1 0 0 0 4 10 1 
11 36 4 12 8 0 0 0 16 102 85 28 0 0 0 0 19 14 64 54 0 0 0 2 65 5 11 23 18 0 0 8 90 44 4 57 60 0 0 4 120 119 55 27 0 0 8 33 20 21 120 120 49 28 39 14 86 4 12 57 99 22 9 41 71 3 0 42 120 4 0 34 112 9 1 0 1 47 62 120 11 2 6 15 40 120 120 22 55 0 0 6 72 53 12 20 5 1 1 5 80 23 3 8 9 0 0 2 1 28 66 49 10 2 0 0 2 40 31 7 47 0 0 0 8 5 2 4 
12 8 1 2 50 6 0 0 1 36 30 8 12 3 0 0 0 30 64 45 11 2 0 1 34 20 8 12 6 1 1 7 81 61 11 18 58 1 0 6 48 120 120 35 12 3 5 19 0 45 72 115 117 9 1 0 120 18 0 31 75 4 0 14 87 24 0 26 90 19 6 58 54 17 24 17 19 21 120 120 0 0 5 29 120 120 46 24 100 0 0 4 78 46 1 49 8 0 0 3 52 16 3 14 0 0 0 0 11 19 61 72 0 0 0 0 14 120 72 28 20 0 0 0 8 28 5 20 
99 34 0 0 0 0 0 1 64 36 16 7 3 0 0 0 0 9 65 5 2 0 0 0 0 3 48 5 0 0 0 0 128 33 0 0 0 0 0 8 122 128 93 2 0 0 2 14 0 78 128 5 0 0 6 1 0 6 110 65 71 6 1 0 128 5 0 0 0 0 0 62 128 43 7 0 0 1 87 128 0 7 15 1 0 12 128 34 0 0 2 15 57 69 114 0 48 2 0 0 0 0 0 40 90 0 0 0 2 4 18 112 0 0 0 1 8 18 70 8 0 0 0 0 0 16 42 0 
0 21 6 0 0 0 0 0 0 71 86 0 0 0 0 0 0 24 144 17 0 0 0 0 0 2 68 23 0 0 0 0 52 71 1 0 0 0 0 0 144 144 93 0 0 0 0 0 4 47 144 77 0 0 0 0 0 0 135 144 0 0 0 0 128 26 0 0 0 0 0 5 144 30 0 0 0 0 0 57 19 2 5 2 0 0 0 5 0 0 15 59 0 0 0 0 54 1 0 0 0 0 0 17 136 0 0 0 0 0 0 144 23 0 0 0 0 0 0 76 0 0 0 0 0 0 0 0 
110 31 0 0 0 0 0 3 141 94 0 0 0 0 0 0 5 3 0 0 0 0 0 0 0 0 0 0 6 17 0 0 141 6 0 0 0 0 0 56 141 15 0 0 0 0 6 62 1 0 0 0 0 35 25 1 0 0 0 0 21 141 11 0 73 0 0 0 0 0 1 100 77 0 0 0 0 8 141 141 0 0 0 0 0 141 141 13 0 0 0 0 2 141 74 0 4 0 0 0 0 0 1 24 0 0 0 0 0 0 66 60 0 0 0 0 0 11 110 13 0 0 0 0 0 14 38 0 
10 19 6 1 0 0 0 0 14 68 123 10 0 0 0 0 0 6 127 112 0 0 0 0 0 0 22 83 6 0 0 0 60 18 1 2 4 4 11 36 127 67 47 0 0 0 2 39 15 9 108 89 11 17 5 1 0 0 18 127 127 37 1 0 48 20 11 8 7 4 6 22 127 12 1 0 0 6 85 115 10 0 0 0 5 127 127 16 0 0 0 1 86 127 19 0 3 0 0 0 0 0 3 9 2 0 0 0 1 7 79 32 0 0 0 0 7 64 93 3 0 0 0 0 12 42 7 0 
27 100 23 0 0 0 0 0 7 81 131 59 0 0 0 0 0 3 93 131 4 0 0 0 0 4 19 14 3 0 0 0 131 86 4 0 0 0 0 19 76 45 56 55 0 5 3 16 0 0 24 131 91 37 7 0 0 0 7 60 61 5 0 0 131 8 0 0 0 0 2 113 50 0 0 0 2 104 95 123 2 0 1 11 52 131 114 4 2 0 0 9 53 34 15 4 17 4 0 0 0 0 3 30 3 0 0 0 4 40 72 58 4 5 10 7 23 52 26 4 4 3 3 0 2 3 4 4 
4 8 1 0 0 0 0 3 3 34 46 21 8 2 1 0 10 17 42 26 11 8 14 3 2 4 9 9 1 0 0 0 80 50 0 0 0 0 0 12 95 124 117 48 1 0 0 0 2 13 124 124 24 2 0 0 0 3 28 53 78 7 0 0 124 12 0 0 0 0 1 68 124 23 6 2 0 5 5 79 2 0 22 31 74 124 8 2 0 0 2 12 114 113 6 0 27 0 0 0 0 0 5 60 34 0 0 0 0 26 124 124 0 0 0 0 5 124 113 8 0 0 0 0 5 68 13 0 
0 21 7 0 0 0 0 0 0 61 90 0 0 0 0 0 0 14 140 22 0 0 0 0 0 1 50 18 0 0 0 0 55 73 1 0 0 0 0 0 136 140 108 1 0 0 0 0 3 31 140 116 0 0 0 0 0 0 108 140 0 0 0 0 136 25 0 0 0 0 0 5 140 28 0 0 0 0 0 46 15 2 9 6 0 0 0 3 0 0 16 109 0 0 0 0 58 1 0 0 0 0 0 18 140 0 0 0 0 0 0 140 24 0 0 0 0 0 0 47 0 0 0 1 0 0 0 0 
108 30 0 0 0 0 0 2 141 87 0 0 0 0 0 0 5 2 0 0 0 0 0 0 0 0 0 0 10 24 0 0 141 5 0 0 0 0 0 51 141 12 0 0 0 0 3 59 1 0 0 0 1 46 21 1 0 0 0 0 34 141 9 0 73 0 0 0 0 0 1 98 86 0 0 0 0 13 141 141 0 0 0 0 0 141 141 13 0 0 0 0 3 141 61 0 5 0 0 0 0 0 1 25 0 0 0 0 0 1 73 62 0 0 0 0 0 18 110 11 0 0 0 0 0 17 33 0 
67 4 0 0 0 0 0 6 13 35 53 0 0 0 0 0 1 14 84 18 7 0 0 0 0 0 6 25 36 0 0 0 124 13 0 0 0 0 0 17 124 124 117 0 0 0 1 10 1 19 124 74 105 9 2 0 0 0 5 52 124 1 0 0 124 1 0 0 0 0 0 42 124 11 1 0 0 7 109 124 0 0 1 6 69 120 124 9 0 0 0 15 124 47 10 0 85 0 0 0 0 0 0 28 26 0 0 0 0 1 43 47 0 0 0 0 0 16 71 6 0 0 0 4 19 9 6 0 
26 27 7 0 0 0 0 0 6 34 88 19 0 0 0 0 0 8 94 27 0 0 0 0 0 0 10 23 1 0 0 0 121 39 3 0 0 0 0 6 111 86 121 49 0 0 0 5 1 64 121 112 43 14 0 0 0 1 12 96 84 11 0 0 121 1 0 0 0 0 0 53 121 12 21 5 0 13 47 121 1 15 13 10 50 121 46 5 5 0 0 8 75 108 2 5 32 0 0 0 0 0 1 22 18 0 0 0 0 11 119 97 0 0 0 0 4 106 103 4 1 0 0 0 2 23 3 3 
44 10 0 0 0 0 0 0 13 40 60 1 0 0 0 0 0 9 101 14 0 0 0 0 0 2 19 19 0 0 0 0 128 14 0 0 0 0 0 6 128 117 128 10 0 0 0 17 3 55 128 86 24 17 0 0 2 2 29 111 77 27 0 0 128 0 0 0 0 0 0 22 128 7 4 0 0 2 60 128 6 4 10 5 22 128 128 37 7 0 0 7 58 128 8 7 53 0 0 0 0 0 0 6 19 0 0 0 0 1 50 56 0 0 0 0 0 41 104 14 1 0 0 0 0 14 8 4 
79 26 0 0 0 1 2 1 95 51 10 6 2 0 0 0 0 11 67 7 3 0 0 0 0 4 64 5 0 0 0 0 129 23 0 0 0 0 0 6 129 129 60 1 0 0 4 19 1 97 129 1 0 0 15 3 0 11 127 44 54 6 5 0 129 3 0 0 0 0 0 44 129 30 3 0 0 1 65 129 2 7 9 0 0 10 129 45 0 0 1 6 31 61 129 0 32 2 0 0 0 0 0 24 102 1 0 0 2 2 7 126 4 0 0 2 11 16 45 16 0 0 0 0 0 12 35 0 
41 6 1 0 0 1 6 12 133 46 76 25 0 0 0 16 8 7 89 142 1 0 0 0 0 0 10 98 4 0 0 0 59 0 0 0 0 0 0 14 142 8 3 2 0 0 0 61 65 6 15 120 42 58 7 5 0 0 2 103 111 77 1 0 42 2 0 0 0 0 2 10 142 4 0 0 0 23 97 97 33 1 0 0 9 142 142 24 0 1 0 0 22 137 25 1 3 0 0 0 0 2 8 5 5 0 0 0 0 14 71 21 12 8 0 0 0 26 54 2 1 3 0 0 0 2 2 0 
4 14 4 0 0 0 0 0 1 27 75 8 0 0 0 0 0 1 91 45 1 0 0 0 0 0 12 25 0 0 3 0 74 31 1 0 0 0 0 4 110 129 112 1 0 0 0 0 2 30 129 123 19 10 0 0 0 0 33 129 75 12 0 0 103 2 0 0 0 0 1 33 129 28 1 0 0 12 22 93 8 6 6 11 25 129 40 10 0 0 0 15 103 129 2 0 17 0 0 0 0 1 3 30 37 0 0 0 0 22 69 129 0 0 0 0 0 129 81 9 0 0 0 0 4 60 8 0 
29 41 0 0 1 0 0 0 32 114 123 20 0 0 0 0 0 1 113 125 0 0 0 0 0 0 12 65 1 0 0 0 125 30 0 0 0 0 0 9 125 66 41 16 0 0 4 54 3 2 62 125 20 27 15 4 0 0 10 125 82 41 0 0 76 6 0 0 0 0 0 33 100 0 0 0 0 8 103 125 1 0 0 6 12 125 125 19 0 0 0 5 52 125 24 0 7 0 0 0 0 0 1 12 2 0 0 0 0 6 68 35 0 0 0 0 0 48 67 1 0 0 0 2 4 16 5 0 
19 54 40 0 0 0 0 0 4 32 130 50 0 0 0 0 0 2 56 80 0 0 0 0 0 0 5 11 0 0 0 0 130 48 6 0 0 0 0 4 105 62 98 88 6 1 0 3 0 0 45 130 97 14 0 0 0 0 2 50 55 6 0 0 130 0 0 0 0 0 1 73 120 2 0 3 10 74 60 86 0 0 0 16 121 130 23 0 0 0 0 3 47 59 3 0 17 0 0 0 0 0 20 67 7 0 0 0 0 64 130 56 0 1 0 0 1 118 55 1 0 0 0 0 0 11 7 1 
6 35 6 0 0 0 0 0 1 67 112 0 0 0 0 0 0 7 139 21 0 0 0 0 0 0 69 27 0 0 0 0 120 78 2 0 0 0 0 0 103 139 139 2 0 0 0 0 0 15 139 70 0 0 0 0 0 0 139 126 0 0 0 0 139 9 0 0 0 0 0 24 139 27 3 0 0 0 0 47 6 2 19 5 0 0 0 0 0 0 33 26 0 0 0 0 93 0 0 0 0 0 0 32 139 0 0 0 0 0 0 109 16 0 0 0 0 0 0 7 0 0 0 0 0 0 0 0 
127 14 0 0 0 0 0 0 138 38 0 0 0 0 0 0 10 1 0 0 0 0 0 0 0 0 0 0 0 0 0 0 138 2 0 0 0 0 0 24 138 5 0 0 0 0 0 37 10 0 0 0 0 7 11 3 0 0 0 0 0 60 32 0 94 0 0 0 0 0 0 80 125 0 0 0 0 3 95 138 2 0 0 0 0 125 138 24 0 0 0 0 0 138 137 0 6 0 0 0 0 0 4 34 2 0 0 0 0 3 115 74 0 0 0 0 0 50 138 4 0 0 0 0 0 36 46 0 
54 33 2 0 0 0 0 0 38 62 102 44 0 0 0 0 0 48 123 44 0 0 0 0 0 5 50 81 10 0 0 0 123 14 0 0 0 0 0 14 123 54 36 43 0 0 0 23 9 96 81 42 11 20 4 0 1 10 20 75 123 68 2 0 106 0 0 0 0 0 0 45 123 3 6 3 0 1 67 123 4 7 8 3 16 123 123 22 0 0 0 0 40 123 13 0 19 0 0 0 0 0 0 12 10 0 0 0 0 1 84 76 0 0 0 0 0 54 123 8 0 0 0 0 1 33 15 0 
3 33 4 0 0 0 0 0 1 70 98 0 0 0 0 0 0 11 141 19 0 0 0 0 0 0 63 19 0 0 0 0 93 78 1 0 0 0 0 0 116 141 132 1 0 0 0 0 0 23 141 70 0 0 0 0 0 0 141 141 0 0 0 0 141 15 0 0 0 0 0 15 141 31 2 0 0 0 0 56 8 4 14 2 0 0 0 1 0 0 28 35 0 0 0 0 78 0 0 0 0 0 0 17 141 0 0 0 0 0 0 119 23 0 0 0 0 0 0 15 0 0 0 0 0 0 0 0 
116 16 0 0 0 0 0 2 138 56 0 0 0 0 0 0 7 1 0 0 0 0 0 0 0 0 0 0 0 1 0 0 138 2 0 0 0 0 0 32 138 6 0 0 0 0 1 53 5 0 0 0 0 12 15 4 0 0 0 0 0 101 35 0 83 0 0 0 0 0 0 84 110 0 0 0 0 5 116 138 1 0 0 0 0 138 138 21 0 0 0 0 0 138 122 0 3 0 0 0 0 0 3 34 1 0 0 0 0 2 97 70 0 0 0 0 0 31 138 7 0 0 0 0 0 21 42 0 
24 12 0 0 3 20 11 2 127 95 4 2 1 2 1 1 7 18 51 7 5 1 0 0 0 4 51 4 0 0 0 0 97 19 2 6 2 2 3 3 136 136 41 0 0 0 6 30 8 112 136 3 0 0 45 13 0 11 133 48 60 17 22 0 73 2 0 1 1 1 0 20 136 16 2 0 0 1 41 136 10 8 12 0 2 22 136 56 0 0 1 4 25 69 136 0 13 0 0 0 0 0 1 8 70 0 0 0 0 0 4 136 13 0 0 2 13 11 14 74 0 0 0 1 2 7 13 0 
16 54 9 6 3 0 0 0 13 91 110 38 0 0 0 0 21 13 75 56 0 0 0 3 70 5 11 24 15 0 0 11 116 56 1 36 43 0 0 10 119 106 67 32 0 0 18 39 14 17 119 119 49 37 59 11 86 4 9 59 90 30 7 50 72 2 0 22 113 4 1 52 81 1 0 0 0 61 103 119 4 0 1 10 30 119 119 13 54 0 0 4 52 50 13 22 2 0 3 13 39 13 6 9 7 1 0 5 1 24 68 38 14 4 0 0 3 26 24 6 45 2 0 0 6 5 1 4 
10 6 1 2 52 7 0 0 2 24 23 7 14 6 0 0 1 19 64 35 10 4 0 3 13 13 10 11 2 0 5 15 64 56 18 18 62 1 0 5 37 120 120 26 6 0 1 14 0 52 119 120 81 1 0 0 96 17 2 48 73 2 3 4 77 26 3 24 100 16 5 65 49 22 44 14 13 17 110 120 0 0 15 37 120 116 49 32 82 0 0 8 103 57 0 25 5 0 0 5 57 14 3 16 0 0 0 1 12 15 72 77 0 0 0 0 12 114 99 38 12 0 0 0 10 49 6 13 
17 49 2 0 0 0 0 0 4 85 94 9 0 0 0 0 0 2 104 67 0 0 0 0 0 0 19 43 2 0 0 0 115 48 0 0 0 0 0 16 115 115 85 8 0 0 0 13 2 11 115 115 46 18 0 0 0 0 16 86 99 16 0 0 115 0 0 0 0 0 0 51 115 5 1 0 0 13 76 115 3 1 2 6 45 115 95 8 0 0 0 2 84 105 6 0 29 0 0 0 0 0 1 28 10 0 0 0 0 6 99 74 0 0 0 0 0 68 110 2 0 0 0 0 1 43 14 0 
21 53 7 0 0 0 0 0 6 60 118 12 0 0 0 0 0 0 81 110 1 0 0 0 0 0 2 44 5 0 0 0 118 38 0 0 0 0 0 5 118 84 79 19 0 0 2 23 0 3 58 118 72 16 5 1 0 0 0 81 97 6 0 0 107 5 0 0 0 0 2 66 100 1 0 0 0 30 94 118 0 0 0 12 53 118 118 6 0 0 0 6 77 103 14 0 4 0 0 0 0 0 19 48 1 0 0 0 0 19 118 55 0 0 0 0 0 96 83 0 0 0 0 0 0 36 16 0 
17 49 2 0 0 0 0 0 4 85 94 9 0 0 0 0 0 2 103 68 0 0 0 0 0 0 18 43 2 0 0 0 115 47 0 0 0 0 0 16 115 115 84 9 0 0 0 13 2 11 115 115 46 17 0 0 0 0 16 87 98 15 0 0 115 0 0 0 0 0 0 51 115 5 1 0 0 12 76 115 3 1 2 6 46 115 95 9 0 0 0 2 84 104 6 0 29 0 0 0 0 0 1 28 10 0 0 0 0 6 99 74 0 0 0 0 0 68 111 2 0 0 0 0 1 43 14 0 
20 53 7 0 0 0 0 0 6 61 118 11 0 0 0 0 0 0 82 110 1 0 0 0 0 0 3 44 5 0 0 0 118 38 1 0 0 0 0 5 118 84 80 19 0 0 2 23 0 3 58 118 72 17 5 1 0 0 0 80 97 6 0 0 108 5 0 0 0 0 2 65 101 1 0 0 0 30 93 118 0 0 0 12 53 118 118 6 0 0 0 6 76 104 14 0 4 0 0 0 0 0 19 48 1 0 0 0 0 19 118 55 0 0 0 0 0 97 82 0 0 0 0 0 0 36 15 0 
92 27 12 2 0 0 0 0 0 30 116 7 0 0 0 0 0 4 88 32 10 3 0 0 1 1 3 5 4 5 3 1 126 121 17 0 0 0 1 18 9 119 126 11 9 0 5 7 0 6 73 101 126 19 2 0 14 17 12 18 47 21 7 5 126 11 0 0 0 0 23 126 10 5 1 0 4 19 126 90 0 0 3 25 117 126 111 2 0 3 7 12 37 35 2 0 111 0 0 0 0 1 5 67 12 0 0 0 7 21 69 16 0 0 0 0 0 34 54 0 0 0 0 0 1 9 3 0 
52 30 1 0 0 0 0 1 12 66 94 10 0 0 0 0 0 0 64 72 3 0 0 0 0 0 7 29 4 0 0 0 127 72 0 0 0 0 0 9 100 127 97 42 0 0 1 9 0 0 58 127 30 17 1 0 0 0 4 94 39 11 0 0 127 4 0 0 0 0 1 86 108 9 2 3 0 38 118 127 0 0 2 37 31 127 105 0 0 0 0 12 36 111 8 0 26 0 0 0 0 0 5 57 15 0 0 0 0 16 111 82 0 0 0 0 0 60 68 3 0 0 0 0 2 24 3 0 
19 12 13 4 0 0 0 0 5 18 119 19 0 0 0 0 0 0 74 50 0 0 0 0 0 0 4 13 7 7 0 0 104 24 2 0 0 0 0 6 121 69 112 27 0 0 0 8 4 5 121 121 44 8 0 1 0 0 6 89 107 24 0 0 85 7 0 0 0 0 0 43 121 7 1 0 0 7 51 121 6 0 3 21 69 121 76 18 0 0 0 8 116 121 0 0 8 0 0 0 0 0 5 27 3 0 0 0 0 30 99 66 0 0 0 0 2 121 100 4 0 0 0 0 4 67 4 0 
4 32 30 5 0 0 0 0 5 84 122 16 0 0 0 0 0 1 122 111 0 0 0 0 0 0 30 53 0 0 0 0 98 46 7 0 0 0 0 4 122 122 80 10 0 3 0 12 3 8 99 122 70 39 2 0 0 0 15 122 76 10 0 0 98 1 0 0 0 0 0 37 122 1 0 0 0 43 72 121 2 0 0 3 42 122 100 4 0 0 0 7 69 75 4 0 25 0 0 0 0 0 0 21 19 0 0 0 0 27 67 48 0 0 0 0 0 69 65 0 0 0 0 0 1 26 10 0 
123 39 0 0 0 0 0 0 69 50 42 63 9 0 0 0 2 81 85 53 4 0 0 0 0 20 43 91 31 2 0 0 125 7 0 0 0 0 0 31 125 17 23 27 5 0 3 44 15 65 33 20 11 27 12 7 2 10 3 24 95 125 10 1 114 0 0 0 0 0 1 74 74 0 2 1 0 2 104 125 1 0 3 3 22 125 125 26 0 0 0 0 23 125 24 0 14 0 0 0 0 0 2 23 5 0 0 0 0 2 105 54 0 0 0 0 0 48 125 6 0 0 0 0 1 30 19 0 
3 22 3 0 0 0 0 0 0 43 81 0 0 0 0 0 0 3 115 21 0 0 0 0 0 0 35 22 0 0 0 0 79 48 0 0 0 0 0 0 127 142 140 5 0 0 0 0 2 21 142 124 0 0 0 0 0 0 142 142 0 0 0 0 142 6 0 0 0 0 0 12 142 32 4 0 0 0 0 54 19 5 32 20 0 0 0 3 0 0 57 86 0 0 0 0 66 0 0 0 0 0 0 15 142 0 0 0 0 0 0 106 36 0 0 0 0 0 0 16 0 0 0 0 0 0 0 0 
114 9 0 0 0 0 0 0 146 37 0 0 0 0 0 0 15 1 0 0 0 0 0 0 0 0 0 0 0 8 1 0 146 1 0 0 0 0 0 24 146 4 0 0 0 0 3 61 15 0 0 0 0 45 29 6 0 0 0 0 0 146 48 0 67 0 0 0 0 0 0 59 120 0 0 0 0 10 121 146 2 0 0 0 0 146 146 24 0 0 0 0 0 146 86 0 4 0 0 0 0 0 2 22 1 0 0 0 0 3 79 45 0 0 0 0 0 36 97 2 0 0 0 0 0 22 19 0 
24 40 14 0 0 0 0 1 11 49 125 17 0 0 0 0 0 4 99 85 2 0 0 0 0 0 14 38 10 0 0 0 125 53 1 0 0 0 0 13 125 84 87 46 1 0 0 26 1 0 54 125 96 18 0 0 0 0 5 35 105 16 0 0 63 7 0 0 0 0 3 101 125 0 0 2 1 36 101 125 2 0 0 28 76 125 105 7 2 0 0 3 59 75 13 3 3 0 0 0 0 0 13 34 4 2 0 0 0 26 119 48 0 7 6 0 0 63 73 0 0 4 10 0 0 9 7 1 
5 22 10 0 0 0 0 0 0 45 86 26 2 2 1 0 0 1 62 76 0 0 0 7 0 0 2 9 0 0 5 20 90 68 14 0 0 0 0 8 84 130 98 24 0 0 0 2 3 24 120 130 47 32 0 0 0 0 4 109 65 9 2 2 123 7 0 0 0 0 0 73 130 29 0 0 0 40 56 107 4 0 0 20 77 130 46 4 0 0 0 17 105 69 0 0 22 0 0 0 0 0 3 60 18 0 0 0 0 37 118 72 0 0 0 0 10 86 98 2 0 0 0 0 26 22 6 0 
13 26 3 2 1 0 0 0 8 73 98 0 0 0 0 0 0 18 94 60 2 0 0 0 0 0 18 38 4 0 0 0 119 28 0 2 8 0 0 5 119 119 119 9 0 0 3 20 0 3 119 119 31 32 5 0 0 0 17 102 81 30 0 0 104 0 0 0 6 1 0 27 119 2 1 0 0 14 103 119 0 0 2 7 35 119 119 12 0 0 0 3 97 102 7 0 12 7 7 1 2 0 0 10 9 0 0 0 0 2 63 69 0 0 0 0 4 64 79 24 0 0 0 0 11 51 7 0 
1 5 1 0 0 0 0 0 0 25 33 3 0 0 0 0 0 15 111 22 1 0 0 0 0 0 31 35 1 1 2 0 27 11 0 0 0 0 0 1 124 131 45 0 0 0 0 2 15 130 131 49 25 15 0 0 0 0 52 115 131 34 0 0 31 1 0 0 0 0 0 13 131 29 0 0 0 3 9 114 49 13 3 1 43 131 22 30 0 0 0 2 110 131 0 0 2 0 0 0 0 3 3 4 37 0 0 0 0 5 44 128 4 0 0 0 6 131 91 47 0 0 0 0 7 58 3 0 
15 42 36 0 0 0 0 0 4 26 126 56 0 0 0 0 1 3 20 40 0 0 0 0 0 0 1 3 1 0 0 0 130 59 15 0 0 0 0 4 96 55 109 130 17 0 0 1 0 0 21 130 113 4 0 0 0 0 0 16 23 0 0 0 130 2 0 0 0 0 1 74 126 1 0 12 37 94 37 76 0 0 0 35 130 130 7 0 0 0 0 2 31 18 1 0 25 0 0 0 0 0 16 67 14 0 0 0 1 90 130 68 0 0 0 0 7 112 34 2 0 0 0 0 0 7 4 0 
52 47 2 0 0 0 0 0 11 84 107 11 0 0 0 0 0 1 80 92 6 0 0 0 0 0 10 40 6 0 0 0 120 67 0 0 0 0 0 13 92 119 72 28 0 2 3 17 0 0 50 120 33 21 4 0 0 0 7 108 45 20 0 0 120 1 0 0 0 0 1 88 84 6 1 1 0 35 116 120 0 0 1 16 25 120 120 0 0 0 0 8 34 120 14 0 23 0 0 0 0 0 7 63 9 0 0 0 0 18 116 73 0 0 0 0 0 62 76 1 0 0 0 0 0 28 7 0 
7 46 22 2 0 0 0 0 5 80 120 12 0 0 0 0 0 2 120 93 0 0 0 0 0 0 33 68 0 0 0 0 110 47 3 0 0 0 0 5 120 120 69 6 0 1 1 11 6 17 105 120 54 27 1 1 0 0 12 120 83 8 0 0 113 1 0 0 0 0 0 32 120 3 0 0 0 27 45 99 4 0 0 3 32 120 81 7 0 0 0 6 90 90 7 0 28 0 0 0 0 0 0 30 27 0 0 0 0 30 62 76 0 0 0 0 0 83 82 0 0 0 0 0 3 46 13 0 
9 16 6 1 0 0 0 0 14 71 115 8 0 0 0 0 0 12 130 100 0 0 0 0 0 0 33 93 5 0 0 0 52 15 2 2 4 4 11 36 130 69 45 0 0 0 2 45 24 13 118 66 6 15 6 1 0 0 24 130 130 45 1 0 41 18 13 8 8 4 6 20 130 13 2 0 0 5 81 115 15 0 0 0 2 130 130 20 0 0 0 0 72 130 28 0 2 0 0 0 0 0 2 8 3 0 0 0 1 8 71 31 0 0 0 0 6 54 99 3 0 0 0 1 14 43 10 0 
40 109 22 0 0 0 0 0 11 83 129 79 0 0 0 0 0 3 76 129 6 0 0 0 0 4 16 17 4 0 0 0 129 70 2 0 0 0 0 24 78 33 31 51 3 7 8 19 0 0 11 129 113 38 12 0 0 0 7 54 62 4 0 0 129 9 0 0 0 0 4 114 42 0 0 0 3 105 119 117 2 1 0 10 54 129 129 7 2 0 0 8 51 30 12 4 12 3 0 0 0 0 3 26 2 0 0 0 6 38 58 47 4 9 8 7 20 44 21 7 4 3 1 0 2 3 3 4 
4 8 1 0 0 0 0 2 2 25 42 21 7 4 1 0 9 20 39 19 7 8 12 5 2 3 8 9 2 0 0 0 77 43 0 0 0 0 1 9 94 125 125 50 2 0 0 0 2 15 125 125 27 1 0 0 0 2 24 49 81 7 0 0 125 13 0 0 0 0 4 56 125 25 10 3 0 3 2 67 2 0 27 34 98 125 3 2 0 0 1 11 125 98 4 0 34 0 0 0 0 0 4 62 46 0 0 0 0 24 113 125 0 0 0 0 13 125 102 9 0 0 0 0 10 78 8 0 
3 31 4 0 0 0 0 0 1 59 94 1 0 0 0 0 0 8 141 20 0 0 0 0 0 0 50 17 0 0 0 0 87 67 1 0 0 0 0 0 122 141 136 2 0 0 0 0 1 22 141 95 0 0 0 0 0 0 141 141 0 0 0 0 141 13 0 0 0 0 0 11 141 33 3 0 0 0 0 60 11 5 20 7 0 0 0 2 0 0 38 60 0 0 0 0 72 0 0 0 0 0 0 15 141 0 0 0 0 0 0 115 28 0 0 0 0 0 0 17 0 0 0 0 0 0 0 0 
109 14 0 0 0 0 0 2 140 55 0 0 0 0 0 0 9 1 0 0 0 0 0 0 0 0 0 0 0 3 0 0 140 2 0 0 0 0 0 32 140 8 0 0 0 0 1 61 6 0 0 0 0 25 19 6 0 0 0 0 0 140 40 0 78 0 0 0 0 0 0 75 113 0 0 0 0 7 120 140 1 0 0 0 0 140 140 22 0 0 0 0 0 140 102 0 3 0 0 0 0 0 3 32 1 0 0 0 0 2 92 61 0 0 0 0 0 31 123 4 0 0 0 0 0 19 34 0 
25 39 11 0 0 0 0 0 10 46 119 12 0 0 0 0 0 10 93 73 0 0 0 0 0 2 24 46 11 0 0 0 119 50 0 0 0 0 0 7 119 85 81 25 0 0 0 17 4 7 62 119 39 1 1 0 1 2 8 55 100 23 3 0 70 7 0 0 0 0 2 82 119 7 2 2 0 12 49 119 12 2 3 54 63 119 82 10 0 0 0 14 97 104 17 0 7 0 0 0 0 0 7 47 16 0 0 0 0 26 119 79 0 0 0 0 0 119 119 3 0 0 0 0 0 36 19 0 
4 48 17 0 0 0 0 0 7 76 113 35 0 0 0 0 0 4 117 117 0 0 0 0 0 0 11 41 0 0 1 1 73 65 16 0 0 1 6 21 117 117 52 9 0 3 2 9 9 19 90 117 50 69 1 3 0 0 9 116 98 27 0 0 93 4 0 0 0 0 5 76 116 9 0 0 0 27 44 117 4 0 0 0 59 117 47 9 0 0 0 1 101 70 1 0 9 0 0 0 0 0 5 61 12 0 0 0 0 28 83 84 0 0 0 0 3 96 80 1 0 0 0 0 15 24 16 0 
21 39 13 0 0 0 0 0 3 64 118 2 0 0 0 0 0 10 85 68 1 0 0 0 0 0 19 43 2 0 0 0 118 59 7 0 0 0 0 9 94 90 118 24 1 4 2 10 0 2 118 118 40 28 0 0 0 0 13 94 74 25 0 0 118 2 0 0 0 0 1 67 103 4 5 2 1 45 113 118 0 0 2 10 45 118 75 0 0 0 0 2 103 83 6 0 34 0 0 0 0 0 8 29 12 0 0 0 0 7 100 86 1 0 1 4 15 76 64 22 0 0 0 0 17 47 9 0 
97 40 0 0 0 0 0 0 25 17 9 0 0 0 0 0 4 17 6 0 0 0 0 0 4 7 1 2 26 17 0 0 140 100 51 0 0 0 7 31 21 85 140 26 5 39 63 23 16 42 140 56 26 56 33 22 10 23 78 99 89 38 27 17 140 16 4 0 0 0 39 107 22 16 38 6 3 81 140 70 21 10 9 13 14 85 97 40 8 5 6 26 91 70 61 24 108 0 0 0 0 0 0 56 31 5 1 0 0 0 0 13 15 6 0 0 0 0 0 3 4 0 0 17 36 0 0 1 
98 66 0 0 0 1 0 2 23 43 13 1 3 10 0 0 5 15 8 1 0 1 1 3 5 2 0 0 0 0 1 8 133 73 12 0 3 7 0 13 29 133 133 25 16 16 7 0 0 16 75 73 88 30 1 0 5 0 0 1 3 10 3 6 133 42 3 1 0 1 21 133 48 73 29 5 15 133 133 95 0 1 4 15 70 133 41 0 4 2 0 0 3 16 5 3 29 0 0 0 0 0 11 114 7 0 0 0 5 18 80 133 0 0 0 0 7 19 73 23 1 1 0 0 0 23 29 1 
1 8 3 1 0 0 0 0 1 28 73 13 0 0 0 0 0 0 82 49 0 0 0 0 0 0 17 25 0 0 0 0 58 54 1 0 0 0 0 0 75 129 119 9 0 2 0 0 0 24 129 129 6 9 3 0 0 0 45 129 19 1 0 0 129 22 0 0 0 0 0 22 129 68 3 7 11 6 0 78 5 6 9 46 75 68 30 3 0 0 2 70 74 108 25 0 42 1 0 0 0 0 0 26 118 0 0 4 2 3 29 129 6 0 0 17 106 81 61 29 0 0 0 0 58 70 5 0 
70 31 0 0 0 0 0 0 67 86 86 41 0 0 0 0 1 81 129 44 0 0 0 0 0 15 50 94 34 2 0 0 129 8 0 0 0 0 0 22 129 37 27 20 0 0 4 55 10 70 53 20 14 54 14 4 2 8 6 29 105 129 2 0 84 0 0 0 0 0 0 39 108 1 2 0 0 3 112 129 1 1 4 0 14 129 129 24 0 0 0 0 22 129 19 0 15 0 0 0 0 0 0 7 5 0 0 0 0 2 59 40 0 0 0 0 0 29 86 3 0 0 0 0 0 12 10 1 
25 39 14 0 0 0 0 1 12 50 125 16 0 0 0 0 0 4 103 86 1 0 0 0 0 0 15 39 11 0 0 0 125 49 0 0 0 0 0 15 125 83 81 40 1 0 0 32 2 1 55 125 85 23 0 0 0 0 6 37 107 21 0 0 56 5 0 0 0 0 4 99 125 0 0 1 1 31 120 125 3 0 0 26 62 125 125 7 2 0 0 4 56 81 15 3 2 0 0 0 0 0 14 30 4 2 0 0 0 21 112 38 0 8 7 0 0 50 73 0 0 4 11 0 0 8 6 1 
6 24 13 0 0 0 1 0 0 46 91 33 2 2 1 0 1 0 54 80 0 0 0 8 0 0 1 7 0 0 5 23 96 66 17 0 0 0 0 11 87 132 102 32 0 0 0 3 3 17 103 132 57 31 0 0 0 0 1 96 60 7 3 3 125 9 0 0 0 0 0 79 132 28 0 0 0 47 60 108 3 0 0 23 87 132 42 3 0 0 0 20 102 58 0 0 24 0 0 0 0 0 4 60 17 0 0 0 0 38 123 67 0 0 0 0 12 85 91 2 0 0 0 0 27 21 4 0 
12 23 3 2 1 0 0 0 8 76 84 0 0 0 0 0 0 21 92 57 1 0 0 0 0 0 20 38 3 0 0 0 112 27 0 3 9 0 0 4 121 121 121 6 0 0 2 15 0 6 121 121 33 30 3 0 0 0 19 100 86 30 0 0 103 1 0 0 9 1 0 23 121 5 2 0 0 17 92 121 0 0 4 7 39 121 112 12 0 0 0 3 104 102 7 0 15 5 5 2 2 0 0 10 13 1 0 0 0 2 67 73 0 0 0 0 7 64 83 27 0 0 0 0 13 51 7 0 
17 25 4 0 0 0 0 1 20 74 130 7 0 0 0 0 0 8 130 77 2 0 0 0 0 0 27 54 10 0 0 0 85 37 0 0 0 0 0 9 130 123 55 11 0 0 0 35 10 12 84 130 96 32 0 1 0 0 9 46 126 27 0 0 35 4 0 0 0 0 3 67 127 2 0 0 0 16 97 130 8 0 0 7 56 130 130 34 4 1 3 2 53 88 17 7 1 0 0 0 0 1 12 14 4 13 2 0 0 5 71 37 0 23 20 0 0 30 64 2 0 8 26 0 0 4 4 1 
15 36 15 0 0 0 0 0 2 39 112 28 4 3 3 0 6 1 44 82 4 2 0 12 10 0 0 3 0 0 0 40 132 61 12 0 0 0 0 10 82 132 126 40 1 5 3 8 0 7 65 132 114 50 4 1 0 0 0 37 57 4 8 29 132 5 0 0 0 0 8 95 86 13 0 0 0 69 132 102 0 0 0 16 85 132 73 0 0 0 0 9 75 35 2 0 27 1 0 0 0 0 14 36 2 0 0 0 0 19 118 24 0 0 0 0 8 47 55 5 0 0 0 2 11 12 0 0 
6 16 3 7 2 0 0 0 4 59 45 0 0 0 0 0 0 16 61 42 1 0 0 0 0 0 12 20 3 0 0 0 71 29 4 15 18 0 0 2 128 129 129 3 0 0 0 10 0 19 129 129 32 9 0 0 0 0 23 92 78 14 0 0 84 2 0 4 31 1 0 22 129 27 8 0 0 7 64 129 0 0 12 30 68 129 77 24 0 0 0 12 129 97 0 0 12 7 5 0 13 3 1 5 19 4 4 0 2 3 66 87 0 0 0 0 9 84 106 32 0 0 0 0 24 77 3 0 
26 63 4 0 0 0 0 0 7 83 114 18 0 0 0 0 0 0 102 93 0 0 0 0 0 0 14 49 5 0 0 0 115 36 0 0 0 0 0 21 115 87 72 13 0 1 1 15 1 7 102 115 73 35 1 0 0 0 7 68 111 20 0 0 115 0 0 0 0 0 1 62 115 4 0 0 0 22 115 115 0 0 0 1 45 115 109 4 0 0 0 0 68 93 6 0 24 0 0 0 0 0 2 28 4 0 0 0 0 7 95 52 0 0 0 0 0 55 88 1 0 0 0 0 0 33 11 0 
10 54 12 0 0 0 0 0 1 43 120 13 0 0 0 0 0 0 63 93 0 0 0 0 0 1 4 32 2 0 0 0 120 59 4 0 0 0 0 6 88 96 120 29 0 0 1 15 0 0 70 120 67 8 1 0 0 0 0 74 72 3 0 0 120 7 0 0 0 0 1 54 108 5 1 1 0 37 73 112 0 0 1 31 78 120 97 2 0 0 0 9 85 90 6 0 12 0 0 0 0 0 20 61 4 0 0 0 0 36 120 61 0 0 0 0 0 120 75 0 0 0 0 0 0 43 12 0 
5 22 11 0 0 0 0 0 3 57 117 16 0 0 0 0 0 2 118 58 0 0 0 0 0 0 27 50 1 0 0 0 96 47 0 0 0 0 0 2 118 118 73 23 0 0 0 8 3 10 118 118 37 15 0 0 0 0 17 117 91 11 0 0 114 3 0 0 0 0 0 36 118 7 0 0 0 8 28 118 3 0 2 11 55 118 38 28 0 0 0 7 83 114 4 0 15 0 0 0 0 0 3 35 4 0 0 0 0 5 72 109 0 0 0 0 3 109 87 12 0 0 0 0 4 51 7 0 
2 17 4 0 0 0 0 0 0 27 67 1 0 0 0 0 0 1 89 19 0 0 0 0 0 0 23 18 0 0 0 0 57 34 0 0 0 0 0 0 128 145 126 5 0 0 0 0 5 34 145 145 0 0 0 0 0 0 132 145 0 0 0 0 111 5 0 0 0 0 0 6 145 41 5 0 0 0 0 51 44 13 49 34 0 0 0 7 0 0 74 138 0 0 0 0 52 0 0 0 0 0 0 10 145 0 0 0 0 0 0 99 62 0 0 0 0 0 0 27 0 0 1 2 0 0 0 0 
102 6 0 0 0 0 0 1 151 35 0 0 0 0 0 1 21 2 0 0 0 0 0 0 0 0 0 0 0 30 2 0 139 0 0 0 0 0 0 20 151 5 0 0 0 1 9 86 17 0 0 0 0 97 51 12 0 0 0 0 0 151 50 0 57 0 0 0 0 0 0 43 104 0 0 0 0 13 124 151 2 0 0 0 0 151 151 24 0 0 0 0 0 151 59 0 5 0 0 0 0 0 1 17 1 0 0 0 0 2 55 34 0 0 0 0 0 26 67 1 0 0 0 0 0 19 13 0 
7 47 8 0 0 0 0 0 0 47 100 15 0 0 0 0 0 1 50 50 0 0 0 0 0 0 1 18 3 0 0 0 123 106 9 0 0 0 0 9 59 113 123 53 1 0 0 3 0 0 116 123 83 10 0 0 0 0 2 55 62 2 0 0 123 6 0 0 0 0 2 75 119 12 8 4 3 57 85 90 0 0 4 27 123 123 38 0 0 0 0 5 81 42 0 0 36 0 0 0 0 0 7 51 6 0 0 0 0 34 123 63 0 0 0 0 3 104 68 0 0 0 0 0 4 30 5 0 
4 22 1 0 0 0 0 0 2 55 66 1 0 0 0 0 0 6 89 49 0 0 0 0 0 2 11 32 0 0 0 0 69 34 0 0 0 0 0 0 122 122 95 2 0 0 0 9 5 26 122 122 21 2 0 0 0 0 10 122 64 3 0 0 79 2 0 0 0 0 0 29 122 11 1 0 0 3 32 122 13 2 5 28 35 122 94 33 0 0 0 26 108 122 16 0 6 0 0 0 0 0 8 31 10 0 0 0 0 4 100 99 0 0 0 0 0 111 122 14 0 0 0 0 0 65 17 0 
18 30 6 0 0 0 0 1 14 100 124 33 0 0 0 0 0 3 124 124 2 0 0 0 0 0 12 56 8 0 0 0 124 34 0 0 0 0 0 10 124 116 37 19 0 5 2 50 0 3 58 124 88 82 3 2 0 0 2 75 124 20 0 0 77 0 0 0 0 0 0 62 69 0 0 0 0 37 103 124 0 0 0 0 25 124 103 12 0 0 0 2 64 78 5 0 2 0 0 0 0 0 5 22 0 0 0 0 0 7 76 38 0 0 0 0 0 40 59 1 0 0 0 0 4 15 4 0 
87 28 0 0 0 0 0 11 54 26 26 32 1 0 0 8 0 1 8 112 58 0 0 0 9 3 1 27 30 5 3 5 124 8 0 0 0 0 0 48 124 73 20 25 3 6 9 32 1 9 17 124 124 45 7 2 1 0 0 30 121 37 4 1 113 1 0 0 0 0 19 91 67 11 0 1 1 30 124 124 0 1 0 7 43 124 124 6 0 0 0 4 67 81 43 0 3 0 0 0 0 0 38 31 0 0 0 0 0 8 124 14 0 0 0 0 0 37 106 1 0 0 0 0 0 15 38 0 
39 30 2 0 0 0 0 0 21 91 111 2 0 0 0 0 0 38 125 11 0 0 0 0 0 11 84 29 0 0 0 0 125 17 0 0 0 0 0 5 125 125 63 11 0 1 1 26 10 30 125 84 17 23 3 6 0 7 65 33 19 28 1 0 113 2 0 0 0 0 0 31 125 7 0 1 0 7 44 125 8 2 1 10 16 117 125 43 0 0 0 1 8 106 61 0 41 0 0 0 0 0 0 15 41 0 0 0 0 3 75 77 4 1 1 0 0 25 121 36 1 3 11 2 2 26 35 3 
1 21 4 0 0 0 0 0 0 37 73 0 0 0 0 0 0 3 108 14 0 0 0 0 0 0 34 10 0 0 0 0 53 48 0 0 0 0 0 0 136 143 132 5 0 0 0 0 4 29 143 143 0 0 0 0 0 0 122 143 0 0 0 0 110 13 0 0 0 0 0 3 143 35 4 0 0 0 0 56 33 7 34 27 0 0 0 6 0 0 56 141 0 0 0 0 53 0 0 0 0 0 0 9 143 0 0 0 0 0 0 107 50 0 0 0 0 0 0 32 0 0 0 2 0 0 0 0 
94 8 0 0 0 0 0 3 149 51 0 0 0 0 0 0 15 1 0 0 0 0 0 0 0 0 0 0 2 29 1 0 141 1 0 0 0 0 0 33 149 9 0 0 0 1 6 79 12 0 0 0 0 89 37 7 0 0 0 0 2 149 32 0 58 0 0 0 0 0 0 59 109 0 0 0 0 16 131 149 1 0 0 0 0 149 149 21 0 0 0 0 0 149 59 0 5 0 0 0 0 0 1 24 1 0 0 0 0 2 62 44 0 0 0 0 0 19 81 4 0 0 0 0 0 17 22 0 
26 0 1 6 19 9 16 40 3 0 0 5 32 20 36 22 13 0 0 0 0 4 45 39 52 0 0 0 0 2 12 62 1 0 0 6 38 49 23 13 0 0 0 0 18 126 126 20 30 2 0 0 0 21 126 118 126 12 0 0 0 3 31 87 0 0 5 40 86 24 0 0 0 2 124 118 69 89 11 1 78 126 113 10 0 7 21 40 126 105 1 0 0 0 0 15 3 2 9 11 2 1 0 0 2 4 107 39 1 0 0 1 15 70 107 6 0 0 0 0 57 32 2 0 0 0 0 5 
0 0 0 0 23 26 22 12 1 0 0 0 6 22 76 25 2 0 0 0 0 29 99 35 49 0 0 0 0 6 14 81 0 0 0 0 37 81 16 3 0 0 0 0 40 123 123 10 46 2 0 0 0 20 123 102 123 5 0 0 0 1 13 76 0 0 2 54 94 21 0 0 1 5 103 99 83 57 5 1 86 123 101 4 1 3 8 24 123 84 1 0 0 0 0 10 1 2 12 25 5 0 0 0 0 6 123 50 1 0 0 0 6 66 123 1 0 0 0 0 42 44 5 0 0 0 0 4 
139 0 0 0 0 0 0 23 116 4 4 5 7 0 0 12 5 6 12 69 88 0 0 0 2 1 0 6 16 0 0 0 139 3 0 0 0 0 0 32 139 95 14 3 9 11 3 27 15 43 24 52 139 43 10 0 4 3 0 21 41 0 0 0 139 0 0 0 0 0 0 34 139 83 3 2 43 52 27 62 2 15 2 45 138 63 9 1 3 2 1 49 44 0 0 0 101 0 0 0 0 0 0 33 139 0 0 0 4 11 22 112 19 0 0 16 18 7 8 8 0 0 0 50 24 0 0 0 
3 0 0 0 2 17 24 10 9 0 0 0 1 17 126 50 25 1 0 0 13 54 79 51 95 0 0 0 0 0 3 56 0 0 0 20 97 45 15 0 0 3 26 24 70 55 132 29 132 27 18 0 1 5 119 132 132 11 0 0 0 0 0 43 0 1 21 62 46 1 0 0 1 28 132 77 31 2 1 0 84 132 132 0 0 0 0 13 132 64 8 0 0 0 0 5 4 2 4 2 1 0 0 2 24 22 30 0 0 0 0 12 28 32 38 0 0 0 0 5 52 42 3 0 0 0 0 0 
1 7 2 1 0 0 0 0 1 27 67 13 0 0 0 0 0 0 74 50 0 0 0 0 0 0 14 25 0 0 0 0 54 41 0 0 0 0 0 0 94 131 112 11 0 1 0 0 1 26 131 131 8 5 1 0 0 0 40 131 17 0 0 0 125 16 0 0 0 0 0 13 131 71 4 3 9 6 1 69 8 9 12 54 66 65 24 3 0 0 3 85 84 98 15 0 38 1 0 0 0 0 0 21 131 0 1 3 2 1 10 131 12 0 1 24 118 62 34 35 0 0 0 1 71 69 4 0 
69 30 0 0 0 0 0 0 65 92 95 24 0 0 0 0 3 111 120 25 1 0 0 0 1 23 46 72 52 12 0 0 131 5 0 0 0 0 0 22 131 36 30 13 0 0 7 57 11 61 44 18 16 74 19 9 1 7 1 7 98 131 2 1 81 0 0 0 0 0 0 37 109 1 1 0 0 8 119 131 0 0 3 2 11 131 131 18 0 0 0 0 24 131 20 0 17 0 0 0 0 0 0 6 6 0 0 0 0 4 54 34 0 0 0 0 0 27 65 2 0 0 0 0 0 7 7 2 
12 30 10 0 0 0 0 0 1 44 125 4 0 0 0 0 0 2 126 34 0 0 0 0 0 0 64 41 0 0 0 0 126 41 1 0 0 0 0 4 100 126 97 1 0 0 0 0 1 21 126 38 1 14 1 0 0 0 109 120 8 27 5 0 126 1 0 0 0 0 0 31 126 19 0 0 0 13 2 34 4 4 4 2 5 126 9 2 0 0 0 6 3 126 38 0 69 2 0 0 0 0 0 33 106 0 0 0 3 33 15 109 0 0 0 0 20 126 6 3 0 0 0 0 1 72 4 0 
116 39 0 0 0 0 0 0 88 50 24 73 1 0 0 0 0 0 29 124 2 0 0 0 0 0 28 60 0 0 0 0 124 8 0 0 0 0 0 18 124 8 8 23 0 0 2 45 1 0 48 124 2 5 9 3 0 0 63 107 15 30 4 0 122 0 0 0 0 0 0 56 92 0 0 0 0 6 90 124 0 0 1 4 2 97 124 13 0 0 2 6 10 124 96 0 15 0 0 0 0 0 6 30 4 0 0 0 0 13 115 50 0 0 0 0 0 65 124 0 0 0 0 0 0 32 36 0 
40 31 69 12 0 0 0 9 5 5 130 130 0 0 0 1 0 0 63 130 0 0 0 0 0 0 9 31 0 0 0 0 130 4 3 0 0 0 0 51 71 6 39 74 3 0 0 16 0 0 32 130 71 10 0 0 0 0 4 94 75 9 0 0 130 8 0 0 0 0 0 15 111 2 0 2 8 50 9 15 0 0 0 11 97 130 3 0 0 0 0 4 75 99 0 0 82 12 0 0 0 5 23 15 24 1 0 0 0 130 87 12 0 0 0 0 3 130 25 0 0 0 0 0 1 36 2 0 
3 35 24 2 0 0 0 0 0 34 115 3 0 0 0 0 0 6 119 37 0 0 0 0 0 0 39 46 0 0 0 0 67 39 1 0 0 0 0 3 119 119 119 23 0 0 0 2 1 12 119 119 59 2 0 0 0 0 11 55 70 4 0 0 80 21 0 0 0 0 0 35 119 31 4 5 0 9 25 119 10 2 6 64 119 119 39 11 2 0 1 7 94 53 5 5 4 0 0 0 0 0 5 38 19 0 0 0 0 20 98 116 0 6 3 0 3 119 99 10 0 5 8 0 2 24 5 3 
32 28 2 0 0 0 0 0 7 53 76 1 0 1 1 0 1 14 105 73 6 4 1 1 3 0 6 28 1 0 0 19 120 25 1 0 0 0 0 11 120 120 69 0 0 0 1 20 9 62 120 120 36 40 9 2 0 0 8 120 100 30 2 4 94 0 0 0 0 0 0 64 120 12 0 0 0 8 111 120 7 2 0 2 18 120 120 19 0 0 0 7 75 119 7 0 37 0 0 0 0 0 2 41 8 0 0 0 0 7 67 40 0 0 0 0 0 23 88 6 0 0 0 0 7 22 9 0 
89 24 0 0 0 0 0 13 62 25 21 33 2 0 0 9 0 1 6 108 65 0 0 0 10 3 2 27 32 6 2 5 124 8 0 0 0 0 0 46 124 74 16 26 3 6 8 33 1 10 14 124 124 41 6 2 2 0 0 28 121 38 4 1 113 1 0 0 0 0 16 90 70 9 0 1 1 27 124 124 1 0 0 7 49 124 124 7 0 0 0 5 78 74 38 0 3 0 0 0 0 0 34 32 0 0 0 0 0 6 124 19 0 0 0 0 0 36 111 2 0 0 0 0 0 16 39 0 
34 32 3 0 0 0 0 0 16 89 113 1 0 0 0 0 0 44 124 8 0 0 0 0 0 13 89 24 0 0 0 0 124 19 0 0 0 0 0 5 124 124 69 9 0 1 1 27 8 33 124 76 16 25 3 6 0 9 64 26 19 32 2 0 113 2 0 0 0 0 0 35 124 7 1 0 0 7 49 124 6 2 2 10 14 122 124 40 0 0 0 2 6 107 66 0 39 0 0 0 0 0 0 16 37 0 0 0 0 4 79 74 4 1 2 0 0 27 120 38 2 5 10 3 2 27 33 5 
9 11 11 6 56 91 5 8 11 23 58 98 16 2 9 7 24 16 19 100 2 0 2 5 16 13 0 0 21 4 0 0 73 29 0 0 9 41 21 31 84 85 48 45 2 0 2 9 15 27 122 122 18 7 5 2 10 3 29 53 75 11 1 0 103 2 0 0 0 0 1 92 122 23 11 0 2 20 48 119 29 21 76 42 27 122 122 39 19 9 9 31 85 105 29 0 12 0 0 0 0 0 5 72 11 0 0 0 0 25 88 106 6 0 0 0 4 95 69 4 20 13 0 0 1 14 4 0 
5 17 14 0 0 5 14 0 48 63 115 43 0 7 21 0 1 3 76 120 0 2 13 0 0 3 9 18 1 8 4 0 42 33 12 0 0 12 38 7 128 84 42 58 5 7 17 88 18 2 49 128 88 37 21 25 0 1 15 90 92 19 1 0 111 54 2 3 5 7 12 7 122 45 1 0 3 14 71 74 1 0 0 7 41 128 97 22 0 0 0 6 105 128 3 0 54 19 22 6 7 3 5 24 14 11 63 15 18 29 58 26 0 0 11 22 19 90 54 1 0 0 0 1 20 51 2 0 
2 50 31 3 0 0 0 0 0 77 119 5 0 0 0 0 14 24 103 39 0 0 0 2 59 12 6 8 0 0 4 112 101 65 9 1 0 0 0 30 85 101 119 39 9 1 0 15 0 1 73 119 33 23 4 0 5 12 21 52 25 42 18 35 105 4 4 3 0 0 0 62 119 31 16 26 38 119 39 110 0 0 7 29 84 119 61 0 6 3 2 7 11 119 39 1 12 0 15 48 0 0 1 19 25 0 7 14 3 54 92 71 0 0 6 18 10 52 32 19 2 3 14 32 2 4 6 2 
0 15 10 0 0 0 1 0 0 30 78 1 0 0 0 0 0 4 111 28 0 0 0 0 0 0 24 35 0 0 0 0 10 132 24 0 0 0 0 0 21 132 132 0 0 0 0 0 1 34 132 118 28 0 0 0 0 0 41 132 78 0 0 0 73 56 4 0 0 0 0 43 132 68 8 1 0 0 0 41 27 10 17 46 125 2 0 4 0 0 0 55 132 2 0 0 81 1 0 0 0 0 0 19 132 6 0 0 0 0 0 24 29 2 0 19 82 2 0 4 0 0 0 27 132 2 0 0 
12 28 2 0 0 0 0 0 33 130 54 1 0 0 0 0 0 33 130 16 0 0 0 0 0 3 130 20 0 0 0 0 87 33 0 0 0 0 0 1 130 130 22 0 0 0 1 20 20 38 130 13 0 0 17 10 1 6 130 20 0 0 8 2 89 2 0 0 0 0 0 22 130 5 0 0 0 1 21 130 14 1 2 0 0 10 130 69 1 0 4 0 0 6 130 30 19 0 0 0 0 0 0 18 51 0 0 0 0 3 16 113 4 0 0 0 0 24 110 34 0 0 0 0 0 7 102 16 
131 12 0 0 0 0 0 7 122 12 0 0 13 3 0 11 2 0 0 10 131 23 0 0 0 0 0 10 97 10 0 0 131 8 0 0 0 0 0 34 131 6 0 1 20 10 19 37 1 0 0 17 131 67 12 1 0 0 0 30 98 38 4 0 60 1 0 0 0 0 36 131 23 0 0 0 1 23 131 131 0 0 0 1 19 131 131 3 0 0 0 2 12 125 42 0 1 0 0 0 0 0 15 30 0 0 0 0 0 2 92 32 0 0 0 0 0 24 84 2 0 0 0 0 0 17 15 0 
0 0 0 3 17 29 6 0 7 0 0 0 5 46 89 35 51 11 3 0 0 0 17 47 1 9 17 6 0 0 0 0 0 4 7 54 115 23 2 0 68 0 0 39 119 62 58 53 124 18 1 0 0 0 13 110 19 33 34 9 1 3 11 15 0 5 17 87 79 0 0 0 37 56 68 124 124 0 0 4 124 124 42 4 1 0 14 61 37 65 10 2 1 3 33 48 0 1 33 36 8 0 0 0 0 26 124 68 11 0 0 0 0 106 124 2 0 0 0 0 3 106 43 0 0 0 0 0 
11 3 0 0 0 0 7 7 32 11 0 0 0 0 19 29 28 11 3 5 19 59 24 29 46 0 0 0 2 7 7 66 0 0 0 0 37 59 49 7 3 0 0 0 19 41 130 64 38 4 3 0 10 48 130 129 130 9 3 0 2 4 2 63 0 1 22 61 91 20 1 0 0 7 130 64 46 21 51 8 105 109 130 1 0 0 35 81 130 76 5 0 0 0 0 19 5 5 20 16 2 0 0 2 11 27 130 11 0 0 0 4 14 64 130 0 0 0 0 0 44 58 8 0 0 0 0 0 
0 0 2 7 7 66 46 0 3 0 2 4 2 63 130 9 5 0 0 0 0 19 130 76 8 0 0 0 0 0 44 58 3 5 19 59 24 29 29 11 3 0 10 48 130 129 38 4 130 1 0 0 35 81 105 109 130 0 0 0 0 0 14 64 0 0 0 0 19 29 32 11 0 0 19 41 130 64 3 0 130 64 46 21 51 8 0 7 130 11 0 0 0 4 11 27 0 0 0 0 7 7 11 3 0 0 37 59 49 7 0 0 22 61 91 20 1 0 0 1 20 16 2 0 0 2 5 5 
18 68 7 0 0 0 0 0 2 61 116 25 0 0 0 0 0 0 73 86 0 0 0 0 0 0 7 37 3 0 0 0 116 56 2 0 0 0 0 18 105 87 113 29 1 0 0 7 0 1 114 116 74 20 0 0 0 0 5 75 87 10 0 0 116 0 0 0 0 0 1 67 116 9 1 0 1 31 104 111 0 0 1 8 78 116 68 0 0 0 0 3 85 70 2 0 27 0 0 0 0 0 4 42 3 0 0 0 0 12 116 60 0 0 0 0 0 76 92 0 0 0 0 0 3 36 9 0 
8 43 4 0 0 0 0 0 1 55 101 4 0 0 0 0 0 3 82 72 0 0 0 0 0 0 6 38 2 0 0 0 111 48 0 0 0 0 0 4 109 115 112 9 0 0 0 15 1 6 110 115 38 6 1 0 0 0 2 102 76 4 0 0 115 7 0 0 0 0 0 34 115 8 2 0 0 18 41 115 2 0 2 28 48 115 87 10 0 0 0 14 97 107 11 0 15 0 0 0 0 0 11 50 9 0 0 0 0 21 115 79 0 0 0 0 0 115 86 2 0 0 0 0 1 56 12 0 
10 34 10 0 0 0 0 0 5 74 120 23 0 0 0 0 0 1 120 82 0 0 0 0 0 0 24 61 3 0 0 0 120 52 0 0 0 0 0 5 120 120 60 26 1 0 0 21 2 5 107 120 57 35 0 1 0 0 10 98 109 20 0 0 105 1 0 0 0 0 0 56 89 2 0 0 1 16 61 120 1 0 0 3 43 120 61 16 0 0 0 2 62 113 6 0 6 0 0 0 0 0 5 39 0 0 0 0 0 8 89 78 0 0 0 0 0 89 78 3 0 0 0 0 2 35 7 0 
40 56 11 0 0 0 0 0 9 82 128 4 0 0 0 0 0 6 128 45 0 0 0 0 0 0 118 75 0 0 0 0 128 32 0 0 0 0 0 7 124 109 36 0 0 0 0 0 2 19 105 15 0 20 3 0 0 0 65 64 1 38 12 0 128 1 0 0 0 0 0 44 128 7 0 0 0 14 4 36 2 1 0 0 2 128 14 2 0 0 0 0 0 128 46 0 89 2 0 0 0 0 0 51 86 0 0 0 1 35 20 103 0 0 0 0 10 128 9 1 0 0 0 0 0 89 9 0 
126 37 1 0 0 0 0 0 36 16 9 95 6 0 0 0 0 0 22 126 3 0 0 0 0 0 26 79 0 0 0 0 126 8 0 0 0 0 0 26 73 5 6 34 0 0 2 27 0 0 35 122 4 4 4 0 0 0 49 116 15 17 1 0 126 0 0 0 0 0 3 96 36 0 0 0 0 8 110 106 0 0 1 6 4 91 126 2 0 0 1 8 13 126 85 0 21 0 0 0 0 0 25 66 1 0 0 0 0 28 126 37 0 0 0 0 0 92 126 0 0 0 0 0 0 55 51 0 
1 23 5 0 0 0 0 0 0 33 76 1 0 0 0 0 0 1 102 20 0 0 0 0 0 0 33 12 0 0 0 0 53 46 0 0 0 0 0 0 132 142 127 5 0 0 0 0 5 31 142 142 0 0 0 0 0 0 136 142 0 0 0 0 106 11 0 0 0 0 0 3 142 38 5 0 0 0 0 54 40 11 46 25 0 0 0 7 0 0 67 130 0 0 0 0 51 0 0 0 0 0 0 8 142 0 0 0 0 0 0 106 58 0 0 0 0 0 0 38 0 0 0 1 0 0 0 0 
96 6 0 0 0 0 0 3 149 41 0 0 0 0 0 0 17 1 0 0 0 0 0 0 0 0 0 0 0 33 1 0 143 0 0 0 0 0 0 26 149 3 0 0 0 1 9 77 15 0 0 0 0 92 47 11 0 0 0 0 0 149 36 0 64 0 0 0 0 0 0 50 110 0 0 0 0 15 129 149 2 0 0 0 0 149 149 21 0 0 0 0 0 149 60 0 6 0 0 0 0 0 1 24 1 0 0 0 0 2 60 42 0 0 0 0 0 18 78 3 0 0 0 0 0 16 21 0 
0 0 0 0 7 28 42 11 1 0 0 0 2 15 127 42 26 1 1 2 22 35 79 53 97 1 0 0 0 0 1 39 0 0 0 11 127 49 16 0 1 3 8 9 52 34 127 30 127 20 4 0 0 1 67 127 127 18 0 0 0 0 0 37 0 1 29 84 78 1 0 0 0 22 127 59 26 1 0 1 106 127 127 0 0 0 0 16 127 58 4 0 0 0 0 7 4 7 16 11 1 0 0 1 13 32 86 4 0 0 0 1 15 44 87 0 0 0 0 0 44 31 5 0 0 0 0 0 
14 25 1 0 0 0 0 0 58 136 41 0 0 0 0 0 2 52 136 7 0 0 0 0 0 9 136 13 0 0 0 0 80 25 0 0 0 0 0 1 136 129 11 0 0 0 1 27 39 42 114 5 0 1 27 14 0 10 102 9 0 0 20 4 72 1 0 0 0 0 0 17 136 1 0 0 0 0 16 136 19 0 0 0 0 19 136 80 0 0 0 0 0 11 136 25 14 0 0 0 1 0 0 12 51 0 0 0 0 1 10 115 6 0 0 0 0 31 93 40 0 0 0 0 0 11 94 9 
64 37 0 0 0 0 0 0 27 121 82 7 0 0 0 0 0 6 97 100 6 0 0 0 0 0 9 60 8 0 0 0 121 37 0 0 0 0 0 15 121 114 34 13 0 2 8 33 1 7 43 121 25 39 16 2 0 0 4 112 55 39 1 0 121 0 0 0 0 0 0 70 104 0 0 0 0 22 115 121 0 0 0 5 9 121 121 6 0 0 0 2 24 121 25 0 19 0 0 0 0 0 2 43 13 0 0 0 0 6 85 72 1 0 0 0 0 40 73 4 0 0 0 0 0 22 8 0 
3 27 25 4 0 0 0 0 2 60 124 8 0 0 0 0 0 1 124 64 0 0 0 0 0 0 36 48 0 0 0 0 76 53 9 1 0 0 0 2 124 124 101 5 0 0 0 5 7 24 124 124 32 8 0 1 0 0 28 124 56 2 0 0 104 4 0 0 0 0 0 22 124 10 1 0 0 11 23 84 14 4 3 14 38 124 58 14 0 0 0 22 112 82 6 0 29 0 0 0 0 0 0 27 46 0 0 0 0 22 49 102 0 0 0 0 0 100 96 6 0 0 0 0 8 62 16 0 
0 0 0 0 18 58 17 0 0 0 0 0 7 56 122 11 9 0 0 0 0 30 122 55 82 0 0 0 0 2 7 75 0 0 0 12 104 84 1 0 1 1 5 8 67 115 49 11 85 16 3 0 0 4 51 96 122 10 0 0 0 0 0 45 0 0 12 107 77 4 0 0 0 10 122 96 39 8 0 0 47 122 122 1 0 0 0 3 122 99 6 0 0 0 0 5 0 2 17 22 0 0 0 0 1 7 118 25 0 0 0 0 1 40 108 0 0 0 0 0 23 35 7 0 0 0 0 3 
0 0 0 1 6 77 83 0 0 0 0 0 0 49 122 9 6 0 0 0 0 5 122 98 7 0 0 0 0 3 22 34 0 0 0 31 122 56 10 0 3 0 0 4 51 96 85 17 122 1 0 0 0 4 47 122 105 0 0 0 0 0 1 41 0 0 7 56 122 9 0 0 5 8 68 113 51 11 1 1 122 94 40 9 0 0 0 13 119 25 0 0 0 0 1 9 0 0 19 56 18 0 0 0 0 11 105 84 1 0 0 0 11 108 77 5 0 0 0 0 17 22 0 0 0 0 0 2 
75 39 0 0 0 0 0 4 75 55 31 35 0 0 0 4 0 1 20 123 42 0 0 0 2 3 9 50 33 4 0 0 123 4 0 0 0 0 0 57 123 39 13 18 2 2 3 40 7 10 13 123 123 28 4 2 0 0 0 28 121 43 1 0 85 0 0 0 0 0 5 76 118 9 0 1 0 15 123 123 3 2 0 10 56 123 123 11 0 0 0 4 81 76 33 0 4 0 0 0 0 0 18 26 0 0 0 0 0 3 122 24 0 0 0 0 0 30 105 1 0 0 0 0 0 15 30 0 
5 20 34 1 0 0 0 0 0 10 124 12 0 0 0 0 0 0 96 39 0 0 0 0 0 0 15 23 1 0 0 0 90 90 18 0 0 0 0 0 77 124 124 24 2 3 0 6 1 9 124 124 92 19 0 0 0 0 11 67 87 3 0 0 117 41 2 0 1 2 3 16 124 20 3 2 10 25 7 77 1 1 3 19 124 107 5 10 0 0 0 21 124 11 0 0 50 0 0 0 0 1 9 47 49 0 0 0 5 16 16 105 0 0 0 0 92 112 11 8 0 0 0 4 48 31 0 0 
18 26 3 0 0 0 0 0 6 73 87 0 0 0 0 0 0 53 123 4 0 0 0 0 0 4 70 40 0 0 0 0 120 24 0 0 0 0 0 2 123 123 115 10 0 1 0 14 3 36 123 43 12 17 1 2 0 4 80 59 30 31 0 0 108 1 0 0 0 0 0 27 123 12 3 2 0 10 58 123 4 2 8 11 13 123 123 27 0 0 0 2 20 123 44 0 32 0 0 0 0 0 0 16 32 0 0 0 0 4 84 75 2 0 0 0 0 27 119 43 1 0 1 3 9 50 33 3 
6 23 3 0 0 0 0 0 1 36 79 1 0 0 0 0 0 1 105 21 0 0 0 0 0 0 33 21 0 0 0 0 82 40 0 0 0 0 0 0 110 142 129 3 0 0 0 0 3 27 142 116 0 0 0 0 0 0 142 142 0 0 0 0 137 4 0 0 0 0 0 14 142 50 9 0 0 0 0 46 33 16 62 28 0 0 0 2 0 0 77 107 0 0 0 0 62 0 0 0 0 0 0 17 142 0 0 0 0 0 0 110 49 0 0 0 0 0 0 23 0 0 2 2 0 0 0 0 
103 7 0 0 0 0 0 0 147 34 0 0 0 0 0 0 32 4 0 0 0 0 0 0 0 0 0 0 0 13 2 0 147 0 0 0 0 0 0 19 147 3 0 0 0 0 6 78 28 0 0 0 0 51 54 19 0 0 0 0 0 147 56 0 67 0 0 0 0 0 0 51 107 0 0 0 0 6 109 147 3 0 0 0 0 147 147 32 0 0 0 0 0 147 87 0 6 0 0 0 0 0 3 24 1 0 0 0 0 4 77 39 0 0 0 0 0 40 88 1 0 0 0 0 0 24 18 0 
9 14 4 0 0 0 0 0 2 30 80 4 0 0 0 0 0 1 108 30 0 0 0 0 0 0 34 23 0 0 0 0 83 20 0 0 0 0 0 4 126 137 94 1 0 0 0 1 5 43 137 59 0 0 0 0 0 0 137 136 2 1 0 0 107 1 0 0 0 0 0 19 137 36 2 0 0 0 0 38 38 23 32 4 1 55 9 4 0 0 27 27 8 97 36 0 41 3 0 0 0 0 0 12 137 1 0 0 0 4 5 127 17 0 0 0 3 137 16 29 0 0 0 0 0 123 21 0 
110 19 0 0 0 0 0 0 134 42 7 25 0 0 0 4 3 2 30 134 2 0 0 0 0 0 44 101 1 0 0 0 134 5 0 0 0 0 0 12 134 2 1 2 0 0 9 93 10 0 14 44 4 29 57 20 0 0 21 54 30 117 30 0 81 0 0 0 0 0 0 37 87 0 0 0 0 11 115 134 0 0 0 0 0 134 134 21 0 0 0 0 0 134 105 0 8 0 0 0 0 0 4 15 2 0 0 0 0 12 74 27 0 0 0 0 0 43 66 0 0 0 0 0 0 11 14 0 
11 18 0 0 0 0 0 1 7 100 68 2 0 0 0 0 0 34 129 26 0 0 0 0 0 12 125 27 0 0 0 0 86 46 0 0 0 0 0 1 129 129 53 0 0 0 0 3 4 99 129 47 2 1 1 0 4 36 115 84 5 0 0 0 128 21 0 0 0 0 0 23 129 37 2 0 0 0 12 117 18 15 9 4 3 30 86 36 10 2 4 15 10 14 34 18 46 0 0 0 0 0 0 49 41 0 0 0 0 0 53 129 11 0 0 0 0 7 126 86 22 2 0 0 0 1 23 36 
99 37 0 0 0 0 0 0 132 113 6 0 0 0 0 14 16 25 20 9 20 9 12 11 0 0 1 1 18 32 25 1 132 42 0 0 0 0 0 23 132 66 2 0 0 0 3 78 18 8 6 17 81 28 16 14 0 0 0 2 100 88 17 1 62 2 0 0 0 0 7 98 69 0 0 0 0 1 132 132 4 0 0 1 15 97 132 56 0 0 0 0 50 132 37 0 0 0 0 0 0 0 11 18 0 0 0 0 0 0 74 62 0 0 0 0 0 18 132 32 0 0 0 0 2 51 58 0 
26 44 1 0 0 0 0 0 19 123 78 0 0 0 0 0 0 77 123 21 0 0 0 0 0 9 123 53 0 0 0 0 118 64 2 0 0 0 0 2 123 123 31 0 0 0 0 17 9 79 89 6 0 5 6 3 2 11 53 64 12 6 7 0 123 28 0 0 0 0 0 39 123 16 0 0 0 0 25 123 12 3 1 0 0 29 123 52 2 0 0 1 5 21 77 11 35 0 0 0 0 0 5 68 9 0 0 0 0 0 72 123 10 0 0 0 0 3 123 80 17 0 0 0 0 0 31 35 
105 90 0 0 0 0 0 0 84 123 12 1 1 0 0 4 3 10 16 15 40 12 4 3 0 0 0 1 26 32 12 0 126 21 0 0 0 0 0 36 126 10 1 1 2 2 9 54 5 0 1 7 107 50 13 6 0 0 0 0 83 93 20 1 79 0 0 0 0 0 24 126 38 0 0 0 0 5 126 126 0 0 0 0 22 126 126 24 0 0 0 0 42 126 15 0 6 0 0 0 0 0 14 37 4 0 0 0 0 0 81 93 0 0 0 0 1 36 126 30 0 0 0 0 8 67 33 0 
3 1 0 0 0 1 7 6 8 27 25 1 1 8 17 20 0 10 84 30 3 19 7 0 0 0 18 22 1 2 0 0 38 16 0 0 0 1 2 3 126 128 61 0 0 0 5 31 7 58 128 112 5 0 10 16 0 0 58 128 74 2 0 0 47 2 0 0 0 0 0 18 128 22 0 0 0 0 15 128 80 10 9 10 13 78 61 69 1 0 3 33 121 128 16 1 7 0 0 0 0 0 3 10 82 2 0 0 0 7 63 67 21 2 0 0 0 128 128 19 0 0 0 0 1 108 32 0 
12 32 26 3 0 0 0 0 0 8 79 13 0 0 0 0 0 2 39 24 0 0 0 0 2 3 1 3 0 0 0 0 136 80 50 18 0 0 0 1 17 71 136 88 1 0 0 0 0 24 110 136 85 1 0 0 2 6 10 30 24 0 0 0 136 10 4 3 0 0 1 87 55 39 56 19 14 55 30 50 1 14 8 53 136 136 8 0 27 16 10 8 48 18 1 10 52 0 0 0 0 0 19 98 8 0 0 0 6 76 136 82 0 0 0 0 18 136 40 1 25 0 0 0 1 10 1 14 
2 31 31 3 0 0 0 0 0 27 116 4 0 0 0 0 0 4 109 41 0 0 0 0 0 0 38 53 0 0 0 0 72 44 4 0 0 0 0 3 94 120 120 31 0 0 0 1 0 7 120 120 58 0 0 0 0 0 9 55 53 1 0 0 102 22 0 0 0 0 0 33 120 36 9 12 2 12 18 120 6 1 8 77 120 120 22 5 2 0 3 9 89 33 5 6 9 0 0 0 0 0 4 45 29 0 0 0 0 33 107 120 1 5 3 0 6 120 88 7 0 4 7 0 3 21 8 4 
33 31 1 0 0 0 0 0 6 59 51 1 0 1 1 0 1 20 99 69 7 3 2 2 1 0 10 32 0 0 1 18 120 24 0 0 0 0 0 8 122 122 52 0 0 0 0 13 16 91 122 122 19 37 5 2 0 0 19 122 95 41 2 2 92 0 0 0 0 0 0 63 122 11 0 0 0 7 74 122 17 5 0 1 11 122 122 30 0 0 0 7 74 122 12 0 36 0 0 0 0 0 0 46 14 0 0 0 0 8 57 56 0 0 0 0 0 32 97 5 0 0 0 0 6 23 15 0 
0 0 0 0 1 12 87 23 2 0 0 0 9 15 126 36 36 0 3 13 27 27 34 44 92 0 1 1 0 0 0 29 0 0 0 0 71 51 93 9 14 1 0 0 1 3 126 66 126 12 3 8 0 2 37 126 126 15 1 2 0 0 0 19 0 0 71 53 73 6 0 0 12 36 126 4 1 0 2 5 126 111 52 0 0 0 0 46 126 38 0 0 0 0 0 6 0 12 99 21 2 0 0 0 3 36 126 1 0 0 0 0 22 87 110 0 0 0 0 0 53 28 1 0 0 0 0 0 
2 39 26 0 0 0 0 0 1 75 141 0 0 0 0 0 0 24 141 14 0 0 0 0 0 0 103 81 0 0 0 0 80 58 42 16 12 3 3 14 141 141 121 0 0 0 0 15 5 29 141 12 0 0 0 1 0 0 141 111 0 0 0 0 94 1 1 2 8 7 27 64 141 4 0 0 0 0 0 75 36 1 5 0 0 0 0 9 0 0 8 5 0 0 0 0 90 0 0 0 3 5 6 28 141 0 0 0 0 0 0 36 48 0 0 0 0 0 0 8 0 0 0 0 0 0 0 0 
135 77 0 0 0 0 0 0 135 71 0 0 0 0 0 1 4 1 0 0 0 0 0 0 0 0 0 0 0 0 0 0 135 10 0 0 0 0 0 39 135 6 0 0 0 1 5 52 3 0 0 0 0 17 39 1 0 0 0 0 0 22 64 0 129 0 0 0 0 0 0 89 115 0 0 0 0 24 135 135 0 0 0 0 0 123 135 3 0 0 0 0 0 77 135 0 19 0 0 0 0 0 2 43 40 13 8 1 1 12 79 72 4 5 11 5 32 72 73 2 0 0 5 4 8 37 56 0 
0 20 11 0 0 0 0 0 0 36 84 1 0 0 0 0 0 4 113 37 0 0 0 0 0 0 19 39 1 0 0 0 13 125 25 0 0 0 0 1 30 133 129 0 0 0 0 4 3 39 133 133 23 0 0 0 0 0 35 133 74 0 0 0 71 34 3 0 0 0 0 43 133 58 5 0 0 0 0 51 42 12 16 42 116 1 0 6 0 0 0 58 133 1 0 0 72 0 0 0 0 0 0 16 133 6 0 0 0 0 0 23 44 2 0 17 75 3 0 4 0 0 0 25 133 4 0 0 
11 32 2 0 0 0 0 0 27 132 57 0 0 0 0 0 0 38 132 13 0 0 0 0 0 5 132 21 0 0 0 0 94 40 0 0 0 0 0 1 132 132 20 0 0 0 3 27 21 37 132 10 0 0 29 11 0 7 124 18 0 0 17 4 92 2 0 0 0 0 0 29 132 3 0 0 0 3 31 132 11 0 0 0 0 16 132 60 0 0 1 0 0 6 132 32 20 0 0 0 0 0 0 19 45 0 0 0 0 4 20 96 2 0 0 0 0 26 103 22 0 0 0 0 0 8 95 11 
132 18 0 0 0 0 0 6 120 16 0 0 19 4 0 8 1 0 0 7 132 30 0 0 0 0 0 8 93 10 0 0 132 11 0 0 0 0 0 38 132 8 0 0 30 11 21 36 0 0 0 19 132 59 10 0 0 0 0 29 99 22 2 0 58 0 0 0 0 0 28 132 20 0 0 0 3 28 132 132 0 0 0 3 31 132 132 2 0 0 0 4 19 99 44 0 2 0 0 0 0 0 12 32 0 0 0 0 0 1 95 40 0 0 0 0 0 30 91 1 0 0 0 0 0 20 19 0 
9 49 40 5 0 0 0 0 5 72 143 1 0 0 0 0 0 9 143 10 0 0 0 0 0 0 143 41 0 0 0 0 105 39 10 19 17 4 8 20 143 98 95 0 0 0 0 25 10 12 143 11 0 0 0 2 0 0 143 49 0 0 0 0 140 2 0 0 2 4 19 49 143 0 0 0 0 0 0 64 40 0 1 0 0 0 0 11 0 0 3 0 0 0 0 0 133 2 0 0 0 1 1 18 143 0 0 0 0 0 0 22 49 0 0 0 0 0 0 7 0 0 0 0 0 0 0 0 
137 27 0 0 0 0 0 2 137 20 0 0 0 0 0 1 0 0 0 0 0 0 0 0 0 0 0 0 0 0 0 0 137 2 0 0 0 0 0 38 137 1 0 0 0 3 8 31 0 0 0 0 0 20 43 0 0 0 0 0 0 23 65 0 137 0 0 0 0 0 3 91 100 0 0 0 0 41 137 114 0 0 0 0 0 119 137 0 0 0 0 0 0 60 137 0 37 1 0 0 0 0 8 58 14 25 9 3 3 23 110 50 0 1 5 6 22 73 101 0 0 0 1 1 5 35 99 0 
2 0 1 2 15 9 12 5 0 0 0 0 7 23 123 21 0 0 0 1 40 61 109 14 74 0 0 0 17 16 7 65 5 0 0 2 101 25 2 6 0 0 0 2 123 111 114 7 16 1 0 0 1 33 123 42 123 11 0 0 0 7 18 57 0 0 1 29 76 8 1 4 0 0 77 123 123 16 2 0 24 65 123 16 2 2 7 11 123 105 22 0 0 0 0 9 5 4 4 11 3 0 0 0 3 3 97 73 2 0 0 2 0 38 123 13 0 0 0 0 11 52 45 1 0 0 0 2 
0 0 0 0 4 51 37 0 0 0 0 0 1 43 119 9 2 0 0 2 4 6 91 63 4 0 0 0 3 2 2 10 0 0 0 14 119 111 29 0 2 3 6 9 16 88 119 14 119 11 2 0 0 2 70 119 73 5 3 5 0 0 0 29 0 3 10 77 119 3 0 0 2 46 119 34 18 3 0 0 119 108 119 0 0 0 0 8 103 20 6 6 2 0 0 11 5 6 9 94 81 0 0 0 51 77 80 20 5 0 0 5 5 34 119 8 0 0 0 0 9 11 19 7 0 0 0 2 
14 3 4 3 2 4 7 11 5 0 0 0 3 6 56 27 27 0 0 1 55 45 26 27 134 0 0 0 2 4 1 60 6 0 2 6 62 60 12 6 0 0 7 11 50 99 137 40 95 27 3 0 8 62 137 63 137 26 0 0 0 5 3 41 2 4 16 60 53 13 0 1 0 7 137 135 42 19 14 3 87 137 137 4 0 0 16 14 137 62 4 0 0 0 0 31 2 2 4 2 0 0 0 6 8 7 59 11 0 0 0 18 7 27 73 1 0 0 0 6 39 13 6 0 0 0 0 13 
75 35 0 0 0 0 0 0 104 58 7 1 0 0 0 0 0 14 54 11 1 0 0 0 0 7 81 3 0 0 0 0 123 18 0 0 0 0 0 7 123 123 33 0 0 0 1 19 6 123 123 0 0 0 5 7 0 27 123 0 0 0 0 0 123 1 0 0 0 0 0 36 123 23 1 0 0 0 27 123 8 14 7 0 0 0 123 123 0 0 2 0 0 0 123 27 38 0 0 0 0 0 0 28 119 0 0 0 0 0 5 113 8 0 0 1 2 8 51 25 0 0 0 0 1 5 85 11 
9 15 0 0 0 0 1 1 6 101 70 2 0 0 0 0 0 62 130 8 0 0 0 0 0 41 119 29 0 0 0 0 92 44 0 0 0 0 0 1 130 130 40 0 0 0 0 2 2 127 130 34 3 2 1 0 12 45 78 62 7 2 0 1 130 22 0 0 0 0 0 18 130 44 2 0 0 2 9 113 15 21 6 3 3 56 65 28 7 1 1 8 8 22 34 27 54 0 0 0 0 0 0 46 59 0 0 0 0 1 55 130 8 0 0 0 0 23 130 65 25 2 0 0 0 3 25 31 
68 40 0 0 0 0 0 0 133 133 8 0 0 0 0 8 31 44 32 9 6 2 8 22 0 0 5 6 8 16 28 3 133 45 0 0 0 0 0 19 133 86 3 0 0 0 0 55 31 19 11 14 65 12 5 13 0 0 0 2 76 61 24 4 61 1 0 0 0 0 4 83 101 0 0 0 0 0 93 133 11 0 0 1 25 60 133 96 0 0 0 0 59 133 39 1 1 0 0 0 0 0 8 20 1 0 0 0 0 0 56 98 0 0 0 0 0 12 133 75 0 0 0 0 2 66 69 1 
3 0 1 2 17 16 9 6 0 0 0 0 12 35 129 28 14 0 0 0 36 62 114 32 129 0 0 0 4 7 5 62 3 0 0 11 102 32 2 5 0 0 17 37 129 91 106 11 77 35 19 1 0 17 129 56 129 35 0 0 0 1 4 37 3 4 9 42 37 2 0 1 1 3 129 129 47 2 0 1 33 128 129 13 0 0 0 3 129 82 20 0 0 0 0 25 3 2 2 0 0 0 0 3 5 3 34 9 0 0 0 14 7 20 56 2 0 0 0 4 11 11 15 1 0 0 0 5 
19 36 3 0 0 0 0 0 18 82 116 5 0 0 0 0 0 42 129 31 0 0 0 0 5 86 14 2 0 0 0 0 105 40 0 0 0 0 0 2 129 116 73 12 0 0 0 15 22 27 129 129 27 15 1 4 45 69 28 38 13 5 0 3 80 15 0 0 0 0 0 18 129 4 0 0 0 6 22 129 20 1 1 14 26 129 78 52 37 2 0 6 12 48 33 67 15 5 0 0 0 0 0 4 20 0 0 1 0 6 45 99 4 0 0 0 0 85 121 34 32 0 0 0 0 11 22 55 
2 7 1 1 27 8 0 0 2 0 0 1 85 96 69 31 67 3 0 0 1 6 65 114 29 13 2 0 0 0 0 5 1 12 4 12 88 2 0 0 23 1 0 28 148 34 6 14 148 11 0 1 11 3 5 61 80 12 0 2 0 0 1 8 1 4 2 27 59 1 0 0 13 5 34 148 148 0 0 0 148 25 52 38 7 0 5 71 46 15 5 0 0 1 56 64 0 3 9 15 12 1 0 0 0 21 100 100 14 0 0 0 11 29 148 58 0 0 1 6 9 54 84 0 0 0 7 7 
0 0 8 8 8 52 82 0 0 0 1 7 11 28 148 59 14 0 0 0 0 20 102 102 13 1 0 0 0 4 10 15 0 1 54 64 47 13 5 0 7 0 5 68 148 26 49 37 148 0 0 0 13 6 34 148 61 1 0 0 1 3 2 26 0 0 1 7 82 13 0 1 12 3 5 56 148 13 0 1 148 36 6 13 23 2 0 24 87 2 0 0 1 12 4 11 0 0 0 6 29 13 2 0 1 7 65 115 66 3 0 0 85 99 64 30 1 0 0 1 26 7 0 0 2 8 1 1 
24 40 3 0 0 0 0 0 31 126 71 0 0 0 0 0 0 94 126 6 0 0 0 0 0 9 126 59 0 0 0 0 95 72 5 0 0 0 0 2 126 126 21 0 0 0 0 30 18 73 80 0 1 8 15 12 0 7 47 37 8 9 21 1 113 21 0 0 0 0 2 54 119 11 0 0 0 0 44 126 11 1 0 0 0 21 126 83 1 0 0 0 1 15 107 20 19 0 0 0 0 0 7 67 3 0 0 0 0 0 76 112 25 3 0 0 0 0 97 85 34 7 0 0 0 0 20 31 
126 79 0 0 0 0 0 1 91 82 6 2 4 2 0 2 1 5 5 10 68 26 1 0 0 0 0 0 23 35 15 4 126 8 0 0 0 0 0 48 126 3 0 2 8 7 23 60 1 0 0 4 126 90 17 3 0 0 0 0 62 96 33 10 67 0 0 0 0 0 27 126 23 0 0 0 0 12 126 126 0 0 0 0 28 126 126 15 0 0 0 0 34 126 13 0 10 0 0 0 0 0 11 33 8 0 0 0 0 0 77 83 0 0 0 0 4 57 115 17 0 0 0 0 9 59 19 0 
0 0 0 1 1 25 18 0 0 0 0 0 0 38 78 1 7 0 0 0 0 4 71 41 16 7 0 0 0 0 2 17 0 0 0 15 72 101 27 0 1 0 0 2 17 106 120 3 120 1 0 0 0 12 120 102 120 16 0 0 0 0 1 34 0 0 1 98 120 9 0 0 4 6 15 60 78 16 12 1 120 76 17 1 0 0 4 35 120 29 1 0 1 4 22 45 0 0 13 95 66 0 0 0 0 46 120 89 28 0 0 0 10 120 120 2 1 0 0 0 11 62 36 1 6 3 6 2 
0 0 0 0 3 19 11 2 1 0 0 0 4 31 104 34 3 0 0 0 11 12 130 46 25 0 2 10 25 16 23 22 0 0 0 1 67 37 2 0 0 0 0 0 130 108 98 14 21 1 0 0 5 9 130 87 130 7 5 4 0 1 29 118 0 0 0 25 107 6 0 0 0 1 32 58 130 23 1 0 29 35 74 7 8 1 6 10 130 60 10 0 0 0 0 43 0 2 3 29 22 0 0 0 0 11 130 75 25 0 0 0 1 41 130 5 0 0 0 0 48 95 66 0 0 0 0 0 
3 9 23 14 23 22 26 0 6 2 0 1 27 121 130 7 11 0 0 0 0 44 130 61 68 0 0 0 0 0 45 93 0 0 12 11 130 41 2 0 0 0 5 9 130 84 21 1 76 7 8 1 6 10 27 36 130 4 0 0 0 0 1 45 0 0 3 30 107 33 1 0 0 0 130 103 102 13 0 0 32 58 130 19 1 0 0 1 130 74 27 0 0 0 0 11 0 0 3 19 11 2 0 0 0 1 68 37 3 0 0 0 0 26 105 5 0 0 0 0 3 28 21 0 0 0 0 2 
0 0 0 0 21 95 70 0 0 0 0 0 1 78 126 6 27 0 0 0 0 15 96 90 18 0 0 0 0 1 1 27 0 0 0 47 126 73 20 0 11 1 4 8 18 51 79 12 126 3 1 0 0 2 22 79 93 1 0 0 0 0 0 31 0 0 16 126 126 6 1 0 5 18 126 74 18 1 0 0 126 89 126 2 0 0 0 2 73 38 4 0 0 0 0 1 13 5 16 38 37 4 2 7 19 26 126 25 0 0 0 2 2 27 125 24 0 0 0 0 2 19 14 4 0 0 0 0 
93 28 0 0 0 0 0 2 110 63 41 30 3 0 0 1 2 2 21 133 73 0 0 0 0 0 0 62 46 0 0 0 133 0 0 0 0 0 0 29 133 5 2 7 5 3 9 51 11 2 2 81 133 62 12 5 0 0 0 37 133 39 0 0 50 0 0 0 0 1 20 78 61 0 0 0 0 22 133 133 1 0 0 0 34 133 133 10 0 0 0 0 34 115 23 0 0 0 0 1 5 3 14 7 0 0 0 0 3 13 83 9 0 0 0 0 0 25 65 1 0 0 0 0 0 6 9 1 
0 8 20 0 0 0 0 0 0 11 89 4 0 0 0 0 1 4 74 15 0 0 0 0 5 6 8 4 0 0 0 0 48 120 28 0 0 0 0 0 32 132 132 21 3 0 0 0 0 7 132 132 58 2 0 0 1 1 20 82 39 0 0 0 132 30 0 0 0 0 0 24 132 54 11 6 22 12 0 32 2 2 8 39 132 66 0 2 0 0 0 19 125 17 0 0 84 0 0 0 0 0 0 62 77 0 0 0 10 25 30 116 0 0 0 0 120 115 15 4 0 0 0 0 52 25 0 0 
10 5 0 0 0 0 6 5 21 79 44 0 0 0 0 1 0 17 133 9 0 0 0 0 0 0 66 25 0 0 0 0 78 12 0 0 0 0 1 7 133 133 62 0 0 0 0 11 8 35 133 39 0 2 3 3 0 0 124 95 23 10 0 0 80 2 0 0 0 0 0 15 133 15 2 0 0 0 32 133 12 5 18 8 0 48 133 56 0 0 6 14 26 133 80 0 16 0 0 0 0 0 0 7 28 0 0 0 0 0 42 117 0 0 0 0 0 31 133 33 0 0 0 0 0 61 70 0 
0 0 0 0 4 37 33 3 2 0 0 0 0 28 98 77 9 0 0 0 0 5 60 87 52 0 0 0 0 1 12 54 0 0 0 39 99 66 11 0 3 0 5 29 25 88 109 75 56 4 1 0 0 1 102 123 123 7 0 0 0 0 13 82 1 1 19 118 40 1 0 0 4 6 123 123 15 5 2 4 106 120 92 31 0 0 0 29 123 87 1 0 0 0 0 8 3 0 5 7 1 0 1 2 2 2 61 49 0 0 0 0 14 66 91 20 0 0 0 0 56 43 2 0 0 0 0 1 
0 0 4 3 3 11 4 0 2 3 0 0 0 26 83 6 2 5 3 0 0 3 126 14 11 2 1 0 0 5 36 15 0 0 2 3 97 110 8 0 0 0 0 0 44 126 126 10 54 1 0 0 0 3 126 99 126 10 0 0 0 0 20 48 0 0 0 22 126 27 0 0 4 6 6 32 126 23 8 4 126 28 3 0 0 0 5 29 126 8 0 0 0 0 9 60 0 0 4 77 89 0 0 0 0 6 101 111 39 0 0 0 30 51 113 4 0 0 0 5 35 25 25 0 0 0 14 40 
0 0 11 36 21 44 30 0 0 0 0 4 22 56 122 4 47 0 0 0 0 6 90 120 82 0 0 0 0 0 2 76 0 0 12 82 125 2 0 0 0 0 5 33 125 23 2 1 125 25 9 4 3 5 4 43 125 23 0 0 0 0 0 28 0 0 13 55 125 4 0 0 0 9 125 97 57 0 0 0 41 125 125 7 0 0 0 0 95 102 7 0 0 0 3 4 0 5 31 20 15 2 0 0 0 11 125 12 3 4 2 0 0 27 79 6 2 4 0 0 3 9 4 0 0 0 4 2 
0 0 0 0 2 75 80 0 0 0 0 0 0 30 124 23 7 0 0 0 3 4 93 100 4 0 0 0 4 2 2 9 0 0 0 6 86 123 49 0 9 4 3 5 4 46 124 25 124 7 0 0 0 0 41 124 78 6 2 4 0 0 0 28 0 4 20 58 124 4 0 0 5 34 124 22 2 1 0 0 124 95 58 0 0 0 0 11 124 11 3 4 2 0 0 14 10 33 20 47 33 0 0 0 13 90 124 1 0 0 0 0 12 57 124 3 0 0 0 0 31 19 18 2 0 0 0 5 
2 22 42 2 0 0 0 0 1 43 135 0 0 0 0 0 0 5 149 14 0 0 0 0 0 1 96 41 0 0 0 0 50 34 33 30 10 3 12 31 149 127 126 2 1 0 0 21 18 29 149 27 0 0 0 4 0 0 149 101 0 0 0 0 71 0 0 0 4 4 36 57 149 3 0 0 0 0 0 74 83 2 10 1 0 0 0 24 0 0 19 6 0 0 0 0 86 1 0 0 1 3 21 27 149 1 0 0 0 0 0 27 93 0 0 0 0 0 0 13 0 0 0 0 0 0 0 0 
136 34 0 0 0 0 0 3 136 35 0 0 0 0 0 3 5 0 0 0 0 0 0 0 0 0 0 0 0 1 3 0 136 3 0 0 0 0 0 33 136 2 0 0 0 7 15 66 4 0 0 0 0 54 81 3 0 0 0 0 0 53 111 0 117 0 0 0 0 0 0 60 119 0 0 0 0 39 136 136 0 0 0 0 3 136 136 2 0 0 0 0 2 87 136 0 24 0 0 0 0 0 0 29 49 21 6 1 6 19 48 49 2 5 8 6 44 68 39 0 0 0 5 8 23 34 34 0 
4 33 20 0 0 0 0 0 5 121 121 19 0 0 0 0 0 10 93 121 13 0 0 0 0 11 28 15 1 0 0 0 119 38 1 0 0 2 4 16 121 121 51 19 7 6 14 35 0 7 36 121 121 34 13 0 0 16 20 54 40 0 0 0 120 0 0 0 0 1 1 33 121 0 0 0 0 54 110 121 3 0 0 13 70 121 121 9 4 30 12 20 39 7 2 1 22 0 0 0 0 2 8 34 19 0 0 0 0 48 50 69 52 3 0 0 0 38 35 29 19 26 4 2 0 0 0 2 
10 51 26 0 0 0 0 0 9 57 125 13 0 0 0 0 18 24 72 28 0 0 0 0 47 5 4 2 0 0 0 6 125 97 9 0 0 0 0 18 98 106 125 53 12 6 3 29 0 2 99 125 105 37 2 0 24 6 15 23 13 7 4 11 80 8 0 0 1 3 9 102 47 2 0 0 14 37 125 125 0 0 0 3 125 125 55 19 3 0 1 2 39 22 38 52 1 0 0 0 4 5 3 7 0 0 0 0 1 3 55 99 0 0 0 0 24 35 101 43 1 0 0 4 41 15 21 16 
41 55 10 0 0 0 0 0 27 77 130 62 3 0 0 0 0 0 47 130 30 0 0 0 0 0 1 30 10 0 0 0 130 15 0 0 0 0 0 22 130 30 14 40 17 2 0 24 1 0 4 130 130 26 0 0 0 0 0 38 88 13 0 0 80 0 0 0 0 0 16 79 88 0 0 0 4 49 130 130 0 0 0 7 88 130 127 3 0 0 0 1 41 75 9 0 0 0 0 2 6 3 18 13 0 0 0 0 4 24 113 15 0 0 0 0 0 39 64 1 0 0 0 0 0 5 7 1 
0 8 14 0 0 0 0 0 0 18 84 5 0 0 0 0 1 4 94 21 0 0 0 0 6 7 12 6 0 0 0 0 56 66 10 0 0 0 0 0 87 130 130 6 0 0 0 1 2 27 130 130 62 9 0 0 1 2 24 95 59 3 0 0 129 7 0 0 0 0 0 27 130 30 1 0 5 6 7 74 12 4 2 15 130 109 7 7 0 0 0 12 125 38 0 0 28 0 0 0 0 0 2 43 49 0 0 0 0 9 71 130 1 0 0 0 45 127 80 20 0 0 0 0 28 36 0 0 
14 8 0 0 0 0 8 6 23 86 71 2 0 0 1 1 0 8 131 25 0 0 0 0 0 0 35 42 2 0 0 0 105 16 0 0 0 0 1 10 131 131 75 6 0 0 3 33 2 11 131 75 5 16 16 3 0 0 42 113 98 35 2 0 78 3 0 0 0 0 0 23 131 4 0 0 0 3 87 131 1 0 4 3 3 113 131 27 0 0 0 4 61 131 47 0 11 0 0 0 0 0 0 7 12 0 0 0 0 1 51 68 0 0 0 0 0 33 109 8 0 0 0 0 1 36 21 0 
34 63 5 0 0 0 0 0 10 80 116 25 0 0 0 0 0 0 89 110 0 0 0 0 0 0 10 50 4 0 0 0 116 28 0 0 0 0 0 25 116 74 67 17 0 1 2 18 1 5 90 116 75 33 2 0 0 0 6 75 109 16 0 0 116 0 0 0 0 0 1 63 116 3 0 0 0 19 116 116 0 0 0 1 47 116 116 5 0 0 0 0 74 88 5 0 23 0 0 0 0 0 2 25 3 0 0 0 0 4 90 52 0 0 0 0 0 48 94 1 0 0 0 0 1 32 13 0 
9 53 10 0 0 0 0 0 1 48 119 12 0 0 0 0 0 1 63 91 0 0 0 0 0 1 4 30 2 0 0 0 122 65 4 0 0 0 0 6 81 110 122 27 0 0 0 12 0 1 73 122 72 8 1 0 0 0 0 67 75 5 0 0 122 7 0 0 0 0 0 45 118 7 2 2 0 42 57 109 0 0 1 30 84 122 73 2 0 0 0 7 83 93 4 0 19 0 0 0 0 0 16 62 6 0 0 0 0 45 122 64 0 0 0 0 0 122 59 0 0 0 0 0 0 45 7 0 
28 31 12 0 0 0 0 2 4 27 119 16 0 0 0 0 0 0 95 51 0 0 0 0 0 0 17 32 0 0 0 0 119 59 2 0 0 0 0 8 75 119 119 29 2 1 0 1 0 0 108 119 53 36 0 0 0 0 6 65 51 21 0 0 119 7 0 0 0 0 1 92 93 18 3 2 10 42 70 119 0 0 2 14 119 119 26 1 0 0 0 1 47 75 1 0 16 0 0 0 0 0 9 59 3 0 0 0 0 11 119 112 0 0 0 0 20 67 111 6 0 0 0 0 13 32 14 0 
16 27 5 0 0 0 0 0 4 24 79 21 0 0 0 0 0 9 84 40 1 0 0 0 0 0 8 52 15 0 0 0 106 27 0 0 0 0 0 4 115 95 109 24 0 0 0 5 2 14 115 115 42 3 0 0 0 0 10 80 115 6 0 0 110 0 0 0 0 0 0 38 115 12 2 0 0 3 56 115 4 2 9 21 61 115 106 19 0 0 0 7 115 115 4 0 25 0 0 0 0 0 5 32 10 0 0 0 0 25 109 53 0 0 0 0 0 111 115 3 0 0 0 0 3 57 14 0 
5 67 13 0 0 0 0 0 3 101 118 10 0 0 0 0 0 6 118 118 3 0 0 0 0 0 9 62 3 0 0 0 81 70 2 0 0 0 0 30 118 106 57 7 0 1 2 42 7 11 59 118 91 35 4 1 0 0 3 118 82 8 0 0 86 2 0 0 0 0 0 37 118 0 0 0 0 20 97 102 4 0 0 4 35 118 118 8 0 0 0 14 58 95 10 0 16 0 0 0 0 0 6 21 7 0 0 0 0 13 95 28 0 0 0 0 0 71 73 0 0 0 0 0 0 40 12 0 
4 19 3 0 0 0 0 0 1 28 72 3 0 0 0 0 0 0 84 26 0 0 0 0 0 0 20 20 0 0 0 0 69 33 0 0 0 0 0 0 126 144 127 7 0 0 0 0 4 28 144 144 0 0 0 0 0 0 110 144 0 0 0 0 116 2 0 0 0 0 0 9 144 39 7 0 0 0 0 49 45 15 57 47 0 0 0 4 0 0 75 144 0 0 0 0 54 0 0 0 0 0 0 12 144 0 0 0 0 0 0 100 61 0 0 0 0 0 0 28 0 0 2 6 0 0 0 0 
99 6 0 0 0 0 0 0 151 31 0 0 0 0 0 0 27 2 0 0 0 1 0 0 0 0 0 0 0 40 3 0 139 0 0 0 0 0 0 17 151 4 0 0 0 1 9 82 22 0 0 0 0 106 52 16 0 0 0 0 0 151 35 0 63 0 0 0 0 0 0 41 109 0 0 0 0 14 111 151 2 0 0 0 0 151 151 25 0 0 0 0 0 151 48 0 7 0 0 0 0 0 1 19 2 0 0 0 0 5 62 36 0 0 0 0 0 36 65 1 0 0 0 0 0 21 11 0 
137 4 0 0 0 0 6 22 137 0 0 0 0 0 0 21 30 0 0 0 0 0 0 3 0 0 0 0 0 0 0 0 137 50 12 0 0 0 2 16 137 0 0 0 0 0 0 38 51 0 0 0 0 10 21 9 0 0 0 0 0 59 43 0 98 14 7 0 0 0 2 33 137 0 0 0 0 9 89 133 14 0 0 0 0 113 137 28 0 0 0 0 0 137 137 3 6 0 0 0 0 0 22 31 2 0 0 0 0 15 132 34 0 0 0 0 0 47 137 5 0 0 0 0 1 28 50 11 
123 62 0 0 0 0 0 2 116 66 3 2 4 1 0 6 2 4 4 8 84 21 0 0 0 0 0 0 33 41 16 3 123 7 0 0 0 0 0 40 123 1 0 1 4 7 21 68 4 0 0 5 123 96 21 5 0 0 0 0 92 103 17 3 77 0 0 0 0 0 18 123 34 0 0 0 0 13 123 123 0 0 0 0 25 123 123 18 0 0 0 0 52 123 4 0 7 0 0 0 0 0 10 29 9 0 0 0 0 1 64 74 0 0 0 0 3 53 102 20 0 0 0 0 8 61 16 0 
9 50 11 0 0 0 0 0 0 59 88 9 0 0 0 0 0 32 128 48 0 0 0 0 0 0 27 65 3 0 0 0 80 91 11 0 0 0 0 7 60 128 91 0 0 0 0 3 7 81 128 128 0 0 0 0 0 0 36 128 13 0 0 0 128 8 0 0 0 0 0 57 128 48 2 0 0 0 0 109 24 13 25 47 2 0 10 63 1 0 12 128 64 1 0 1 63 18 1 0 0 0 0 16 86 17 3 0 0 0 0 113 35 1 0 0 0 0 9 115 2 0 0 13 35 13 9 14 
17 54 30 2 0 0 0 0 7 69 143 3 0 0 0 0 0 5 143 27 0 0 0 0 0 0 143 27 0 0 0 0 133 32 2 10 14 3 0 8 143 102 71 0 0 0 0 22 18 26 143 24 0 0 0 3 0 0 143 40 0 0 0 0 132 0 0 0 2 6 6 34 143 0 0 0 0 0 0 76 65 2 3 0 0 0 0 23 0 0 8 1 0 0 0 0 107 3 0 0 0 0 1 16 143 0 0 0 0 0 0 35 78 0 0 0 0 0 0 17 1 0 0 0 0 0 0 0 
137 7 0 0 0 0 0 5 137 8 0 0 0 0 0 2 2 0 0 0 0 0 1 0 0 0 0 0 0 1 3 0 137 0 0 0 0 0 0 20 137 0 0 0 0 5 16 33 1 0 0 0 0 41 64 1 0 0 0 0 0 43 88 0 137 0 0 0 0 0 4 83 73 0 0 0 0 36 137 112 0 0 0 0 0 129 137 0 0 0 0 0 0 71 137 0 36 0 0 0 0 0 13 60 4 9 7 0 0 16 131 40 0 1 6 8 4 51 100 0 0 0 0 1 4 35 73 0 
30 41 3 0 0 0 0 0 28 92 128 14 0 0 0 0 0 37 128 56 0 0 0 0 6 91 13 2 0 0 0 0 125 39 0 0 0 0 0 4 128 99 51 21 1 2 1 23 16 22 89 128 38 30 2 4 58 73 17 27 9 4 1 3 82 12 0 0 0 0 0 25 128 2 0 0 0 16 44 128 10 0 0 7 22 128 97 36 65 2 0 2 6 24 26 77 13 5 0 0 0 0 0 5 15 0 0 1 2 10 64 79 12 0 0 0 0 63 109 26 57 0 0 0 0 3 11 59 
59 43 0 0 0 0 0 0 27 115 84 12 0 0 0 0 0 3 86 104 6 0 0 0 0 0 5 51 9 0 0 0 125 28 0 0 0 0 0 10 125 98 45 20 0 0 4 35 1 4 37 125 42 8 7 4 0 0 0 125 59 1 0 0 125 0 0 0 0 0 0 71 111 0 0 0 0 4 101 125 0 0 0 26 24 79 125 16 0 0 0 37 56 93 38 0 24 0 0 0 0 0 1 31 16 0 0 0 0 1 71 86 0 0 0 0 0 25 119 11 0 0 0 0 0 33 32 0 
36 20 3 0 0 0 0 4 14 60 90 1 0 0 0 0 0 5 122 32 0 0 0 0 0 0 43 45 0 0 0 0 122 23 0 0 0 0 0 9 122 122 54 0 0 0 0 5 3 36 122 81 26 26 0 0 0 0 27 84 59 53 0 0 120 1 0 0 0 0 0 56 122 23 0 0 0 5 47 122 4 7 3 6 53 122 73 32 0 0 0 1 83 122 1 0 18 0 0 0 0 0 5 36 8 0 0 0 0 0 84 122 0 0 0 0 5 39 122 29 0 0 0 0 18 41 35 0 
47 40 6 0 0 0 0 0 20 40 106 60 0 0 0 0 0 3 114 76 7 0 0 0 0 0 7 53 41 0 0 0 120 18 0 0 0 0 0 14 120 52 53 30 0 1 5 39 1 3 76 120 98 37 5 5 0 0 2 37 120 23 0 0 97 0 0 0 0 0 6 67 55 0 0 0 0 11 120 120 0 0 0 3 50 120 120 14 0 0 0 0 84 114 6 0 8 0 0 0 0 4 23 30 0 0 0 0 0 25 120 16 0 0 0 0 0 73 98 0 0 0 0 0 2 35 16 0 
0 59 28 0 0 0 0 0 0 51 119 19 0 0 0 0 0 0 79 100 0 0 0 0 0 0 8 39 1 0 0 0 68 119 12 0 0 0 0 15 60 119 119 40 7 1 0 6 0 3 72 119 90 4 0 0 0 0 4 119 43 0 0 0 119 5 0 0 0 0 0 66 119 10 0 3 9 46 55 67 0 0 0 29 114 119 30 0 0 0 0 34 78 49 0 0 60 0 0 0 0 0 11 26 21 0 0 0 0 49 116 31 0 0 0 0 0 119 55 0 0 0 0 0 3 62 6 0 
1 38 25 0 0 0 0 0 0 53 144 4 0 0 0 0 0 14 144 4 0 0 0 0 0 4 144 17 0 0 0 0 59 72 10 0 0 4 0 21 137 132 119 0 0 0 0 47 10 23 144 10 0 0 0 3 0 0 144 41 0 0 0 0 72 2 1 0 1 39 20 54 144 1 0 0 0 0 0 112 63 1 5 0 0 0 0 17 0 0 8 1 0 0 0 0 102 6 0 0 0 9 22 34 144 12 0 0 0 0 0 12 73 1 0 0 0 0 0 3 0 0 0 0 0 0 0 0 
140 14 0 0 0 0 0 8 140 24 0 0 0 0 0 2 3 0 0 0 0 0 0 0 0 0 0 0 0 0 0 0 140 1 0 0 0 0 0 30 140 1 0 0 0 4 10 32 3 0 0 0 0 23 64 1 0 0 0 0 0 8 87 0 140 3 0 0 0 0 0 59 120 0 0 0 0 54 123 140 0 0 0 0 1 140 140 1 0 0 0 0 0 31 140 4 24 0 0 0 0 0 0 38 11 0 0 1 1 21 58 80 2 0 7 40 15 59 61 3 0 0 3 17 24 45 75 5 
32 34 21 0 0 0 0 0 10 41 141 2 0 0 0 0 0 3 141 30 0 0 0 0 0 2 125 35 0 0 0 0 124 55 3 0 0 0 0 4 141 101 112 0 0 0 0 13 11 30 141 38 0 0 0 0 0 2 141 78 0 0 0 0 134 30 0 0 0 0 0 8 141 24 1 0 0 0 0 42 66 13 26 7 0 0 0 21 0 0 32 25 2 1 0 0 80 0 0 0 0 0 0 32 141 0 0 0 0 0 0 77 49 0 0 0 0 0 1 59 1 0 0 0 1 2 1 4 
132 31 0 0 0 0 0 12 132 37 0 0 0 0 0 12 19 8 2 2 1 1 0 0 0 0 0 1 2 11 3 0 132 3 0 0 0 0 0 26 132 8 0 0 0 1 11 54 17 1 0 0 1 44 66 12 0 0 0 0 2 98 52 0 132 0 0 0 0 0 2 61 102 0 0 0 0 28 132 124 0 0 0 0 0 89 132 10 0 0 0 0 0 111 132 0 27 0 0 0 0 0 20 38 5 0 0 0 0 14 132 41 0 0 0 0 0 15 125 18 0 0 0 0 0 38 52 0 
86 0 0 0 0 0 0 14 147 0 0 3 16 0 0 38 10 0 0 26 147 7 0 1 0 0 0 3 94 5 0 0 104 0 0 0 0 0 0 14 147 1 0 0 19 11 0 30 24 0 0 3 147 104 0 2 0 0 0 0 107 20 0 0 107 3 0 0 0 0 0 3 147 1 0 0 25 44 9 26 8 0 0 0 147 122 4 4 0 0 0 0 76 10 0 0 64 1 0 0 0 0 0 3 88 0 0 0 20 14 11 33 0 0 0 0 147 55 3 1 0 0 0 1 33 10 0 0 
73 7 0 0 0 0 0 5 138 22 7 15 5 0 0 16 4 4 7 75 93 0 0 0 0 0 0 11 34 0 0 0 92 0 0 0 0 0 0 17 149 49 8 12 11 0 0 27 24 24 8 108 149 0 0 0 0 0 0 30 72 0 0 0 89 0 0 0 0 0 0 9 149 19 0 4 11 0 0 31 46 6 0 118 149 0 0 9 0 0 0 68 97 0 0 0 47 0 0 0 0 0 0 9 149 0 0 0 0 0 0 93 51 0 0 65 75 0 0 35 0 0 0 66 90 0 0 0 
29 31 12 0 0 0 0 2 4 29 119 15 0 0 0 0 0 0 94 52 0 0 0 0 0 0 16 33 0 0 0 0 119 55 2 0 0 0 0 8 81 119 119 28 2 1 0 1 0 1 104 119 58 36 0 0 0 0 5 62 55 21 0 0 119 6 0 0 0 0 0 88 102 18 2 2 12 40 64 119 0 0 2 12 119 119 25 1 0 0 0 0 49 71 1 0 18 0 0 0 0 0 8 58 4 0 0 0 0 11 119 116 0 0 0 0 22 70 108 6 0 0 0 0 14 32 13 0 
14 28 5 0 0 0 0 0 3 23 81 19 0 0 0 0 0 10 86 37 1 0 0 0 0 0 9 53 14 0 0 0 104 29 0 0 0 0 0 3 114 98 114 22 0 0 0 5 2 15 114 108 41 4 0 0 0 0 12 80 114 7 0 0 109 0 0 0 0 0 0 39 114 12 2 0 0 3 60 114 4 2 10 19 57 114 112 19 0 0 0 6 114 114 5 0 25 0 0 0 0 0 5 32 9 0 0 0 0 27 110 50 0 0 0 0 0 110 114 3 0 0 0 0 2 56 15 0 
5 68 13 0 0 0 0 0 4 97 119 12 0 0 0 0 0 6 119 119 4 0 0 0 0 0 8 60 4 0 0 0 83 63 1 0 0 0 0 32 119 98 56 7 0 1 2 44 7 11 57 119 93 32 4 2 0 0 2 119 84 6 0 0 87 2 0 0 0 0 0 34 119 0 0 0 0 17 99 103 4 0 0 5 38 119 119 9 0 0 0 18 64 88 10 0 15 0 0 0 0 0 6 23 7 0 0 0 0 11 95 30 0 0 0 0 0 67 78 0 0 0 0 0 0 41 14 0 
30 34 9 0 0 0 0 2 3 51 114 1 0 0 0 0 0 3 117 32 0 0 0 0 0 0 40 45 1 0 0 0 117 47 0 0 0 0 0 4 83 117 87 3 0 0 0 0 0 16 117 81 37 25 0 0 0 0 19 60 68 55 0 0 117 3 0 0 0 0 0 80 117 32 4 1 0 19 46 117 1 5 7 9 89 117 33 7 0 0 0 2 95 96 0 0 29 0 0 0 0 0 4 68 7 0 0 0 0 4 108 117 0 0 0 0 17 65 117 14 0 0 0 1 32 40 18 0 
42 39 6 0 0 0 0 0 15 35 96 59 0 0 0 0 0 5 116 56 0 0 0 0 0 2 23 52 25 0 0 0 116 21 0 0 0 0 0 7 116 59 56 26 0 0 0 21 6 7 113 116 41 10 2 6 0 0 11 62 116 14 0 0 111 0 0 0 0 0 1 57 83 1 0 0 0 1 80 116 3 1 1 14 45 116 116 26 0 0 0 3 105 116 7 0 14 0 0 0 0 1 18 37 1 0 0 0 0 12 116 41 0 0 0 0 0 86 116 1 0 0 0 0 2 73 23 0 
4 87 28 0 0 0 0 0 1 72 115 21 0 0 0 0 0 1 109 115 4 0 0 0 0 0 8 76 6 0 0 0 96 66 4 0 0 0 0 35 115 94 67 20 8 6 1 13 1 6 42 115 115 17 0 0 0 0 0 115 83 2 0 0 115 0 0 0 0 0 0 52 115 2 0 0 3 38 70 65 0 0 0 7 67 115 48 0 0 0 0 18 79 70 2 0 60 0 0 0 0 0 12 22 16 0 0 0 0 37 112 25 0 0 0 0 0 109 64 0 0 0 0 0 1 63 9 0 
104 31 0 0 0 0 0 0 138 137 6 0 0 0 0 0 28 94 29 0 0 1 2 1 0 12 14 0 0 19 11 0 138 4 0 0 0 0 0 44 138 20 0 0 0 0 3 71 46 7 0 0 0 59 48 23 0 0 0 0 0 138 65 0 63 14 0 0 0 0 0 66 85 0 0 0 0 1 76 138 4 0 0 0 0 138 138 56 0 0 0 0 0 138 68 0 7 11 0 0 0 0 0 3 6 1 0 0 0 0 34 56 0 0 0 0 0 22 100 25 0 0 0 0 0 26 19 0 
0 2 5 4 1 0 0 0 0 29 59 17 4 0 0 0 0 9 137 28 3 0 0 0 0 0 53 33 0 0 0 0 35 76 8 0 0 0 0 0 49 137 137 3 0 0 0 0 1 30 137 115 0 0 0 0 0 0 94 137 3 0 0 0 134 28 0 0 0 0 0 21 137 59 10 0 0 0 0 48 34 18 62 67 2 0 0 4 0 0 17 137 73 0 0 0 72 0 0 0 0 0 0 23 137 0 0 0 0 0 0 72 71 2 2 7 8 0 0 16 0 0 0 17 98 6 0 0 
0 3 10 3 2 34 6 0 2 14 8 0 0 20 14 3 115 27 31 13 0 3 16 50 47 6 45 110 37 12 32 44 11 8 90 115 14 4 1 10 13 4 25 84 37 16 12 2 115 15 1 2 2 6 20 44 17 0 0 2 15 52 73 38 22 1 15 101 50 57 72 65 6 29 19 66 115 73 7 0 47 96 111 7 5 7 6 20 1 15 111 36 4 23 18 4 7 1 0 0 2 35 104 27 89 115 4 0 13 44 23 8 47 115 98 36 16 9 7 27 0 7 61 47 21 5 1 0 
61 28 5 0 3 0 31 41 21 34 33 9 35 60 113 67 2 5 2 19 76 38 12 5 10 71 27 12 13 1 0 0 20 2 0 1 23 8 9 6 1 1 11 2 15 14 67 87 65 25 2 3 13 18 56 52 113 113 37 7 4 2 2 3 8 39 22 6 19 2 0 0 2 96 113 46 10 1 1 3 112 14 41 85 20 0 9 40 113 37 15 6 8 10 32 113 45 112 40 2 2 1 22 20 5 92 109 44 54 46 64 13 7 1 7 62 113 55 7 17 13 0 0 0 8 6 19 113 
2 6 60 35 2 0 0 0 55 6 18 28 7 0 5 90 73 28 10 4 6 10 55 118 3 9 10 12 42 52 69 14 32 25 33 54 86 89 12 8 2 1 7 23 30 107 31 13 8 27 26 2 13 19 118 118 0 7 38 28 5 56 118 20 16 1 0 13 39 113 59 27 27 14 8 33 4 50 19 5 118 118 57 6 0 2 2 20 12 40 95 118 42 8 0 0 0 0 14 17 0 0 7 10 12 4 16 18 0 0 4 14 118 30 8 6 4 13 12 50 48 21 10 23 88 102 14 12 
3 0 1 6 27 11 6 5 0 0 0 1 39 85 130 2 2 0 0 0 12 103 136 11 108 0 0 0 4 17 13 66 7 1 0 7 83 7 1 13 0 0 3 36 136 78 27 0 21 24 17 5 15 32 80 26 136 42 2 0 0 0 6 37 1 0 0 25 36 4 2 7 0 4 101 136 128 3 0 0 4 121 136 35 6 1 0 0 69 136 55 0 0 0 0 5 4 2 1 8 9 2 0 0 11 6 47 22 0 0 1 4 3 26 96 7 0 0 1 3 5 27 21 0 0 0 0 0 
0 0 7 35 30 36 80 0 1 0 0 1 15 29 138 50 60 0 0 0 0 5 99 138 34 1 0 0 0 0 3 31 0 0 7 69 138 10 0 0 13 5 18 36 101 30 15 17 138 41 7 2 0 1 4 88 117 10 0 0 0 1 3 26 0 1 51 79 109 6 0 0 3 23 138 104 23 0 0 0 101 138 138 6 0 0 0 2 50 30 0 0 1 5 8 5 0 4 23 8 1 6 9 1 0 2 64 14 1 10 9 1 1 21 41 4 1 4 2 2 1 3 4 1 0 0 5 4 
0 0 0 0 5 26 17 0 0 0 1 4 3 26 90 6 0 0 1 4 11 7 46 21 12 1 0 0 3 1 0 11 0 0 0 5 59 133 51 0 6 1 0 0 4 132 133 35 122 2 0 0 0 4 98 133 35 3 3 8 1 0 0 26 0 0 5 43 133 44 2 0 14 31 72 24 24 28 17 5 133 78 27 0 0 0 3 45 85 7 2 13 6 1 0 13 2 12 12 71 116 0 0 0 12 111 133 13 5 0 0 0 32 95 129 2 0 0 0 1 26 13 9 4 1 0 0 7 
98 21 0 0 0 0 0 1 137 127 6 0 0 0 0 0 32 101 41 0 0 0 1 0 0 14 30 0 0 7 7 0 137 4 0 0 0 0 0 34 137 23 0 0 0 0 1 57 67 13 0 0 0 29 35 22 0 0 0 0 0 108 63 0 62 16 1 0 0 0 0 45 132 1 0 0 0 0 37 137 11 0 0 0 0 112 137 79 0 0 0 0 0 137 87 0 6 12 0 0 0 0 0 2 8 2 0 0 0 0 26 81 0 0 0 0 0 29 119 46 0 0 0 0 0 44 31 0 
0 2 7 4 1 0 0 0 0 20 61 20 4 0 0 0 0 4 120 27 3 0 0 0 0 0 48 25 0 0 0 0 32 104 16 0 0 0 0 0 28 135 135 6 0 0 0 0 0 16 135 120 0 0 0 0 0 0 105 135 2 0 0 0 135 39 0 0 0 0 0 26 135 64 21 1 0 0 0 38 19 14 74 77 2 0 0 2 0 0 21 135 67 0 0 0 91 0 0 0 0 0 0 29 135 0 0 0 0 0 0 61 50 2 2 9 11 1 0 10 0 0 0 15 100 13 0 0 
0 0 0 2 1 13 12 1 0 1 0 0 0 42 58 1 1 0 0 0 0 8 66 25 10 2 0 0 0 0 8 25 0 0 1 17 56 74 12 0 0 0 0 2 33 126 126 0 47 0 0 0 0 21 126 69 126 10 0 0 0 0 16 68 0 0 5 85 126 8 0 0 0 0 3 79 126 34 21 0 114 27 13 6 2 3 24 29 126 26 2 0 0 0 5 53 0 0 7 72 63 0 0 0 0 12 94 126 76 0 0 0 12 126 126 10 0 0 0 0 36 79 25 0 7 3 5 5 
2 6 12 12 66 45 13 0 2 0 0 0 37 122 131 8 51 0 0 0 0 16 131 104 101 0 0 0 0 0 12 74 0 0 1 10 131 45 0 0 1 1 31 22 131 40 6 3 131 22 20 2 0 1 4 30 131 6 0 0 0 0 3 36 0 0 21 64 95 20 0 0 0 1 131 99 32 2 0 0 50 98 131 16 0 0 0 0 97 57 15 0 0 0 1 19 0 0 5 19 7 1 0 0 0 8 62 20 1 0 0 0 0 26 72 4 1 0 0 0 2 14 9 0 0 0 0 3 
0 0 0 0 7 71 79 0 0 0 0 0 4 67 128 6 13 0 0 0 1 18 70 65 8 1 0 0 0 2 1 14 0 0 0 15 114 128 68 0 21 0 0 1 3 58 128 28 128 1 0 0 0 1 39 116 65 1 1 0 0 0 0 34 0 0 19 128 128 9 0 0 28 22 128 31 9 5 2 2 128 68 42 0 0 0 0 4 64 21 1 0 0 0 0 8 7 6 50 58 20 3 2 5 4 27 128 23 0 0 0 0 18 61 126 13 0 0 0 0 6 23 8 1 0 0 0 0 
129 13 0 0 0 0 0 3 129 63 0 0 0 0 0 1 18 10 1 6 100 29 0 0 0 0 0 0 113 38 0 0 129 3 0 0 0 0 0 32 129 9 0 0 3 4 2 94 11 1 0 0 129 102 2 12 0 0 0 0 124 63 0 0 112 10 0 0 0 0 0 20 129 0 0 0 0 9 12 129 6 0 0 0 129 129 21 50 0 0 0 0 74 42 0 0 46 14 0 0 0 0 0 1 47 4 0 0 0 1 13 67 1 0 0 0 33 61 35 33 0 0 0 0 23 14 0 0 
35 13 6 0 0 0 0 2 13 17 55 56 5 0 0 0 0 0 7 78 51 0 0 0 0 0 0 14 38 0 0 0 122 6 0 0 0 0 0 9 137 42 66 77 0 0 0 9 1 3 34 137 45 0 0 0 0 0 0 103 68 0 0 0 113 0 0 0 0 0 0 15 137 8 5 8 0 0 0 38 23 3 7 137 110 0 0 1 0 0 0 137 137 0 0 0 60 0 0 0 0 0 0 11 137 0 0 0 0 0 0 54 27 0 0 17 95 1 1 16 0 0 0 38 137 0 0 0 
79 8 0 0 0 0 0 1 141 56 3 1 0 0 0 0 27 17 9 33 110 1 0 0 0 0 0 7 101 2 0 0 124 2 0 0 0 0 0 13 141 22 0 0 2 0 0 30 47 6 1 6 141 18 0 3 0 0 0 0 141 13 0 0 85 1 0 0 0 0 0 16 141 0 0 0 1 1 3 141 38 0 0 0 141 47 10 50 0 0 0 0 120 18 0 0 40 1 0 0 0 0 0 1 106 0 0 0 0 0 3 93 15 0 0 0 62 44 29 80 0 0 0 0 51 15 0 0 
46 4 0 0 0 0 0 3 149 31 3 13 3 0 0 11 11 11 3 76 88 0 0 0 0 0 0 9 34 0 0 0 68 0 0 0 0 0 0 5 149 64 0 12 9 0 0 12 40 35 0 100 149 0 0 0 0 0 0 18 79 0 0 0 59 0 0 0 0 0 0 10 149 10 0 2 8 0 0 72 65 4 0 100 149 0 0 23 0 0 0 50 100 0 0 0 25 0 0 0 0 0 0 8 149 0 0 0 0 0 0 100 79 0 0 57 92 0 0 56 0 0 0 51 97 0 0 0 
12 7 0 5 30 0 0 0 69 4 0 10 131 33 19 68 79 9 12 25 4 3 2 34 3 3 9 21 4 6 1 0 44 12 0 13 43 0 0 0 131 3 3 109 131 1 0 32 131 7 9 19 0 0 0 61 29 14 65 74 16 0 0 2 71 6 2 8 10 0 0 3 56 10 74 131 69 0 0 12 131 36 88 59 0 0 0 98 97 23 31 40 54 9 24 40 61 6 0 0 0 0 0 14 54 56 83 28 0 0 0 8 5 34 131 27 0 0 0 1 10 28 82 9 2 1 3 7 
113 33 0 0 0 0 0 0 139 96 0 0 0 0 0 0 52 55 1 0 0 2 3 3 2 5 0 0 0 36 10 0 139 3 0 0 0 0 0 44 139 11 0 0 0 0 2 70 45 2 0 0 0 54 45 30 0 0 0 0 0 139 35 0 72 5 0 0 0 0 1 108 69 0 0 0 0 0 93 139 4 0 0 0 0 130 139 50 0 0 0 0 0 139 53 0 7 10 0 0 0 0 0 11 4 0 0 0 0 0 53 65 0 0 0 0 0 19 126 19 0 0 0 0 0 29 30 0 
0 7 7 3 0 0 0 0 0 55 78 11 3 0 0 0 0 15 137 29 0 0 0 0 0 0 59 46 0 0 0 0 43 93 5 0 0 0 0 0 50 137 126 2 0 0 0 0 0 28 137 108 0 0 0 0 0 0 88 137 0 0 0 0 137 39 0 0 0 0 0 17 137 72 13 0 0 0 0 39 25 20 74 61 0 0 0 2 0 0 24 137 22 0 0 0 79 0 0 0 0 0 0 36 137 0 0 0 0 0 0 94 64 4 4 8 0 0 0 22 1 0 2 43 31 0 0 0 
15 28 1 0 0 0 0 0 5 43 56 28 10 0 0 0 4 22 141 120 43 1 0 0 17 81 113 6 0 0 0 2 117 28 0 0 0 0 0 7 116 112 141 17 0 0 0 6 0 32 141 23 0 0 0 0 0 89 141 0 0 0 0 0 131 1 0 0 0 0 0 44 141 23 16 1 0 0 0 86 19 8 63 3 0 0 0 3 0 8 26 0 0 0 0 0 64 0 0 0 0 0 0 29 141 0 0 0 0 0 0 90 37 0 0 0 0 0 0 12 0 0 0 0 0 0 0 0 
117 9 2 0 0 1 18 73 144 0 0 0 0 0 0 75 34 0 0 0 0 0 0 9 0 0 0 0 0 0 0 0 126 120 55 1 0 0 2 12 144 37 0 0 0 0 0 19 69 5 0 0 0 1 17 7 0 0 0 0 0 7 29 0 55 24 6 0 0 0 5 47 144 22 0 0 0 4 121 116 16 2 0 0 0 66 144 23 0 0 0 0 0 69 144 0 1 0 0 0 0 0 15 27 0 0 0 0 0 6 117 29 0 0 0 0 0 37 143 1 0 0 0 0 0 25 79 0 
29 6 0 6 1 0 5 52 172 38 1 2 0 0 4 61 28 13 4 24 120 0 0 0 0 0 0 5 39 0 0 0 93 5 0 0 0 0 1 57 172 64 0 0 10 4 0 16 30 21 0 25 172 17 0 0 2 0 0 14 71 0 0 0 127 3 0 0 0 0 0 12 172 10 0 0 9 23 0 77 27 1 0 29 99 40 0 13 1 0 0 42 69 0 0 0 67 1 0 0 0 0 0 11 172 1 0 0 0 2 0 87 45 0 1 16 17 2 0 21 0 0 4 57 31 0 0 0 
130 19 0 0 0 0 0 0 140 44 0 0 0 0 0 1 72 15 0 0 0 7 6 7 2 0 0 0 0 71 8 1 140 2 0 0 0 0 0 48 140 5 0 0 0 0 8 96 36 0 0 0 0 84 66 36 0 0 0 0 0 140 21 0 63 4 0 0 0 0 2 104 46 0 0 0 0 0 125 140 1 0 0 0 0 129 140 36 0 0 0 0 0 140 45 0 7 9 0 0 0 0 0 10 4 0 0 0 0 0 45 44 0 0 0 0 0 12 92 9 0 0 0 0 0 17 21 0 
0 6 7 2 0 0 0 0 0 51 64 10 3 0 0 0 0 16 139 27 0 0 0 0 0 0 58 49 0 0 0 0 36 63 3 0 0 0 0 0 61 139 91 0 0 0 0 0 1 46 139 91 0 0 0 0 0 0 104 139 0 0 0 0 132 31 0 0 0 0 0 10 139 85 9 0 0 0 0 35 43 32 87 50 0 0 0 4 0 0 54 139 0 0 0 0 63 0 0 0 0 0 0 28 139 0 0 0 0 0 0 110 91 6 7 4 0 0 0 37 3 1 10 47 0 0 0 0 
112 42 0 0 0 0 0 1 110 134 0 0 0 0 0 0 21 88 6 4 3 2 0 0 0 1 3 17 37 16 0 0 134 11 0 0 0 0 0 37 134 46 0 0 0 0 1 90 19 14 0 0 12 41 10 21 0 0 0 0 60 134 0 0 104 20 0 0 0 0 0 36 123 0 0 0 0 0 5 134 6 0 0 0 14 124 54 102 0 0 0 0 52 134 0 0 21 20 0 0 0 0 0 2 23 2 0 0 0 0 11 106 1 0 0 0 3 69 88 67 0 0 0 0 13 88 4 0 
4 26 34 0 0 0 0 0 0 3 87 36 4 0 0 0 0 0 35 81 21 0 0 0 0 0 2 43 20 0 0 0 122 64 35 0 0 0 0 6 26 45 131 47 0 0 0 0 0 0 131 131 6 0 0 0 0 0 17 131 22 0 0 0 131 4 0 0 0 0 0 32 129 22 27 3 0 0 0 19 2 4 26 113 73 0 0 0 0 0 0 131 131 0 0 0 129 0 0 0 0 0 0 28 113 0 0 0 0 0 2 44 4 0 0 8 66 7 6 7 0 0 0 21 131 2 0 0 
3 16 51 26 2 0 0 0 79 7 14 29 5 0 0 82 109 36 8 9 17 12 25 118 4 5 5 12 53 54 23 4 51 43 37 58 71 39 0 4 4 0 7 36 53 82 8 30 24 2 10 4 14 31 118 118 0 0 5 6 12 115 118 13 56 12 0 12 76 118 60 24 25 19 1 12 21 98 18 3 53 118 82 20 1 6 10 5 0 9 51 118 40 7 10 0 0 0 0 4 3 5 19 18 39 11 5 23 4 0 1 12 118 78 20 16 18 10 0 22 5 14 15 48 109 38 0 0 
3 5 0 0 0 0 9 5 4 74 29 0 0 0 4 2 0 42 112 16 0 0 0 0 0 1 40 28 0 0 0 0 63 70 0 0 0 0 3 3 84 136 60 0 0 0 0 0 5 72 136 82 0 0 0 0 0 0 122 136 0 0 0 0 136 37 0 0 0 0 0 9 136 68 2 0 0 0 0 40 65 36 63 24 0 0 0 11 0 1 96 93 0 0 0 0 83 0 0 0 0 0 0 31 136 0 0 0 0 0 0 136 58 2 2 0 0 0 1 114 3 1 13 7 0 0 2 19 
111 11 0 0 0 0 0 0 138 21 0 0 0 0 0 2 60 1 0 0 4 14 6 11 0 0 0 0 41 57 1 0 138 4 0 0 0 0 0 45 138 8 0 0 0 0 14 89 24 0 0 0 1 86 77 28 0 0 0 0 28 138 15 0 26 0 0 0 2 1 12 96 30 0 0 0 0 2 138 138 0 0 0 0 0 127 138 33 0 0 0 0 1 138 66 0 0 0 0 1 8 1 4 4 0 0 0 1 8 5 66 32 0 0 0 0 0 22 133 9 0 0 0 0 0 31 45 0 
5 35 36 5 0 0 0 0 2 50 147 2 0 0 0 0 0 4 147 16 0 0 0 0 0 0 121 28 0 0 0 0 82 36 11 38 28 4 3 9 147 132 110 2 0 0 0 14 14 28 147 35 0 0 0 2 0 0 147 70 0 0 0 0 93 0 0 3 9 9 20 51 147 4 0 0 0 0 0 72 69 4 11 1 0 0 0 21 0 0 21 5 0 0 0 0 95 3 0 0 0 0 5 23 147 1 0 0 0 0 0 34 83 0 0 0 0 0 0 16 1 0 0 0 0 0 0 0 
136 14 0 0 0 0 0 5 136 16 0 0 0 0 0 3 7 0 0 0 0 0 0 0 0 0 0 0 0 1 3 0 136 0 0 0 0 0 0 30 136 0 0 0 0 4 13 52 6 0 0 0 0 46 69 4 0 0 0 0 0 54 98 0 136 0 0 0 0 0 0 67 111 0 0 0 0 28 136 136 0 0 0 0 0 136 136 3 0 0 0 0 0 83 136 0 30 0 0 0 0 0 3 42 20 31 11 1 0 10 83 49 0 13 17 11 25 53 63 0 0 0 0 0 19 39 48 0 
4 8 0 0 0 0 6 8 3 53 37 0 0 0 3 5 1 26 98 12 0 0 1 2 1 2 25 18 0 0 0 0 60 89 0 0 0 0 0 2 64 138 97 0 0 0 0 0 3 58 138 116 0 0 0 0 0 0 76 138 0 0 0 0 138 36 0 0 0 0 0 8 138 73 5 0 0 0 0 28 52 38 68 56 0 0 0 5 0 0 69 138 0 0 0 0 85 0 0 0 0 0 0 35 138 0 0 0 0 0 0 128 68 4 5 2 0 0 0 83 3 1 18 30 0 0 0 8 
104 11 0 0 0 0 0 0 138 26 0 0 0 0 0 2 60 1 0 0 6 19 7 11 0 0 0 0 49 69 1 0 138 3 0 0 0 0 0 42 138 8 0 0 0 1 14 93 23 0 0 0 2 110 70 27 0 0 0 0 40 138 8 0 25 0 0 0 3 1 8 82 35 0 0 0 0 3 131 138 0 0 0 0 0 138 138 33 0 0 0 0 3 138 44 0 0 0 0 1 10 1 3 3 0 0 0 1 8 5 62 34 0 0 0 0 0 26 126 9 0 0 0 0 0 34 36 0 
30 37 8 0 0 0 0 2 5 70 113 1 0 0 0 0 0 6 115 42 2 0 0 0 0 0 19 43 15 2 0 0 115 35 0 0 0 0 0 11 109 115 69 5 3 4 0 4 0 12 82 66 108 72 0 0 0 0 3 18 90 66 0 0 115 1 0 0 0 0 0 84 106 15 0 0 7 35 73 115 0 0 0 1 115 115 44 3 0 0 0 2 83 48 1 0 22 0 0 0 0 0 7 50 4 0 0 0 0 7 115 92 0 0 0 0 7 74 115 3 0 0 0 0 8 49 16 0 
5 66 9 0 0 0 0 0 1 95 118 10 0 0 0 0 0 6 107 118 2 0 0 0 0 0 6 63 5 0 0 0 80 77 1 0 0 0 0 21 118 118 60 10 1 0 0 27 11 16 66 118 97 8 0 0 0 0 1 118 82 1 0 0 83 2 0 0 0 0 0 50 118 0 0 0 1 12 33 95 12 0 0 13 80 118 50 13 0 0 0 29 101 63 1 0 48 0 0 0 0 0 1 14 45 0 0 0 0 15 80 50 0 0 0 0 0 108 79 2 0 0 0 0 4 70 6 0 
0 30 25 0 0 0 0 0 0 44 140 4 0 0 0 0 0 12 144 4 0 0 0 0 0 5 144 9 0 0 0 0 44 71 13 0 1 2 1 17 128 138 123 0 0 0 0 47 14 31 144 7 0 0 0 5 0 0 144 28 0 0 0 0 60 3 1 0 3 39 28 49 144 1 0 0 0 0 2 115 82 2 6 0 0 0 0 24 0 0 9 1 0 0 0 0 93 8 0 0 0 10 24 39 144 18 0 0 0 0 0 11 92 2 0 0 0 0 0 3 0 0 0 0 0 0 0 0 
142 7 0 0 0 0 0 9 142 18 0 0 0 0 0 2 6 0 0 0 0 0 0 0 0 0 0 0 0 0 0 0 142 2 0 0 0 0 0 21 142 1 0 0 0 6 13 38 4 0 0 0 0 29 82 2 0 0 0 0 0 7 102 1 138 4 0 0 0 0 0 47 122 0 0 0 0 51 120 142 0 0 0 0 3 135 142 1 0 0 0 0 0 20 142 10 24 0 0 0 0 0 0 30 12 0 1 1 1 17 43 76 1 0 6 38 28 48 53 5 0 0 0 14 28 46 77 6 
7 21 9 0 0 0 0 0 6 27 117 7 0 0 0 0 0 0 136 30 0 0 0 0 0 0 43 30 0 0 0 0 65 55 3 0 0 0 0 0 140 125 140 6 0 0 0 2 9 19 140 93 0 0 0 0 0 0 138 140 0 0 0 0 110 17 0 0 0 0 0 13 140 27 4 0 0 0 0 44 50 8 39 21 1 1 1 23 0 0 23 119 24 1 0 0 52 0 0 0 0 0 0 25 140 0 0 0 0 0 0 95 68 0 0 0 2 0 0 34 0 0 0 6 18 2 0 0 
106 20 0 0 0 0 0 2 132 114 0 0 0 0 0 5 11 42 12 1 0 1 0 0 0 3 5 0 0 9 10 0 132 12 0 0 0 0 0 29 132 16 0 0 0 2 9 72 22 2 0 0 2 78 50 8 0 0 0 0 0 132 62 0 105 0 0 0 0 0 0 43 132 0 0 0 0 23 132 132 2 0 0 0 0 132 132 12 0 0 0 0 0 132 81 0 15 0 0 0 0 0 4 21 6 0 0 0 0 5 87 42 0 0 0 0 0 20 89 10 0 0 0 0 0 26 17 0 
0 0 0 52 94 10 7 0 2 0 0 2 36 31 68 30 112 0 0 0 0 1 29 138 81 0 0 0 0 0 0 53 0 0 1 46 138 10 0 0 7 3 22 56 87 15 0 6 138 40 11 4 0 1 0 40 138 17 0 0 0 0 0 20 0 0 61 98 89 2 0 0 0 9 138 129 9 0 0 0 80 138 138 11 0 0 0 0 81 62 1 0 0 2 4 5 0 4 31 10 1 3 5 0 0 0 78 20 5 7 5 0 2 17 50 6 2 3 1 1 3 4 1 0 0 0 7 6 
0 0 0 0 3 46 35 0 0 0 1 1 0 36 133 11 2 0 0 1 6 11 71 43 1 0 0 1 4 2 1 4 0 0 0 0 16 133 95 0 11 1 0 0 0 109 133 41 133 2 0 0 0 3 73 133 48 5 6 5 0 0 0 18 0 1 10 25 102 64 6 0 22 42 58 8 3 15 13 4 133 78 11 0 0 0 1 31 114 8 1 8 3 0 0 15 1 33 34 29 32 0 0 0 1 117 133 1 0 0 0 0 37 127 110 0 0 0 0 1 38 19 8 1 0 0 0 7 
0 0 0 0 4 19 119 22 0 0 0 0 10 40 125 23 58 0 0 0 15 35 43 61 125 0 0 0 0 0 0 50 0 0 2 12 53 45 44 7 7 4 4 0 0 5 107 50 125 20 0 0 0 3 25 62 125 17 0 0 0 0 0 32 0 0 117 123 24 2 0 0 7 32 125 21 0 0 1 4 125 125 78 0 0 0 0 3 125 42 1 0 0 0 0 23 0 0 64 36 0 0 0 0 0 13 125 16 0 0 0 0 5 53 104 1 0 0 0 0 20 10 8 3 0 0 0 18 
2 28 35 6 0 0 0 0 1 36 146 2 0 0 0 0 0 2 147 17 0 0 0 0 0 0 91 24 0 0 0 0 67 35 14 48 32 5 2 10 147 132 127 2 0 0 0 9 15 31 147 52 0 0 0 1 0 0 147 88 0 0 0 0 78 1 0 4 14 13 23 45 147 8 1 0 0 0 0 69 82 8 25 3 0 0 0 23 0 0 40 13 0 0 0 0 75 1 0 0 0 0 10 28 147 1 0 0 0 0 0 37 97 0 0 0 0 0 0 21 1 0 0 0 0 0 0 0 
135 11 0 0 0 0 0 5 135 18 0 0 0 0 0 6 13 0 0 0 0 0 1 0 0 0 0 0 0 3 5 0 135 0 0 0 0 0 0 26 135 1 0 0 0 4 14 61 12 0 0 0 0 59 79 8 0 0 0 0 0 72 109 0 124 0 0 0 0 0 0 53 121 0 0 0 0 23 134 135 0 0 0 0 0 135 135 6 0 0 0 0 0 96 135 0 27 0 0 0 0 0 1 33 25 35 11 0 0 8 62 50 1 20 27 14 19 53 50 1 0 0 0 3 22 43 24 0 
129 24 0 0 0 0 0 0 129 26 0 0 1 0 0 0 3 2 0 2 102 11 0 0 0 0 0 0 129 17 0 0 129 7 0 0 0 0 0 42 129 6 0 0 1 13 34 68 1 0 0 0 95 103 38 3 0 0 0 0 129 63 0 0 59 0 0 0 0 0 19 129 16 0 0 0 0 10 129 129 0 0 0 0 10 129 129 3 0 0 0 0 51 110 15 0 20 0 0 0 0 0 6 51 19 0 0 0 0 0 50 47 2 0 0 0 2 12 49 4 0 0 0 0 11 14 4 0 
5 5 2 0 0 0 0 2 0 18 43 14 5 0 0 0 0 5 96 64 6 0 0 0 0 0 30 76 2 0 0 0 44 87 8 0 0 0 0 1 11 127 127 0 0 0 0 0 0 48 127 118 12 0 0 0 0 0 27 127 67 0 0 0 127 37 0 0 0 0 0 24 127 116 22 0 0 0 0 17 7 29 28 80 70 1 0 0 0 0 0 104 127 0 0 0 107 0 0 0 0 0 0 38 127 1 0 0 0 0 0 65 16 0 0 13 48 5 1 6 0 0 0 33 127 2 0 0 
0 0 0 2 2 15 10 0 0 0 0 0 1 39 58 1 3 0 0 0 0 6 66 32 13 3 0 0 0 0 4 22 0 0 1 17 63 75 12 0 0 0 0 2 35 125 125 0 71 0 0 0 0 18 125 81 125 12 0 0 0 0 8 55 0 0 4 84 125 7 0 0 0 1 3 75 125 29 20 0 125 27 9 4 2 3 18 39 125 19 0 0 0 1 9 48 0 0 6 72 69 0 0 0 0 14 82 125 81 0 0 0 19 125 123 10 0 0 0 1 40 68 18 1 7 6 9 7 
2 5 19 12 64 33 8 1 2 1 0 0 51 129 126 6 55 0 0 0 0 20 129 93 112 0 0 0 0 0 10 68 0 0 1 7 129 40 1 0 0 1 21 20 129 38 5 2 129 20 19 1 0 2 4 29 129 6 0 0 0 0 3 35 0 0 11 51 109 22 0 0 0 1 129 102 51 3 0 0 52 94 129 13 0 0 0 0 101 59 14 0 0 0 1 18 0 0 4 19 10 1 0 0 0 5 60 25 2 0 0 0 1 29 71 3 0 0 0 0 2 17 9 0 0 0 0 3 
0 0 0 0 6 72 90 0 0 0 0 0 3 64 129 6 12 0 0 0 1 19 79 69 8 0 0 0 0 2 2 16 0 0 0 19 104 118 72 0 20 0 0 1 3 52 129 25 129 1 0 0 0 1 41 113 66 1 0 0 0 0 0 34 0 0 32 129 124 8 0 0 20 24 129 28 6 3 1 2 129 81 66 0 0 0 0 3 64 27 2 0 0 0 0 4 14 10 52 47 14 2 3 6 6 21 129 20 0 0 0 0 10 49 129 16 0 0 0 0 4 22 11 2 0 0 0 0 
