4 37 5 0 0 0 0 0 1 118 103 1 0 0 3 3 3 60 118 17 0 0 1 3 2 10 70 19 0 0 1 8 102 118 2 0 0 0 0 3 118 118 107 5 0 0 0 19 7 20 118 118 33 0 0 4 2 1 14 59 44 4 13 20 118 37 0 0 0 0 0 21 101 10 1 0 0 0 41 118 13 6 6 50 57 61 118 64 24 26 53 46 73 35 8 29 78 0 0 0 0 0 0 43 30 0 3 4 4 4 21 46 52 21 20 24 1 12 43 56 11 2 17 57 2 7 7 40 
77 29 0 0 0 4 1 9 15 55 39 2 6 23 4 4 61 46 91 25 9 12 16 9 21 35 8 6 6 53 31 6 119 18 0 0 1 7 0 34 119 119 38 0 0 2 6 21 5 57 91 53 92 65 14 4 20 51 12 20 43 42 34 16 119 2 0 0 0 1 1 108 109 8 0 0 0 14 119 119 1 0 0 1 28 119 118 11 3 4 1 2 14 51 51 11 6 0 0 0 0 0 3 39 2 0 0 0 0 2 81 119 0 0 0 0 0 14 119 42 1 2 1 2 1 16 67 2 
85 32 0 0 0 3 1 6 19 63 34 0 0 8 8 3 6 43 122 29 9 5 2 0 42 20 33 23 12 5 17 20 122 16 0 0 0 1 0 17 122 122 29 0 0 0 1 17 20 73 108 26 30 35 9 8 8 12 37 47 113 49 8 9 122 1 0 0 0 0 1 93 118 9 0 0 0 1 82 122 3 1 0 0 8 122 122 35 5 0 0 0 26 121 33 19 11 0 0 0 0 0 2 56 7 0 0 0 0 1 46 122 2 0 0 1 4 24 80 38 0 0 1 4 3 9 12 3 
0 28 10 0 0 0 0 0 0 72 97 6 0 0 0 0 0 10 74 52 3 0 0 0 0 5 22 10 6 2 0 0 80 108 6 0 0 0 0 2 105 129 129 51 1 0 0 5 0 3 85 129 40 0 0 0 0 8 44 63 15 0 0 0 129 17 0 0 0 1 1 44 129 13 1 4 1 17 40 129 0 0 0 94 97 129 84 6 0 1 3 36 73 23 7 1 33 20 0 0 0 0 0 15 24 1 0 0 2 27 57 107 3 4 1 2 17 100 73 11 3 1 0 0 6 14 9 3 
13 14 6 1 0 0 0 0 16 65 48 1 0 0 0 0 20 38 65 6 0 0 0 0 2 2 8 9 3 0 0 0 109 47 2 0 0 0 0 3 78 128 128 0 0 0 0 6 0 43 128 67 78 6 0 0 2 0 16 48 92 20 3 3 128 7 0 0 0 0 0 49 125 44 7 0 0 0 94 128 0 2 8 11 102 93 128 23 2 0 4 38 114 45 11 1 24 0 0 0 0 0 0 22 9 0 0 0 0 0 84 95 1 0 0 0 1 28 128 50 0 0 0 0 7 19 20 7 
6 3 0 0 0 0 6 11 21 60 54 21 2 0 0 1 5 25 106 59 10 3 5 0 0 4 19 16 12 1 0 0 67 6 0 0 0 0 10 54 129 114 36 11 0 0 0 16 15 21 110 117 87 28 0 0 0 0 8 34 126 51 4 0 73 4 0 0 0 0 4 50 129 5 0 0 0 10 86 129 9 0 0 0 62 129 117 32 0 0 0 1 72 125 8 0 1 0 0 0 0 0 13 23 1 0 0 0 0 2 107 68 0 0 0 0 0 47 129 15 0 0 0 0 1 14 28 0 
3 28 6 0 0 0 0 0 0 106 99 0 0 0 2 3 0 54 119 12 0 0 2 7 2 9 78 26 0 0 0 5 84 119 2 0 0 0 0 1 119 119 117 5 0 0 0 14 7 28 119 119 18 0 0 3 3 2 14 73 31 3 8 22 119 40 0 0 0 0 0 17 119 15 2 0 0 0 26 119 12 4 10 62 57 45 87 94 14 11 47 62 90 33 12 14 80 1 0 0 0 0 0 35 29 2 1 3 2 3 17 54 44 18 21 26 3 16 49 61 18 4 17 46 5 11 7 40 
77 26 0 0 0 2 2 7 23 68 29 2 4 20 5 3 38 62 107 22 13 10 9 9 21 36 10 11 7 46 30 8 120 12 0 0 2 8 0 36 120 120 23 0 0 1 7 27 7 69 85 33 75 86 16 4 26 36 11 20 52 55 33 14 110 0 0 0 1 2 0 94 116 7 0 0 0 10 116 120 2 0 0 0 21 120 120 15 3 3 1 2 12 59 40 7 6 0 0 0 0 0 2 30 2 0 0 0 0 1 73 120 0 0 0 0 0 11 120 41 0 1 1 1 0 19 78 1 
0 32 14 0 0 0 0 0 0 67 109 12 0 0 0 0 0 6 60 57 4 0 0 0 0 4 22 8 6 3 0 0 96 116 8 0 0 0 0 3 96 126 126 85 2 0 0 3 0 0 58 126 51 0 0 0 0 9 48 44 12 0 0 0 126 14 0 0 0 0 1 51 126 8 0 7 3 20 54 126 0 0 0 100 124 122 77 2 0 1 7 27 60 14 2 0 34 17 0 0 0 0 0 20 18 0 0 0 3 34 72 93 7 2 3 2 17 90 73 6 3 0 0 0 6 13 5 2 
10 13 7 2 0 0 0 0 22 60 34 2 0 0 0 0 23 32 47 3 0 0 0 0 1 1 6 8 2 0 0 0 96 59 6 0 0 0 0 3 54 128 128 0 0 0 0 1 0 47 128 66 76 3 0 0 2 0 17 43 85 14 4 3 128 12 0 0 0 0 0 56 124 59 13 0 0 0 93 128 0 3 13 16 116 91 117 16 2 0 6 39 120 39 9 1 25 0 0 0 0 0 0 29 8 0 0 0 0 1 105 105 1 0 0 0 1 37 128 45 0 0 0 0 8 22 21 6 
3 2 1 0 0 0 6 10 18 54 45 16 2 0 0 1 4 27 108 51 10 3 6 2 0 5 20 18 11 1 0 0 47 3 0 0 0 0 16 54 131 112 37 9 0 0 0 17 23 29 123 120 71 21 0 0 0 1 10 43 131 48 3 0 66 5 0 0 0 0 4 44 131 6 0 0 0 6 61 131 18 0 0 2 64 131 101 39 0 0 0 1 88 131 6 0 3 0 0 0 0 0 11 24 5 0 0 0 0 2 106 80 0 0 0 0 0 60 131 21 0 0 0 0 3 22 27 0 
81 35 3 0 0 0 2 1 5 43 76 10 2 4 9 1 37 32 75 47 10 8 3 5 43 63 14 2 0 19 28 20 121 65 1 0 0 0 0 7 76 121 78 9 0 0 1 7 16 21 120 121 89 32 5 6 13 15 40 30 56 31 50 16 121 6 0 0 0 0 2 119 70 9 0 0 0 12 85 121 7 0 1 2 61 121 77 13 43 28 29 4 31 37 20 37 35 0 0 0 0 0 1 112 17 0 0 0 1 10 73 118 0 0 0 1 5 52 65 6 4 0 0 1 1 8 36 30 
4 43 10 0 0 0 0 0 9 122 119 6 0 0 0 0 0 19 122 107 1 0 0 0 0 0 18 58 6 0 0 0 102 62 1 0 0 0 0 6 122 122 39 8 0 0 0 18 4 8 51 122 31 2 1 1 0 0 11 122 65 1 0 0 107 9 0 0 0 0 0 32 122 0 0 0 0 7 44 122 4 0 0 16 20 107 122 16 0 0 0 36 90 80 45 4 18 16 0 0 0 0 0 7 16 1 0 0 0 10 40 83 1 1 3 1 15 81 77 14 9 4 4 1 5 18 24 10 
31 35 8 0 0 0 0 3 16 47 109 73 8 2 2 0 6 20 94 62 11 2 3 1 0 1 10 13 13 1 0 0 121 39 0 0 0 0 0 22 120 53 59 44 1 1 0 3 0 1 69 121 121 31 0 0 0 0 2 16 97 28 3 0 121 2 0 0 0 0 5 111 85 2 0 0 3 44 83 121 0 0 0 2 98 121 38 0 0 0 0 0 55 86 6 0 3 0 0 0 0 0 25 55 1 0 0 0 0 21 121 86 0 0 0 0 1 90 98 3 0 0 0 0 4 15 9 0 
7 9 3 0 0 0 0 0 2 28 79 10 0 0 0 0 0 2 88 39 1 1 1 3 0 0 2 14 4 3 8 3 78 21 0 0 0 0 0 7 130 130 110 3 0 0 0 2 2 25 130 130 42 25 0 0 0 0 5 117 97 14 1 1 77 1 0 2 3 0 0 42 130 21 0 0 0 21 51 130 3 1 2 11 37 130 58 11 0 0 0 14 95 109 1 0 2 0 0 3 8 2 3 13 5 0 0 1 5 12 94 111 0 0 0 0 0 92 102 15 0 0 0 1 3 25 2 1 
4 34 10 0 0 0 0 2 2 52 125 12 0 0 3 7 0 5 64 49 0 0 2 3 0 0 3 6 0 0 1 0 121 73 6 0 0 0 0 4 125 125 125 46 2 0 0 4 0 0 72 125 92 10 0 0 0 0 4 52 45 4 0 0 125 1 0 0 0 0 3 58 125 1 0 1 3 38 94 125 0 0 0 19 118 125 53 1 0 0 0 4 50 56 3 0 6 0 0 0 0 0 10 32 6 1 0 0 0 17 125 65 3 3 1 0 1 70 71 5 0 2 6 0 0 9 1 0 
12 14 26 2 1 0 2 3 4 43 126 3 2 0 3 6 1 58 126 2 0 1 4 5 0 6 118 17 0 0 0 0 126 47 19 0 0 0 0 16 126 71 126 64 0 0 0 43 0 32 112 126 9 1 0 4 0 2 51 23 3 1 3 3 126 41 0 0 0 0 0 23 117 11 2 16 0 1 16 126 0 0 4 126 16 14 25 108 0 0 2 75 22 15 5 1 123 11 0 0 0 0 0 34 50 1 0 1 1 2 6 42 0 0 0 1 5 18 40 70 0 0 2 11 15 24 15 7 
123 8 0 0 0 0 0 8 36 21 2 1 3 2 0 2 5 78 24 19 7 1 0 0 3 9 11 25 15 7 0 0 123 0 0 1 3 3 1 75 100 123 5 1 0 4 0 36 10 123 10 12 40 110 0 0 0 1 3 13 43 62 0 0 121 2 1 0 4 7 2 62 123 60 0 0 1 40 123 96 4 15 0 1 29 123 123 8 0 1 2 2 9 44 65 0 24 2 2 0 2 2 8 16 22 0 0 0 0 19 123 46 0 0 0 0 0 37 123 29 0 0 0 0 0 43 112 12 
34 45 50 0 0 0 0 2 8 126 126 10 0 0 0 0 0 98 126 19 2 0 0 0 0 17 48 1 1 2 2 0 126 65 14 0 0 0 0 26 122 60 126 49 0 0 8 90 0 4 65 126 2 0 3 12 0 0 15 79 3 1 1 0 126 38 1 0 0 1 2 33 52 7 0 1 0 6 56 126 0 0 10 52 1 15 83 126 0 0 8 80 32 50 29 6 126 12 1 0 1 0 0 32 25 0 0 2 7 4 7 19 0 0 0 0 0 4 37 45 0 0 0 6 9 17 26 10 
95 1 1 1 1 0 0 17 5 65 6 2 1 0 0 0 2 105 30 33 23 3 0 0 2 10 15 22 31 10 0 0 132 22 2 0 0 0 0 72 43 132 8 0 1 14 0 4 2 81 7 12 49 132 0 0 0 0 1 8 37 65 0 0 132 20 0 0 0 0 24 82 99 54 0 0 4 86 132 61 0 1 0 3 34 132 34 9 0 1 5 3 6 20 9 0 39 1 0 0 0 1 53 37 5 0 0 0 0 14 132 93 2 0 0 1 3 17 132 68 0 0 1 1 0 17 118 11 
22 11 6 18 10 0 0 0 4 18 91 67 23 0 0 0 4 13 55 74 24 0 0 0 40 0 0 14 10 0 0 13 103 38 11 4 6 2 3 26 76 80 129 25 0 0 5 16 0 2 129 129 110 25 5 0 47 0 0 52 98 4 0 16 106 25 5 4 12 4 10 41 93 14 5 0 1 53 129 66 0 0 4 19 111 129 129 3 33 0 0 5 112 47 0 10 25 0 0 0 5 7 6 27 0 0 0 0 47 72 61 8 1 0 0 0 20 58 59 22 8 0 0 0 18 19 0 2 
1 36 16 0 0 0 0 0 0 64 123 17 0 0 0 0 0 3 58 61 7 0 0 0 0 1 17 8 7 4 0 0 110 99 7 0 0 0 0 4 115 125 121 97 4 0 0 4 0 0 41 125 69 0 0 0 0 5 51 45 11 0 0 0 125 13 0 0 0 1 0 49 125 3 0 7 4 16 53 125 0 0 0 104 125 90 79 2 0 1 11 29 58 9 2 0 28 19 0 0 0 0 0 16 19 0 0 0 5 30 72 90 5 2 3 0 20 73 90 6 2 0 0 0 9 10 5 2 
4 1 0 0 0 0 6 11 24 56 42 18 1 1 0 2 4 33 106 59 9 4 5 0 0 6 16 18 14 1 0 0 44 2 0 0 0 0 15 57 132 108 31 8 0 0 0 17 27 28 108 113 93 20 0 0 0 0 7 34 132 47 4 0 65 7 0 0 0 0 2 41 132 6 0 0 0 8 49 132 22 0 0 1 83 132 79 36 0 0 1 1 96 123 5 0 4 0 0 0 0 0 9 25 9 0 0 0 0 3 103 90 0 0 0 0 1 74 132 22 0 0 0 0 4 21 24 0 
8 9 3 0 0 0 0 0 2 28 78 12 0 0 0 0 0 2 83 39 1 0 1 3 0 0 2 11 4 3 9 3 80 21 0 0 0 0 0 7 130 130 110 5 0 0 0 3 1 22 130 130 40 21 0 0 0 0 5 117 93 12 2 1 77 2 0 2 4 0 0 43 130 22 0 0 0 20 54 130 3 1 2 13 36 130 66 11 0 0 0 18 100 108 2 0 2 0 0 2 8 2 4 13 6 0 0 0 5 11 93 112 0 0 0 0 0 90 105 15 0 0 0 1 3 25 3 1 
4 23 4 2 10 1 0 0 7 115 105 18 0 0 0 0 0 6 97 97 0 0 0 0 0 0 4 23 10 3 0 0 96 47 3 3 2 1 0 6 128 128 65 26 0 0 2 33 0 3 81 128 58 24 5 1 0 0 4 83 123 22 0 0 84 2 0 0 1 2 0 33 109 1 0 0 0 11 122 128 0 0 0 11 51 128 128 13 0 6 7 6 82 98 3 0 9 2 0 0 0 0 2 9 3 0 0 0 0 14 71 27 0 2 1 0 1 46 60 0 0 4 3 0 1 10 1 0 
4 33 10 0 0 0 0 2 2 51 123 11 0 0 3 7 0 5 65 46 0 0 2 2 0 0 4 6 0 0 1 0 119 77 7 0 0 0 0 4 125 125 125 44 2 0 0 4 0 0 78 125 89 11 0 0 0 0 5 53 45 5 0 0 125 1 0 0 0 0 3 60 125 2 0 1 3 39 100 125 0 0 0 19 113 125 56 1 0 0 0 4 49 58 3 0 6 0 0 0 0 0 11 33 5 2 0 0 0 17 125 62 3 3 1 0 1 68 70 5 0 2 6 0 0 9 1 0 
7 13 11 3 1 1 2 6 3 74 104 5 3 1 3 5 0 115 120 1 0 0 4 3 0 32 102 0 0 1 0 0 120 34 7 0 0 0 1 12 120 120 120 25 0 0 2 40 1 43 120 120 1 0 1 12 0 3 18 50 2 2 1 0 120 31 0 0 0 0 1 26 120 18 1 3 0 0 33 120 0 0 11 78 6 15 69 120 0 0 6 74 34 41 18 4 111 15 0 0 0 0 0 31 90 2 0 1 1 1 7 34 0 0 0 0 1 6 35 41 0 0 3 6 6 22 17 8 
119 7 0 0 1 0 0 16 46 33 6 2 1 1 0 5 1 79 35 21 13 1 0 0 3 12 10 25 19 6 2 0 121 1 0 0 4 7 1 58 121 121 11 0 0 11 4 32 1 113 17 13 33 121 2 0 0 1 2 14 36 59 1 0 121 7 4 2 3 3 10 41 121 29 0 0 0 32 121 121 0 4 0 1 15 121 121 40 0 1 1 2 4 24 47 3 8 0 0 0 1 4 13 12 2 0 0 0 1 11 119 52 1 0 0 0 0 11 121 78 0 0 0 0 0 16 121 17 
17 58 3 1 5 1 0 0 20 107 79 37 0 0 0 1 33 22 42 35 1 0 0 4 62 0 3 5 3 0 0 26 118 82 3 25 24 0 0 2 118 110 77 45 2 0 3 24 21 20 118 118 38 14 17 5 57 0 9 60 60 8 1 30 102 12 0 73 77 1 0 56 115 27 4 1 4 37 63 117 19 4 16 21 44 118 118 16 45 0 0 11 63 57 15 18 8 0 0 18 81 17 1 25 13 0 0 0 3 38 66 96 16 1 0 0 6 52 42 14 26 0 0 0 5 10 2 9 
0 10 3 0 0 17 28 0 0 48 69 0 0 18 21 0 0 17 129 28 0 5 8 0 0 0 37 21 0 0 0 0 20 86 13 0 0 0 2 5 115 129 82 2 0 0 0 7 14 59 129 129 57 0 0 0 0 0 26 113 92 8 0 0 56 39 6 0 0 0 23 34 129 28 0 0 0 0 8 109 35 2 0 50 84 36 62 26 0 0 12 114 127 18 13 0 12 45 14 0 0 0 0 0 57 13 2 0 0 8 26 76 9 1 8 5 25 87 129 40 7 1 3 6 25 20 36 19 
11 17 0 0 20 3 0 0 17 131 58 5 0 0 0 0 1 42 131 38 1 0 0 0 3 34 53 14 3 0 0 0 98 36 0 0 32 4 0 4 131 131 61 2 0 0 4 57 2 20 131 37 27 8 13 10 4 2 60 44 124 66 9 1 85 2 0 0 21 4 0 24 131 0 0 0 0 2 86 131 0 0 1 0 24 37 131 92 3 2 10 27 99 72 44 3 30 0 0 0 4 1 0 7 33 0 0 0 3 26 44 37 39 0 0 0 0 8 79 55 10 0 0 0 0 8 18 9 
53 15 4 0 0 0 3 33 58 43 128 66 9 2 3 3 9 26 100 69 45 3 3 2 0 0 0 7 17 9 10 0 132 35 1 0 0 0 1 42 132 35 29 8 13 10 2 20 1 0 24 37 132 90 0 0 0 0 1 8 80 55 38 0 59 5 0 0 0 0 17 132 61 2 0 0 4 57 132 132 0 0 0 2 86 132 130 0 0 0 3 24 44 37 32 0 0 0 19 3 0 0 11 18 0 0 32 3 0 4 99 35 0 0 22 3 0 25 84 2 0 0 5 1 0 8 29 0 
12 14 17 2 2 0 2 5 4 39 123 7 4 0 4 7 0 51 123 1 0 1 8 10 0 10 120 8 0 0 0 0 123 51 8 0 0 0 1 14 123 114 123 35 0 0 3 54 2 28 123 123 1 0 1 15 0 4 55 46 2 2 1 0 123 50 1 0 0 0 0 23 114 17 1 4 0 2 32 123 0 0 9 94 6 6 52 123 0 0 5 91 31 25 18 4 110 5 0 0 0 0 0 43 58 0 0 3 2 1 3 39 0 0 0 1 0 4 29 50 0 0 2 3 13 20 22 9 
123 4 0 0 0 0 0 16 43 51 2 2 1 0 0 4 7 87 27 35 19 6 0 0 0 4 7 18 23 10 0 0 123 0 0 1 8 8 0 69 123 123 1 0 3 15 1 33 14 77 3 9 66 123 0 0 0 1 0 3 29 43 0 0 123 4 3 0 5 9 3 46 123 33 0 0 5 54 123 105 1 3 0 3 39 123 123 10 0 2 1 2 4 50 67 0 18 3 3 0 3 5 10 14 12 0 0 0 1 14 123 41 0 0 0 0 0 28 123 37 0 0 0 0 0 48 99 7 
1 23 4 0 0 17 8 0 0 67 108 10 0 7 2 0 0 7 100 42 2 0 0 0 0 1 21 7 7 7 0 0 67 122 2 0 0 0 0 2 101 122 102 55 6 0 0 5 0 5 63 122 121 0 0 0 0 0 40 45 52 10 0 0 103 33 0 0 0 1 14 61 122 14 0 6 7 5 11 118 4 0 0 122 122 49 37 4 0 0 39 73 50 7 2 0 36 41 0 0 0 0 5 12 63 7 0 0 6 28 39 104 8 2 5 11 32 103 101 29 4 1 2 5 16 10 8 10 
2 22 2 0 11 9 0 0 1 80 72 6 0 0 0 0 0 19 49 47 20 1 0 0 0 52 19 4 7 1 0 0 99 94 2 0 6 5 0 4 92 129 129 50 0 0 0 16 0 8 129 129 6 0 0 0 0 34 63 64 12 0 0 0 129 14 0 0 0 0 2 35 121 12 6 6 0 0 37 129 0 0 33 72 52 75 35 58 5 1 13 51 71 95 21 7 32 7 0 0 0 9 13 10 29 2 0 0 0 7 57 129 7 0 0 3 24 45 91 94 6 4 12 18 29 27 13 6 
13 2 0 0 0 0 14 23 59 52 70 29 9 2 3 7 20 50 136 59 33 2 6 1 0 2 5 19 36 14 6 0 69 15 1 0 0 0 24 62 136 42 19 1 0 0 0 27 30 9 48 32 136 36 0 0 0 0 2 18 136 64 10 0 55 22 2 0 0 0 9 46 136 9 0 0 0 13 75 136 15 0 0 0 82 136 102 29 0 0 2 17 71 99 21 0 0 0 1 0 0 0 13 26 2 1 5 0 0 3 109 69 0 1 9 0 0 64 127 11 0 0 3 0 0 28 21 0 
0 21 11 0 0 0 0 0 0 68 72 0 0 0 0 0 0 26 122 25 0 0 0 0 0 0 21 33 4 0 0 0 44 84 5 0 0 0 0 0 90 133 105 5 0 0 0 1 1 32 133 133 3 0 0 0 0 0 33 133 21 0 0 0 133 21 0 0 0 0 0 17 133 38 1 0 0 0 0 68 10 2 7 42 9 3 6 7 0 0 1 133 89 14 4 0 57 3 0 0 0 0 0 22 88 0 0 0 0 0 18 133 5 0 0 0 2 64 102 38 0 0 0 7 28 82 75 0 
26 19 0 0 0 0 0 0 11 128 51 0 0 0 0 0 0 103 128 0 0 0 0 0 0 9 115 30 13 0 0 0 120 21 0 0 0 0 0 7 128 128 18 0 0 0 0 24 1 70 74 1 1 0 2 2 0 2 31 24 123 13 0 0 98 1 0 0 0 0 0 29 128 9 0 0 0 0 50 128 0 0 0 0 0 10 128 69 0 0 0 4 62 92 73 0 21 0 0 0 0 0 0 14 10 0 0 0 0 0 42 87 0 0 0 0 0 5 128 58 0 0 0 0 0 31 84 6 
75 31 0 0 0 0 0 10 109 117 16 8 0 0 0 0 3 9 60 119 7 1 0 0 0 3 24 57 62 9 0 0 129 18 0 0 0 0 0 35 129 28 0 0 0 1 2 50 3 0 1 9 36 82 4 1 0 0 0 12 129 129 0 0 48 0 0 0 0 0 10 108 55 0 0 0 0 12 129 129 0 0 0 0 8 129 129 15 0 0 0 0 25 129 12 0 0 0 0 0 0 0 13 22 0 0 0 0 0 1 77 55 0 0 0 0 0 20 98 15 0 0 0 0 1 13 18 1 
6 18 0 0 2 0 0 0 7 117 45 0 0 0 0 0 0 55 127 28 1 0 0 0 0 2 45 48 9 0 0 0 73 64 0 0 1 0 0 0 129 129 84 0 0 0 0 11 3 38 129 65 0 0 0 1 0 0 129 129 1 0 0 0 129 15 0 0 0 0 0 10 129 16 1 0 0 0 5 129 9 1 8 2 0 0 17 67 0 0 20 23 20 28 2 2 58 3 0 0 0 0 0 9 44 0 0 0 0 4 49 125 0 0 0 0 0 0 101 129 0 0 0 0 19 47 49 29 
93 33 1 0 0 0 0 10 129 56 5 1 0 0 0 0 5 3 34 21 20 6 0 0 0 0 9 17 107 35 0 0 129 35 1 0 0 0 0 50 129 29 0 0 0 1 1 53 3 0 0 0 49 87 5 1 0 0 0 4 129 115 0 0 33 0 0 0 0 0 11 129 58 0 0 0 0 21 129 129 0 0 0 0 9 129 129 14 0 0 0 3 35 116 49 0 0 0 0 0 0 0 13 17 0 0 1 0 0 2 86 53 0 0 0 0 0 21 119 9 0 0 0 0 0 15 43 0 
5 10 0 0 13 5 0 0 6 93 29 0 0 0 0 0 0 35 72 42 8 0 0 0 1 34 24 15 6 0 0 0 60 48 0 0 13 5 0 0 119 127 99 2 0 0 0 7 1 33 127 115 0 0 0 0 0 11 127 108 11 1 0 0 125 13 0 0 3 1 0 11 127 29 5 0 0 0 9 127 6 1 25 14 6 7 23 58 0 0 20 42 93 89 8 1 54 1 0 0 0 0 0 8 51 0 0 0 0 5 54 121 1 0 0 0 2 14 120 127 0 0 1 11 48 59 39 9 
45 5 0 0 0 0 8 37 134 72 35 11 0 0 0 6 6 23 134 60 20 2 0 0 0 5 16 38 81 18 0 0 105 42 3 0 0 0 1 31 134 38 0 0 0 1 0 43 16 2 4 3 68 76 3 3 0 0 0 8 134 95 1 0 28 3 0 0 0 0 16 93 77 0 0 0 0 11 133 134 4 0 0 0 12 134 134 29 0 0 0 4 37 123 53 0 0 0 5 0 0 0 11 12 0 1 14 0 0 0 76 34 0 0 12 0 0 21 102 8 0 0 3 0 0 14 30 0 
25 57 3 2 5 0 0 0 29 94 78 40 0 0 0 0 29 20 35 38 1 0 0 6 60 0 0 9 12 0 0 32 115 66 2 32 26 0 0 2 115 92 80 38 3 0 3 28 19 15 115 115 54 18 14 4 67 0 3 49 74 5 0 37 103 8 1 85 76 0 0 49 115 30 3 0 7 38 58 111 17 4 11 19 61 115 115 15 66 0 0 7 69 41 7 20 10 0 0 28 107 13 0 24 16 0 0 0 9 41 54 99 15 1 0 0 11 53 34 14 41 0 0 0 7 7 1 8 
8 10 2 1 62 19 0 0 1 41 41 9 20 3 0 0 0 58 57 59 23 3 0 0 22 18 6 36 18 0 0 0 76 49 6 2 79 13 0 12 55 115 117 32 14 6 9 49 0 44 90 79 117 31 3 1 107 15 0 37 115 11 0 16 57 6 0 4 87 8 4 38 46 7 10 3 14 21 117 117 3 0 4 23 116 117 41 38 92 0 0 1 86 87 2 24 5 0 0 1 63 9 2 3 8 0 0 0 15 31 50 63 3 0 0 0 14 117 56 32 33 2 0 0 9 43 5 10 
3 13 13 2 1 0 3 2 2 71 86 3 2 0 1 1 0 117 115 0 0 0 1 2 0 46 81 0 0 1 1 0 117 40 11 0 0 0 0 14 118 118 118 24 0 0 0 27 1 53 115 118 2 0 0 3 0 3 13 36 5 2 1 0 118 32 0 0 0 0 0 30 118 30 6 6 0 2 17 118 1 0 20 108 0 2 25 106 0 0 14 118 11 16 5 3 117 25 2 0 0 0 0 16 84 4 0 0 2 7 13 31 0 0 0 0 0 5 46 98 0 0 0 9 20 39 30 17 
118 1 0 0 1 1 0 18 55 15 9 2 2 0 0 7 0 102 28 2 1 0 0 0 0 27 27 31 29 6 0 0 118 1 0 0 0 4 0 51 118 118 16 0 0 2 2 37 2 118 24 1 3 75 10 0 0 8 4 12 29 118 4 0 118 8 2 1 2 0 5 35 118 36 0 0 0 13 118 118 2 7 0 1 6 118 118 55 0 0 1 5 8 54 23 5 11 0 0 0 0 2 10 13 3 0 0 0 0 5 115 57 1 0 0 0 1 12 118 90 2 0 0 1 0 5 102 44 
5 8 2 0 0 0 0 1 3 24 64 5 0 0 0 0 0 0 90 24 0 0 0 0 1 3 34 6 0 0 0 0 67 13 0 0 0 0 0 5 139 139 119 3 0 0 0 2 6 31 139 84 6 7 0 0 0 0 114 137 27 13 0 0 79 8 1 0 0 0 0 13 139 28 4 0 0 7 5 98 26 9 23 8 7 139 16 18 0 0 4 30 36 139 6 0 18 19 2 0 0 0 0 1 84 6 0 0 0 8 31 121 4 0 0 0 0 132 61 37 0 0 0 0 1 50 5 0 
59 10 0 0 0 0 0 11 106 102 51 35 0 0 0 1 0 4 61 134 0 0 0 0 0 0 9 48 3 0 0 0 134 5 0 0 0 0 0 12 134 26 12 14 0 0 8 64 10 3 42 134 16 43 33 9 0 0 11 91 76 76 7 0 67 2 0 0 0 0 1 26 121 0 0 0 0 14 134 134 2 0 0 1 5 134 134 18 0 0 0 0 16 126 68 8 3 0 0 0 0 0 4 10 1 0 0 0 0 11 63 17 0 0 0 0 0 28 55 1 0 0 0 0 0 2 12 12 
0 24 7 0 0 0 0 0 0 75 63 0 0 0 0 0 0 19 101 30 0 0 0 0 0 1 17 29 5 0 0 0 48 97 3 0 0 0 0 0 85 133 130 10 0 0 0 0 0 19 133 133 2 0 0 0 0 0 42 133 12 0 0 0 133 30 0 0 0 0 0 19 133 38 3 0 0 0 0 64 6 1 10 62 8 5 3 4 0 0 0 133 74 19 3 0 55 0 0 0 0 0 1 34 88 0 0 0 0 0 15 133 4 0 0 0 2 77 76 37 0 0 0 6 28 106 54 0 
21 17 0 0 0 0 0 0 7 93 56 1 0 0 0 0 2 74 127 2 0 0 0 0 0 4 109 23 1 0 0 0 107 25 0 0 0 0 0 2 127 127 43 0 0 0 0 11 0 80 127 1 0 0 0 0 0 1 87 41 78 10 0 0 106 4 0 0 0 0 0 25 127 22 0 0 0 0 26 127 0 1 0 0 0 2 91 71 0 0 0 4 96 59 38 0 24 0 0 0 0 0 0 13 13 0 0 0 0 0 39 124 0 0 0 0 0 3 127 93 0 0 0 0 5 43 105 4 
57 22 0 0 0 0 0 12 125 117 20 4 0 0 0 0 6 13 80 92 4 0 0 0 0 2 31 61 62 6 0 0 130 14 0 0 0 0 0 31 130 32 0 0 0 0 0 48 7 1 2 5 25 60 4 2 0 0 0 10 130 130 0 0 51 1 0 0 0 0 9 83 77 0 0 0 0 8 122 130 2 0 0 0 7 130 130 25 0 0 0 0 28 130 18 0 0 0 0 0 0 0 15 21 0 0 0 0 0 1 84 52 0 0 0 0 0 22 113 15 0 0 0 0 0 13 26 1 
13 103 12 0 0 0 0 0 12 91 106 62 0 0 0 0 31 26 40 43 2 0 0 3 74 1 1 6 4 0 0 22 117 117 3 11 8 0 0 16 79 88 96 61 0 0 17 28 2 12 117 117 53 18 31 5 82 1 3 43 56 8 0 25 96 8 0 13 36 4 4 112 54 13 5 0 1 80 117 97 2 1 10 19 45 116 117 21 79 0 0 6 47 45 9 11 7 0 0 1 11 9 15 40 18 6 0 0 0 42 73 48 20 4 0 0 4 25 20 12 57 3 0 0 3 7 2 3 
1 7 6 4 0 0 0 0 0 36 82 22 0 0 0 0 0 9 125 51 0 0 0 0 0 0 19 53 9 0 0 0 47 22 4 0 0 0 3 22 125 125 86 0 0 0 0 25 8 28 125 100 4 3 0 0 0 0 30 125 118 10 0 0 49 10 8 8 10 1 11 25 125 11 2 0 0 6 35 87 18 0 2 4 6 119 99 10 0 0 0 17 125 125 18 0 9 5 3 2 0 0 1 8 28 4 0 0 1 11 87 58 0 0 0 0 4 105 125 5 0 0 0 0 8 77 26 0 
26 83 9 0 0 0 0 0 26 128 128 23 0 0 0 0 0 6 106 128 8 0 0 0 0 0 20 71 7 0 0 0 128 47 0 0 0 0 0 20 128 64 10 10 0 2 6 41 0 0 8 128 67 31 23 0 0 0 6 110 98 16 1 0 102 13 0 0 0 0 0 59 74 0 0 0 0 38 106 128 3 0 1 5 28 128 128 8 4 0 0 8 54 62 39 8 10 11 0 0 0 0 0 7 4 0 0 0 1 17 41 43 4 4 5 2 16 42 30 4 6 4 2 0 1 5 7 5 
6 21 11 0 0 0 0 1 3 22 64 44 11 7 8 0 7 18 50 17 5 3 7 0 0 1 8 7 2 0 0 0 125 68 10 0 0 0 0 11 64 70 125 84 3 0 0 0 1 12 125 125 82 5 0 0 0 0 4 23 72 12 2 0 125 8 0 0 0 0 0 76 112 8 7 3 4 23 14 62 0 0 7 28 125 125 6 0 0 0 0 3 87 76 6 0 28 0 0 0 0 0 22 94 12 0 0 0 0 50 125 125 0 0 0 0 15 125 86 0 0 0 0 0 12 34 4 0 
0 28 19 0 0 0 0 0 0 44 114 16 0 0 0 0 0 2 54 36 8 1 0 0 0 0 12 6 5 10 0 0 93 104 12 0 0 0 0 6 97 128 128 128 13 0 0 6 0 0 51 128 84 0 0 0 0 5 81 32 6 2 0 0 128 27 0 0 0 3 2 43 128 10 0 15 14 28 61 128 0 0 5 115 128 83 59 3 0 2 28 23 29 10 0 0 24 29 0 0 0 0 0 10 22 2 1 0 4 37 79 66 8 1 3 2 14 68 66 12 0 0 0 0 8 56 7 0 
10 19 8 0 0 0 5 16 15 41 41 7 1 0 2 5 1 26 101 43 7 6 5 0 0 5 19 11 8 1 0 0 19 1 1 0 0 0 22 90 133 99 25 4 0 0 3 42 46 50 129 102 98 25 0 0 0 1 10 29 120 58 8 0 35 10 5 0 0 0 3 36 133 6 0 0 0 3 51 133 42 1 0 1 92 133 113 55 0 0 3 2 87 119 9 0 2 0 0 0 0 0 5 22 7 0 0 0 0 1 77 79 0 0 0 0 1 53 133 28 0 0 0 0 2 14 32 1 
16 24 34 3 0 0 0 0 3 33 126 21 0 0 0 0 0 93 126 1 0 0 0 0 0 51 94 1 0 0 0 0 126 25 15 0 0 0 0 38 126 48 126 41 0 0 0 41 1 47 126 114 0 0 0 1 0 9 26 57 4 0 0 0 126 52 3 3 0 0 1 17 126 40 4 2 0 0 0 110 12 0 18 70 0 0 0 44 0 0 8 126 3 0 0 0 126 27 0 0 0 0 3 13 59 17 0 0 1 7 8 57 3 0 0 0 0 0 9 126 0 0 0 27 0 0 1 19 
81 1 0 0 0 0 0 54 23 62 4 0 0 0 0 7 16 124 0 0 0 0 0 0 2 17 0 0 3 25 0 0 124 1 0 0 0 0 0 112 124 105 0 0 0 1 1 51 22 57 0 0 0 53 9 0 0 0 0 0 17 124 1 0 124 15 0 0 0 0 2 42 124 36 0 0 0 44 124 54 5 2 0 0 0 121 124 32 0 0 1 8 9 48 81 16 35 3 0 0 0 0 12 26 16 0 0 0 0 43 124 29 3 2 0 0 1 23 124 39 0 0 0 0 4 17 124 20 
14 30 14 0 0 0 0 0 2 37 130 9 0 0 0 0 0 2 130 37 0 0 0 0 0 7 40 18 0 0 0 0 130 53 5 0 0 0 0 7 114 129 130 5 1 8 0 4 0 4 130 108 31 80 0 0 0 0 26 91 55 35 0 0 130 9 0 0 0 0 0 52 130 6 1 0 3 96 22 100 0 0 0 0 20 130 5 0 0 1 1 2 22 74 0 0 35 13 1 0 0 0 0 23 26 0 0 0 0 44 66 91 1 1 0 0 1 84 20 2 1 6 0 0 0 4 0 0 
37 22 0 0 0 0 0 10 20 69 65 39 0 0 0 1 1 1 26 58 0 0 0 2 0 0 1 6 0 0 2 6 127 26 0 0 0 0 0 15 127 76 58 83 0 0 0 10 0 0 71 127 6 0 0 0 0 0 12 85 31 5 1 0 127 2 0 0 0 0 0 42 127 1 3 7 0 9 98 127 1 0 13 68 19 127 127 7 0 0 3 31 65 118 33 1 17 0 0 0 0 0 8 31 8 0 0 0 0 17 127 62 0 0 0 0 0 76 127 4 0 0 0 0 0 21 34 12 
14 21 11 3 2 0 0 0 24 48 128 61 2 0 0 0 0 1 85 141 7 0 0 0 0 0 8 36 0 0 0 0 86 11 1 1 2 0 0 6 141 39 44 28 0 0 0 26 17 4 58 141 62 27 0 2 0 0 4 133 90 20 0 0 68 0 0 0 2 0 0 15 141 0 0 0 0 31 36 69 17 0 0 8 51 141 33 11 0 0 0 6 70 137 1 0 10 0 0 0 4 4 8 14 24 0 0 0 1 54 107 43 0 0 0 0 4 141 50 1 0 0 0 0 0 26 5 0 
79 37 0 0 0 2 3 6 18 28 35 7 4 16 14 3 52 59 25 11 5 11 22 16 23 56 21 6 8 32 13 9 121 59 2 0 0 2 0 13 69 121 121 28 1 2 0 5 42 31 121 121 87 24 26 11 24 25 30 6 21 51 62 11 121 9 0 0 0 0 0 106 102 25 3 0 3 29 70 121 16 6 13 17 94 121 57 20 29 41 47 6 28 28 38 22 33 0 0 0 0 0 1 86 18 0 0 0 0 13 69 121 1 0 0 3 5 42 62 22 4 3 1 0 0 10 52 23 
3 17 0 0 2 0 0 0 4 96 45 0 0 0 0 0 0 48 110 20 1 0 0 0 0 2 23 37 18 0 0 0 64 70 0 0 0 0 0 0 127 133 110 1 0 0 0 5 2 29 133 110 0 0 0 0 0 1 106 133 3 0 0 0 133 23 0 0 0 0 0 7 133 25 3 0 0 0 1 133 10 1 18 17 0 0 3 47 0 0 40 79 10 15 0 0 61 6 0 0 0 0 1 10 49 0 0 0 0 2 41 133 1 0 0 0 0 0 53 133 0 0 0 0 19 56 20 17 
79 27 1 0 0 0 0 15 132 57 3 0 0 0 0 1 11 6 27 14 17 6 0 0 0 0 8 13 106 41 0 0 122 39 1 0 0 0 0 41 132 33 0 0 0 1 1 54 10 0 0 0 42 87 4 2 0 0 0 5 132 121 0 0 28 0 0 0 0 0 11 118 70 0 0 0 0 15 132 132 2 0 0 0 7 132 132 20 0 0 0 2 25 132 52 0 0 0 0 0 0 0 13 16 0 0 1 0 0 1 83 47 0 0 0 0 0 22 115 9 0 0 0 0 0 16 38 0 
38 46 55 1 1 1 0 1 10 102 130 15 1 0 0 1 0 88 130 20 1 0 1 1 0 11 108 1 0 1 1 0 130 88 16 0 0 0 1 24 91 56 130 60 0 0 26 118 0 6 66 130 8 5 11 23 0 0 11 54 12 4 2 0 130 38 0 0 0 1 3 31 26 1 0 1 1 4 56 130 0 0 3 41 15 46 101 108 3 1 6 33 33 43 27 3 112 0 0 0 0 0 0 67 19 0 0 6 2 0 2 32 0 0 1 1 1 1 17 20 1 1 6 4 3 2 6 4 
117 3 0 1 1 0 0 10 10 54 12 3 2 0 0 0 5 36 33 39 27 4 2 1 6 6 3 2 7 4 1 1 131 21 1 0 1 1 0 81 61 131 9 4 9 24 0 6 2 44 17 43 98 112 0 0 1 1 1 1 18 21 0 0 131 15 1 0 0 1 11 94 131 57 0 0 23 121 92 55 0 1 1 3 51 131 23 1 0 6 2 0 1 29 17 0 52 1 1 0 1 1 39 48 12 0 0 0 1 22 131 97 0 0 0 1 3 28 131 41 0 0 0 0 0 62 113 0 
0 21 9 0 0 0 0 0 0 64 53 0 0 0 0 0 0 21 99 17 0 0 0 0 0 0 17 31 4 0 0 0 38 81 4 0 0 0 0 0 85 143 137 5 0 0 0 0 1 30 143 143 0 0 0 0 0 0 49 143 7 0 0 0 139 30 0 0 0 0 0 8 143 63 6 0 0 0 0 42 11 5 25 63 1 0 0 3 0 0 9 143 28 0 0 0 61 0 0 0 0 0 0 31 143 0 0 0 0 0 0 143 20 0 0 0 0 2 4 41 0 0 0 34 7 7 6 0 
94 19 0 0 0 0 0 12 143 85 0 0 0 0 0 0 17 7 2 4 3 2 0 0 0 0 1 9 59 40 0 0 143 15 0 0 0 0 0 32 143 15 0 0 0 0 3 87 11 0 0 0 10 86 15 7 0 0 0 0 79 143 1 0 36 0 0 0 0 0 9 87 66 0 0 0 0 8 134 143 2 0 0 0 2 143 143 34 0 0 0 0 14 143 29 0 0 0 0 0 0 0 14 20 0 0 0 0 0 0 67 48 0 0 0 0 0 15 97 15 0 0 0 0 0 12 25 0 
29 24 3 3 22 20 8 21 18 38 61 94 10 0 5 11 20 46 45 60 14 0 0 0 8 4 1 4 36 1 0 0 121 26 1 0 3 7 5 31 121 70 67 33 1 0 1 19 15 27 121 121 61 27 11 5 26 2 9 47 111 14 0 0 121 0 0 0 0 2 2 90 121 16 4 0 4 29 44 121 16 4 13 13 56 121 121 23 35 8 0 6 77 68 12 1 18 0 0 0 1 0 1 81 15 0 0 0 5 33 69 121 6 0 0 0 14 89 43 10 26 9 0 0 3 10 4 2 
21 31 11 0 0 0 0 0 5 43 125 12 0 0 0 0 0 0 125 47 0 0 0 0 0 0 62 29 0 0 0 0 125 36 1 0 0 0 0 6 125 121 105 5 0 1 0 2 1 8 125 72 4 25 1 0 0 0 68 125 36 34 1 0 125 6 0 0 0 0 0 40 125 9 0 0 0 26 14 82 1 1 1 2 2 125 19 2 0 0 0 4 19 125 9 0 40 10 0 0 0 0 0 20 46 0 0 0 0 26 48 125 0 0 0 0 0 125 39 6 0 0 0 0 1 38 5 0 
80 38 0 0 0 0 0 5 46 67 69 62 0 0 0 0 0 0 46 124 0 0 0 0 0 0 9 40 1 0 0 0 124 9 0 0 0 0 0 18 124 19 25 36 0 0 1 24 0 0 53 124 6 8 4 1 0 0 20 107 55 33 0 0 124 0 0 0 0 0 1 51 119 0 0 1 0 13 102 124 0 0 2 14 7 124 124 6 0 0 0 8 35 124 45 1 19 0 0 0 0 0 9 33 6 0 0 0 0 24 124 47 0 0 0 0 0 80 118 0 0 0 0 0 0 19 29 7 
3 12 6 7 2 0 0 0 2 48 119 28 3 0 0 0 1 37 123 52 1 0 0 0 0 0 18 112 18 0 0 0 51 22 2 0 10 7 18 33 123 94 80 0 0 0 9 46 3 15 123 57 0 3 2 0 0 0 20 123 120 19 0 0 46 30 16 13 30 8 13 20 123 31 5 0 1 10 62 95 6 0 1 1 0 89 123 8 0 0 0 10 113 123 38 0 7 6 2 2 2 0 2 5 13 3 0 0 5 30 79 31 0 0 0 0 11 84 123 6 0 0 0 0 14 54 45 5 
18 117 16 0 0 0 0 0 21 121 119 23 0 0 0 0 0 9 109 121 38 0 0 0 0 0 14 50 46 5 0 0 121 55 1 0 0 0 1 40 121 55 0 4 2 0 3 17 1 0 0 97 121 10 7 0 0 0 13 88 121 5 0 0 121 27 3 0 0 0 2 51 79 0 0 0 8 48 121 97 4 1 0 11 58 105 121 31 0 0 4 28 74 33 13 4 6 8 2 0 0 0 3 12 2 0 7 7 16 35 48 24 14 14 27 12 13 24 42 28 3 2 3 0 2 5 7 6 
21 118 35 0 0 0 0 0 0 54 118 66 0 0 0 0 0 29 118 72 1 0 0 0 1 15 14 11 1 0 0 0 118 112 20 0 0 0 0 43 9 21 103 37 2 1 1 15 0 0 88 105 100 75 5 0 6 1 7 25 48 43 14 5 118 0 0 0 0 0 27 118 5 0 0 0 8 20 118 118 0 1 4 37 118 118 46 9 28 15 15 31 30 37 13 12 18 0 0 0 0 10 36 35 18 0 0 0 0 6 96 96 4 0 0 5 9 34 64 16 2 2 4 6 8 17 1 0 
6 9 6 2 0 0 1 2 5 15 47 42 21 10 21 6 17 44 43 18 4 2 15 14 0 0 8 11 4 2 1 0 108 31 6 0 0 0 5 36 83 74 127 46 5 0 0 3 6 41 127 95 71 2 0 0 0 0 3 37 99 28 7 0 127 17 0 0 0 0 3 47 127 7 4 0 2 4 0 45 1 0 5 11 127 84 1 0 0 0 1 15 127 52 3 0 36 3 0 0 0 0 18 88 33 0 0 0 0 28 127 127 0 0 0 0 17 127 115 7 0 0 0 4 22 75 28 0 
19 29 34 1 0 0 0 1 4 29 129 34 0 0 0 0 0 79 129 6 0 0 0 0 0 58 94 1 0 0 0 0 129 23 7 0 0 0 0 46 129 61 129 35 0 0 0 64 5 34 129 97 0 0 0 2 0 13 58 77 0 0 0 0 129 38 3 4 3 1 0 17 129 42 2 0 0 0 0 99 20 0 18 27 0 0 0 59 0 0 22 108 0 0 0 0 119 45 0 0 2 2 2 4 72 35 0 0 2 10 6 39 3 0 0 0 0 0 7 129 0 0 1 5 0 0 1 26 
56 2 0 0 0 0 0 64 64 79 0 0 0 0 0 6 31 56 0 0 1 3 0 0 0 0 0 0 14 45 0 0 121 0 0 0 0 0 0 127 127 62 0 0 0 3 4 47 18 12 0 0 6 83 14 0 0 0 1 3 29 115 0 0 127 10 0 0 0 0 2 43 127 12 0 0 0 80 118 72 2 0 0 0 2 127 127 20 0 0 4 5 6 25 127 30 43 2 0 0 0 0 9 29 17 0 0 0 0 63 119 35 3 3 1 0 0 49 116 11 1 3 3 4 4 5 104 13 
22 46 4 0 0 0 0 0 6 61 96 26 0 0 0 0 0 0 102 66 0 0 0 0 0 0 22 50 15 0 0 0 98 64 0 0 0 0 0 19 116 110 73 32 0 0 0 10 1 6 78 119 43 3 0 0 0 0 9 53 111 15 0 0 98 0 0 0 0 0 0 82 119 12 3 2 0 21 71 117 5 2 4 45 74 119 92 6 1 0 0 9 92 92 12 1 17 0 0 0 0 0 16 41 15 0 0 0 0 25 119 64 0 1 2 0 0 95 114 2 1 0 1 0 0 30 13 1 
10 52 12 0 0 0 0 0 1 75 98 23 0 0 0 0 0 4 89 115 0 0 0 0 0 0 4 26 1 0 1 8 87 61 10 0 0 0 0 20 121 121 63 10 0 0 1 10 8 20 103 121 40 39 6 2 0 0 5 121 86 19 2 0 111 1 0 0 0 0 0 57 121 8 0 0 0 22 69 99 5 0 0 7 32 121 76 11 0 0 0 13 78 119 2 0 28 0 0 0 0 0 8 44 7 0 0 0 0 14 120 47 0 0 0 0 11 80 82 3 0 0 0 0 18 37 1 0 
18 48 9 1 0 0 0 0 6 51 117 7 0 0 0 0 0 14 113 43 1 0 0 0 0 0 8 50 6 0 0 0 117 53 4 1 1 0 0 8 117 101 117 44 1 4 1 15 0 2 112 117 46 31 0 0 0 0 3 102 63 17 0 0 117 2 0 0 1 0 1 54 114 2 0 1 1 41 103 117 0 0 1 11 43 117 58 1 0 0 0 4 59 111 0 0 21 2 4 0 0 0 5 27 7 0 0 0 0 6 96 79 0 0 0 0 11 73 74 20 0 0 0 0 12 57 3 0 
21 42 5 0 0 0 0 0 8 63 117 27 0 0 0 0 0 0 110 81 4 0 0 0 0 0 14 64 19 0 0 0 111 58 0 0 0 0 0 24 119 111 72 39 1 0 0 16 0 2 68 119 112 24 0 0 0 0 5 44 115 12 0 0 87 0 0 0 0 0 5 88 119 5 0 1 1 45 119 119 0 0 0 16 73 119 112 3 7 2 2 5 49 60 11 6 6 1 0 0 0 0 15 30 6 11 3 0 0 15 110 37 0 7 17 1 0 42 55 0 2 3 12 1 0 6 4 3 
16 40 7 0 0 0 0 0 6 42 75 21 3 7 4 1 4 2 50 56 2 3 0 8 7 0 0 4 0 0 1 30 94 92 13 0 0 0 0 10 76 130 127 27 0 0 0 4 2 14 123 130 55 14 2 0 0 0 1 81 60 7 9 14 130 2 0 0 0 0 1 59 130 21 1 0 0 31 80 98 3 1 3 35 69 130 63 5 0 0 0 26 104 76 0 0 34 0 0 0 0 0 9 46 8 0 0 0 0 17 130 50 0 0 0 0 10 101 78 1 0 0 0 0 16 31 0 0 
6 22 1 10 12 0 0 0 9 77 104 4 0 0 0 0 0 11 122 36 0 0 0 0 0 0 12 40 5 0 0 0 91 26 0 4 17 4 0 2 122 122 110 17 0 0 1 26 0 4 122 122 37 30 3 1 0 0 5 115 73 18 0 0 81 2 3 1 7 6 0 23 122 4 0 0 0 11 85 122 0 0 1 10 35 122 92 22 0 0 0 6 68 122 0 0 12 6 13 3 2 4 4 7 7 0 2 1 1 9 68 65 0 0 0 0 5 68 103 29 0 0 0 0 7 74 11 0 
51 59 0 0 0 0 0 4 30 69 63 42 0 0 0 0 0 0 47 125 7 0 0 0 0 0 18 43 32 6 0 0 125 7 0 0 0 0 0 51 125 76 24 29 1 4 4 28 1 6 20 125 105 49 3 0 0 0 1 25 125 36 0 0 106 0 0 0 0 0 10 82 96 5 0 0 0 39 125 125 0 0 0 6 41 125 125 3 0 0 0 1 53 93 26 0 2 0 0 0 0 0 25 40 1 1 0 0 0 13 119 26 0 0 1 0 0 34 79 1 0 0 0 0 1 18 16 1 
17 35 2 1 0 0 0 0 14 87 95 3 0 0 0 0 0 19 126 13 0 0 0 0 0 6 51 46 0 0 0 0 107 23 1 1 1 1 0 3 126 126 83 8 0 0 0 20 5 22 126 111 15 21 1 3 0 1 40 102 39 24 0 0 101 2 0 0 0 0 0 18 126 5 0 0 0 6 47 126 5 1 1 10 14 126 116 39 0 0 0 6 33 126 17 0 27 1 0 0 0 0 0 19 25 0 0 0 0 1 70 86 0 0 0 0 4 26 106 50 0 0 0 0 18 54 18 1 
24 42 37 1 0 0 0 0 4 29 132 48 0 0 0 0 0 86 132 13 0 0 0 0 0 71 78 1 0 0 0 0 132 30 8 0 0 0 0 44 132 56 132 48 0 0 0 48 2 31 132 106 0 0 0 0 0 14 53 82 0 0 0 0 132 33 0 0 1 0 0 28 132 25 2 0 0 0 0 86 15 1 16 29 0 0 0 20 0 0 19 111 0 0 0 0 104 85 0 0 2 0 0 0 60 35 0 0 1 5 4 69 16 0 0 0 0 0 0 93 0 0 0 7 0 0 0 4 
31 4 0 0 0 0 0 62 68 78 0 0 0 0 0 4 29 45 0 0 0 0 0 0 0 0 0 0 4 22 0 0 105 0 0 0 0 0 0 130 130 55 0 0 0 0 1 46 16 9 0 0 1 43 12 0 0 0 0 1 15 123 2 0 130 9 0 0 0 0 1 46 130 13 0 0 0 60 93 69 3 0 0 0 0 130 130 6 0 0 1 2 7 44 130 36 51 1 0 0 0 0 9 38 23 0 0 0 0 62 130 49 0 0 0 0 0 88 130 3 0 1 3 0 0 8 111 23 
45 50 1 0 0 0 0 3 19 51 55 41 0 0 0 0 0 0 29 121 7 0 0 0 1 4 12 33 11 4 0 0 121 10 0 0 0 0 0 39 121 88 43 28 0 1 1 9 0 5 36 121 79 15 1 0 0 0 0 46 101 24 0 0 121 2 0 0 0 0 5 69 108 18 2 2 0 29 121 119 0 1 2 19 62 121 121 3 0 0 0 6 74 103 18 0 10 0 0 0 0 0 35 56 1 0 0 0 0 22 121 33 0 0 0 0 0 66 121 0 0 0 0 0 0 36 33 0 
40 55 5 0 0 0 0 0 11 69 122 7 0 0 0 0 0 17 122 19 0 0 0 0 0 4 50 42 0 0 0 0 122 31 0 0 0 0 0 8 122 119 92 22 2 2 0 19 2 7 122 114 35 26 0 1 0 0 27 71 41 26 0 0 122 1 0 0 0 0 0 41 122 4 0 1 2 21 66 122 1 0 0 7 28 122 94 12 0 0 0 1 24 122 15 0 39 0 0 0 0 0 1 38 16 0 0 0 0 5 90 88 2 0 0 1 2 38 90 23 0 0 0 2 14 40 11 0 
1 10 5 7 2 0 0 0 1 55 109 23 2 0 0 0 2 61 127 12 0 0 0 0 0 8 73 102 2 0 0 0 39 35 2 0 0 3 16 22 127 127 70 0 0 0 10 46 9 40 127 7 0 0 0 1 0 0 67 127 19 4 0 0 34 23 12 14 29 32 37 37 127 32 4 1 0 5 27 112 30 0 0 0 0 29 62 15 0 0 1 5 23 123 51 0 11 24 15 10 6 0 1 4 76 25 4 0 0 13 70 64 5 0 0 0 1 108 127 13 0 0 0 0 3 85 110 0 
71 93 4 0 0 0 0 11 70 133 19 3 0 0 0 0 1 10 23 113 47 0 0 0 0 0 3 85 117 1 0 0 133 14 0 0 0 0 1 47 133 9 0 0 0 0 9 34 0 0 0 22 65 11 28 0 0 0 1 94 133 9 3 0 105 24 3 0 0 0 1 52 73 0 0 0 12 44 133 133 6 0 0 5 29 84 133 36 4 0 0 15 85 62 74 23 5 6 2 0 0 0 1 10 2 0 1 4 21 25 37 34 19 12 35 32 38 29 45 28 15 7 5 0 2 6 13 25 
5 19 19 19 9 2 0 0 28 23 53 56 32 22 26 19 31 34 42 20 2 0 5 11 0 0 2 11 4 2 1 0 132 68 49 15 1 0 0 15 26 45 141 77 6 0 0 0 12 31 141 120 73 1 0 0 0 0 1 44 92 21 5 0 141 7 1 0 0 0 0 31 67 6 20 1 3 1 0 6 0 0 12 22 141 33 0 0 0 0 0 15 141 42 2 0 114 3 0 0 0 0 2 104 35 0 0 0 2 33 33 76 0 0 0 0 82 141 25 0 0 0 0 16 72 59 6 0 
0 13 15 0 0 0 0 0 0 23 64 0 0 0 0 0 0 10 84 10 0 0 0 0 0 0 20 15 1 0 0 0 25 53 8 0 0 0 0 0 80 141 135 8 0 0 0 0 4 39 141 141 1 0 0 0 0 0 19 141 18 0 0 0 99 14 0 0 0 0 0 13 141 68 4 1 0 0 0 40 29 9 17 130 11 0 0 5 0 0 3 141 79 0 0 0 50 9 0 0 0 0 1 13 141 1 0 0 0 0 1 141 26 0 0 3 3 2 44 51 0 0 0 60 61 9 19 0 
93 15 0 0 0 0 0 12 136 75 0 0 0 0 0 1 12 5 6 40 32 11 0 0 0 0 2 29 125 33 0 0 136 9 0 0 0 0 0 33 136 8 0 0 0 4 9 105 9 0 0 0 57 136 13 6 0 0 0 0 112 136 1 0 28 0 0 0 0 0 6 75 53 0 0 0 0 13 136 136 1 0 0 0 11 136 136 25 0 0 0 0 23 103 6 0 0 0 0 0 0 0 6 18 0 0 0 0 0 0 40 43 0 0 0 0 0 9 61 15 0 0 0 0 1 5 14 2 
2 29 2 0 0 0 0 0 2 88 54 0 0 0 0 0 0 36 121 6 0 0 0 0 0 3 41 24 1 0 0 0 66 92 1 0 0 0 0 0 106 135 135 6 0 0 0 1 1 21 135 99 0 0 0 0 0 0 81 135 8 0 0 0 135 33 0 0 0 0 0 7 135 34 6 0 0 0 0 73 14 1 31 26 0 0 0 10 0 0 31 135 0 0 0 0 90 3 0 0 0 0 0 11 134 0 0 0 0 0 0 135 23 0 0 0 0 0 0 67 0 0 1 5 0 0 0 1 
61 46 3 0 0 0 0 0 138 107 0 0 0 0 0 0 24 13 0 0 0 0 0 0 0 0 0 0 14 25 0 0 126 5 0 0 0 0 0 56 138 17 0 0 0 0 1 57 19 1 0 0 1 55 10 3 0 0 0 0 26 138 8 0 35 0 0 0 0 0 6 109 107 0 0 0 0 8 116 138 5 0 0 0 0 138 138 31 0 0 0 0 1 138 84 0 0 0 0 0 0 0 15 20 0 0 0 0 0 1 81 71 0 0 0 0 0 24 138 15 0 0 0 0 0 23 51 0 
0 9 4 0 0 3 0 0 0 40 45 0 0 0 0 0 0 16 90 5 0 0 0 0 0 4 35 7 1 0 0 0 37 57 3 0 0 0 0 0 104 142 134 12 0 0 0 0 5 33 142 142 1 0 0 0 0 0 33 133 37 1 0 0 100 53 0 0 0 0 0 2 142 62 6 2 0 0 0 57 36 6 27 124 10 0 0 14 0 0 5 142 52 0 0 0 36 14 0 0 0 0 7 15 100 0 0 0 0 0 10 142 43 0 0 3 1 0 0 101 0 0 0 73 12 0 0 1 
63 40 3 0 0 0 0 5 136 66 0 0 0 0 0 1 25 5 0 0 36 18 0 0 0 0 0 1 130 63 0 0 94 21 0 0 0 0 0 51 136 22 0 0 0 5 5 95 20 0 0 0 54 136 10 7 0 0 0 10 134 125 2 0 18 0 0 0 0 0 6 86 68 0 0 0 0 19 136 136 4 0 0 0 5 136 136 27 0 0 0 0 8 109 48 0 0 0 0 0 0 0 9 12 0 0 0 0 0 0 52 29 0 0 0 0 0 16 70 7 0 0 0 0 0 13 20 0 
45 48 1 0 0 0 0 0 14 59 57 8 4 3 0 0 6 3 63 50 5 2 1 10 12 0 1 5 0 0 1 42 124 62 2 0 0 0 0 10 124 124 92 9 0 0 1 18 6 30 124 124 38 30 4 2 0 0 4 93 75 16 11 22 119 3 0 0 0 0 0 60 124 6 0 0 0 8 102 124 5 1 1 15 36 124 124 18 0 0 0 16 90 94 1 0 43 2 0 0 0 0 2 34 11 1 0 0 0 7 83 41 0 0 0 0 3 42 91 2 0 0 0 0 9 25 3 0 
5 4 3 3 0 0 0 1 1 28 72 33 5 0 0 0 1 7 120 66 2 0 0 0 0 0 9 37 18 0 0 0 49 11 3 1 1 1 1 22 125 124 81 4 0 0 1 28 12 29 125 125 26 7 2 0 0 0 16 125 125 9 0 0 49 13 4 6 4 1 2 23 125 24 2 1 1 4 83 101 14 1 2 7 24 125 125 14 0 0 0 15 125 125 20 0 25 0 0 0 0 0 0 24 5 0 0 0 6 12 61 28 0 0 0 0 15 83 100 2 0 0 0 0 11 43 20 0 
12 73 11 0 0 0 0 0 10 128 128 33 0 0 0 0 0 5 95 128 5 0 0 0 0 10 37 20 2 0 0 0 128 79 1 0 0 0 0 20 128 105 44 33 2 3 7 39 0 0 25 128 93 45 19 0 0 4 18 57 51 8 0 0 110 13 0 0 0 2 1 61 79 0 0 0 3 57 109 128 2 2 1 13 47 128 128 8 2 1 0 5 36 38 14 3 16 22 0 0 0 0 0 5 6 1 0 0 2 16 36 32 1 3 2 3 8 43 23 6 1 1 0 0 1 76 11 2 
17 51 20 0 0 0 0 0 4 76 124 6 0 0 0 0 7 21 77 31 2 0 0 0 1 1 1 8 17 0 0 0 124 124 17 0 0 0 0 25 30 113 124 17 8 3 3 19 0 0 98 105 124 55 1 1 4 0 1 14 59 18 2 4 124 5 0 0 0 0 12 124 21 2 0 0 10 33 124 124 0 0 1 23 124 124 71 6 3 2 1 16 51 17 3 5 15 0 0 0 1 1 8 23 8 0 0 0 1 5 84 86 5 0 0 0 4 24 57 20 0 0 0 2 17 4 0 0 
1 8 13 0 0 0 1 2 1 14 60 19 3 3 3 0 1 18 47 22 4 4 6 1 0 1 20 6 0 0 0 0 79 35 2 0 0 0 6 26 97 111 124 61 2 0 0 0 1 24 124 124 68 6 1 0 0 0 5 25 54 16 5 0 124 9 0 0 0 0 2 76 124 21 7 3 3 24 33 105 0 0 10 35 124 124 20 1 0 0 1 4 76 88 11 0 19 0 0 0 0 0 18 56 16 0 0 0 0 28 124 124 0 0 0 0 10 124 122 4 0 0 1 1 8 21 13 0 
13 40 30 0 0 0 0 0 2 20 136 40 0 0 0 0 0 65 128 17 0 0 0 0 0 86 62 0 0 0 0 0 136 39 9 0 0 0 0 25 136 62 136 51 0 0 0 26 2 35 136 94 0 0 0 0 0 33 79 54 0 0 0 0 136 4 0 0 0 0 0 45 136 7 7 1 0 0 0 84 20 1 34 37 0 0 0 6 0 0 27 106 0 0 0 0 113 41 0 0 0 0 0 4 136 35 0 0 0 0 0 48 23 0 0 0 0 0 0 41 0 0 1 9 0 0 0 0 
24 2 0 0 0 0 0 89 82 58 0 0 0 0 0 16 38 42 0 0 0 0 0 0 0 0 0 0 0 9 0 0 80 0 0 0 0 0 1 139 139 30 0 0 0 0 1 67 32 11 0 0 0 26 24 1 0 0 0 0 2 96 27 0 139 9 0 0 0 0 1 29 139 7 0 0 0 37 85 84 9 0 0 0 0 139 139 6 0 0 0 0 0 72 139 12 39 1 0 0 0 0 4 36 23 0 0 0 0 35 132 60 0 0 0 0 0 106 116 0 0 0 0 0 0 28 72 2 
0 20 13 0 0 0 0 0 0 58 72 0 0 0 0 0 0 17 118 15 0 0 0 0 0 0 35 28 0 0 0 0 47 67 3 0 0 0 0 0 114 142 123 5 0 0 0 0 5 35 142 140 0 0 0 0 0 0 102 142 0 0 0 0 131 16 0 0 0 0 0 9 142 44 3 0 0 0 0 38 30 6 29 31 0 0 0 5 0 0 33 142 0 0 0 0 61 0 0 0 0 0 0 26 142 0 0 0 0 0 0 123 41 0 0 0 0 0 0 29 1 0 1 8 0 0 0 0 
109 23 0 0 0 0 0 0 145 61 0 0 0 0 0 0 14 4 0 0 0 1 1 0 0 0 0 0 5 38 0 0 145 1 0 0 0 0 0 41 145 7 0 0 0 1 7 80 10 0 0 0 0 85 32 5 0 0 0 0 14 145 14 0 43 0 0 0 0 0 2 94 83 0 0 0 0 11 136 145 1 0 0 0 0 145 145 21 0 0 0 0 2 145 50 0 1 0 0 0 0 0 5 28 1 0 0 0 0 1 56 64 0 0 0 0 0 22 88 11 0 0 0 0 0 23 15 0 
0 23 5 0 0 0 0 0 0 64 46 0 0 0 0 0 0 22 100 5 0 0 0 0 0 3 35 13 0 0 0 0 56 63 2 0 0 0 0 0 117 139 139 13 0 0 0 1 3 22 139 139 0 0 0 0 0 0 66 139 7 0 0 0 139 26 0 0 0 0 0 2 139 38 8 2 0 0 0 66 25 3 43 72 0 0 0 13 0 0 20 139 7 0 0 0 81 4 0 0 0 0 0 6 139 0 0 0 0 0 0 113 40 0 0 0 0 0 0 60 0 0 0 29 0 0 0 0 
66 38 0 0 0 0 0 0 144 84 0 0 0 0 0 0 30 10 0 0 2 4 0 0 0 0 0 0 35 56 0 0 108 2 0 0 0 0 0 52 144 8 0 0 0 1 3 75 30 1 0 0 8 124 12 6 0 0 0 0 37 144 7 0 26 0 0 0 0 0 5 90 103 0 0 0 0 13 127 144 7 0 0 0 1 144 144 32 0 0 0 0 1 144 60 0 0 0 0 0 0 0 14 15 0 0 0 0 0 1 69 48 0 0 0 0 0 26 95 10 0 0 0 0 0 23 26 0 
22 45 18 0 0 0 0 0 6 90 132 3 0 0 0 0 0 19 132 60 11 0 0 0 0 14 31 25 9 0 0 0 132 50 4 0 0 0 0 29 132 121 107 2 6 42 0 28 0 5 91 62 82 132 0 0 0 8 11 34 46 33 0 0 132 18 0 0 0 0 0 76 103 1 0 0 11 131 85 132 1 3 0 0 28 132 15 1 3 16 2 0 3 13 0 0 20 23 0 0 0 0 0 6 19 10 0 0 0 9 41 34 13 13 0 0 0 12 11 3 4 8 0 0 0 0 0 0 
34 28 7 0 0 0 0 13 13 39 48 36 0 0 0 7 2 0 3 15 0 0 2 15 1 0 0 0 0 0 3 9 133 62 9 0 0 0 0 12 97 68 66 133 0 0 0 3 0 0 18 133 16 1 0 3 0 0 0 11 10 3 11 15 133 4 0 0 0 0 8 86 104 2 4 44 1 25 133 118 0 0 6 133 89 133 105 1 0 0 0 8 38 31 16 11 15 0 0 0 0 0 24 44 3 0 0 0 0 25 133 48 0 0 0 0 0 69 133 21 0 0 0 0 0 6 18 24 
0 1 0 10 12 0 0 0 6 32 55 30 14 0 0 0 0 7 85 107 22 0 0 0 0 0 11 27 3 0 0 0 11 4 0 11 14 0 0 0 139 75 52 10 1 0 0 19 64 27 132 139 32 6 0 7 0 0 14 139 90 13 0 0 9 0 0 4 15 1 0 2 139 0 0 0 1 3 9 64 107 0 0 13 61 139 27 32 0 0 0 19 127 139 0 0 0 0 0 2 13 4 0 1 39 0 0 0 8 22 59 47 11 0 0 0 12 139 85 19 0 0 0 0 6 57 3 0 
11 105 14 0 0 0 0 0 1 126 126 2 0 2 2 0 0 11 126 41 0 3 11 0 0 0 124 81 0 0 4 1 126 126 2 0 1 11 0 1 21 85 28 6 5 91 15 1 4 4 36 39 4 34 73 3 0 0 30 33 0 1 54 32 126 30 0 0 17 23 1 12 63 10 9 6 27 57 10 55 60 13 28 126 55 4 9 64 10 3 13 26 25 3 9 23 119 0 0 0 21 6 1 41 26 0 0 3 62 20 7 45 50 0 0 50 45 6 22 126 12 0 0 40 59 8 7 21 
122 34 0 1 19 3 0 1 15 7 0 3 49 11 0 3 4 92 28 0 13 26 7 2 0 57 44 11 26 40 1 0 125 7 0 12 18 0 0 26 40 40 2 51 46 1 4 7 41 125 23 2 8 125 50 10 0 27 22 5 29 125 13 0 125 0 0 4 2 0 2 125 23 5 16 82 7 2 24 81 5 3 51 47 5 47 51 7 0 12 72 8 4 39 18 0 21 1 0 0 0 0 14 96 1 0 2 5 0 0 125 125 0 0 18 10 0 38 125 15 0 1 10 0 0 96 106 0 
11 43 5 0 0 0 0 1 3 75 112 5 0 0 0 1 0 6 93 51 3 0 0 0 0 0 5 14 11 1 0 0 121 105 3 0 0 0 0 9 79 121 119 36 1 0 0 6 0 2 62 121 90 9 0 0 0 0 0 57 84 4 0 0 121 6 0 0 0 0 1 78 86 8 0 2 1 28 116 121 0 0 0 32 77 121 83 2 0 0 0 15 85 65 2 0 32 0 0 0 0 0 5 38 4 0 0 0 0 10 113 53 0 0 0 0 1 78 75 0 0 0 0 0 6 34 6 0 
8 30 7 0 0 0 0 0 2 57 95 1 0 0 0 0 0 7 106 39 0 0 0 0 0 0 8 35 8 0 0 0 106 39 2 0 0 0 0 1 117 117 109 4 0 0 0 12 2 15 117 117 60 7 0 0 0 0 4 67 117 19 0 0 81 10 0 0 0 0 2 37 117 5 0 0 0 3 63 117 3 0 1 11 78 117 91 30 0 0 0 4 117 103 2 0 2 0 0 0 0 1 11 20 1 0 0 0 0 4 101 66 0 0 0 0 2 81 117 10 0 0 0 0 13 48 10 0 
8 36 13 0 0 0 0 0 4 61 117 15 0 0 0 0 0 3 117 96 2 0 0 0 0 0 10 51 8 0 0 0 107 40 0 0 0 0 0 8 117 117 68 7 0 1 2 18 0 9 79 117 98 31 3 0 0 1 2 77 117 7 0 0 91 0 0 0 0 0 1 62 105 3 0 0 0 18 117 117 0 0 0 3 64 117 117 5 0 0 0 4 102 58 1 0 6 0 0 0 0 0 6 33 3 0 0 0 0 6 104 41 0 0 0 0 1 34 87 8 0 0 0 1 10 18 3 0 
0 20 11 0 0 0 0 0 0 55 67 0 0 0 0 0 0 13 103 16 0 0 0 0 0 0 27 29 0 0 0 0 47 63 3 0 0 0 0 0 116 145 131 8 0 0 0 0 4 29 145 145 0 0 0 0 0 0 83 145 0 0 0 0 127 15 0 0 0 0 0 8 145 45 4 0 0 0 0 39 29 6 35 48 0 0 0 4 0 0 31 145 1 0 0 0 60 0 0 0 0 0 0 22 145 0 0 0 0 0 0 122 41 0 0 0 0 0 0 27 0 0 1 15 0 0 0 0 
104 23 0 0 0 0 0 1 146 54 0 0 0 0 0 1 15 3 0 0 0 2 1 0 0 0 0 0 10 52 0 0 146 2 0 0 0 0 0 35 146 6 0 0 0 2 5 87 12 0 0 0 1 109 26 6 0 0 0 0 26 146 8 0 41 0 0 0 0 0 3 81 88 0 0 0 0 15 127 146 2 0 0 0 0 146 146 24 0 0 0 0 1 146 34 0 0 0 0 0 0 0 8 25 0 0 0 0 0 1 58 57 0 0 0 0 0 22 80 10 0 0 0 0 0 19 12 0 
1 20 11 0 0 0 0 0 0 60 68 0 0 0 0 0 0 16 122 9 0 0 0 0 0 0 52 11 0 0 0 0 56 61 2 0 0 0 0 0 136 136 128 6 0 0 0 1 9 29 136 136 0 0 0 0 0 0 109 136 0 0 0 0 123 28 0 0 0 0 0 1 136 29 3 0 0 0 0 62 42 4 29 41 0 0 0 19 0 0 42 136 0 0 0 0 72 4 0 0 0 0 0 5 136 0 0 0 0 0 0 99 53 0 0 0 0 0 0 67 0 0 1 9 0 0 0 1 
88 11 0 0 0 0 0 7 142 55 0 0 0 0 0 1 23 7 0 0 1 5 0 0 0 0 0 0 13 56 0 0 133 0 0 0 0 0 0 54 142 15 0 0 0 3 6 58 16 1 0 0 2 129 24 3 0 0 0 0 14 142 11 0 45 0 0 0 0 0 3 88 99 0 0 0 0 23 131 142 2 0 0 0 0 142 142 17 0 0 0 0 0 136 68 0 0 0 0 0 0 0 7 24 0 0 0 0 0 1 60 62 0 0 0 0 0 20 102 6 0 0 0 0 0 21 36 0 
5 39 7 1 0 0 0 0 1 113 124 7 0 0 0 0 3 13 124 67 0 0 0 1 4 4 54 71 0 0 0 2 117 124 1 1 1 1 0 0 46 124 56 4 4 42 14 0 0 9 96 52 4 17 75 7 0 0 48 124 1 1 24 26 124 34 0 0 8 8 0 14 99 17 10 14 20 63 5 40 33 2 18 117 46 6 18 36 16 5 22 26 11 1 14 38 124 0 0 0 8 2 0 46 62 0 0 3 59 18 4 65 49 0 1 53 66 8 24 107 52 1 6 26 34 4 4 35 
121 42 0 3 8 1 0 0 31 16 0 8 28 17 8 9 13 121 12 2 15 65 7 4 1 37 17 7 68 53 0 0 121 14 0 9 5 1 1 60 53 24 7 64 30 1 1 17 42 103 15 9 22 120 24 6 0 42 38 9 31 93 0 0 116 0 0 1 0 1 3 121 30 2 21 33 6 2 67 121 3 8 58 16 1 87 110 8 0 16 25 1 2 121 48 0 10 3 0 0 0 0 4 48 3 0 0 0 0 4 121 100 0 2 0 0 0 72 121 7 0 7 6 0 0 57 30 0 
10 0 0 0 0 5 13 10 24 0 0 0 0 2 80 47 16 0 0 0 14 47 79 42 89 0 0 0 2 5 4 32 0 0 0 1 49 75 27 2 0 1 1 3 27 77 130 18 100 9 0 0 0 7 130 130 130 3 0 0 0 0 1 42 0 0 9 59 93 13 0 0 0 34 130 65 52 19 16 3 124 130 99 0 0 0 7 30 130 35 1 0 0 0 0 14 1 4 20 24 4 0 0 0 6 43 121 13 0 0 0 0 10 77 83 0 0 0 0 0 66 22 3 0 0 0 0 1 
23 40 3 0 0 0 0 0 9 61 58 4 0 3 2 1 0 10 96 58 3 7 2 1 5 0 8 21 0 0 0 14 101 52 3 0 0 0 0 13 122 122 71 0 0 0 0 20 24 73 122 122 10 9 6 2 0 0 22 122 66 15 2 4 95 0 0 0 0 0 0 49 122 11 0 0 0 0 57 122 25 6 1 8 10 122 122 39 0 0 0 31 83 122 20 0 35 1 0 0 0 0 1 30 12 0 0 0 0 3 77 60 0 0 0 0 0 38 122 14 0 0 0 0 9 51 12 0 
9 28 2 0 0 0 0 3 2 68 82 2 0 0 0 3 0 10 95 33 1 0 0 0 0 0 8 15 7 1 0 0 108 93 2 0 0 0 0 5 79 121 121 22 0 0 0 4 0 9 98 121 61 2 0 0 0 0 1 70 83 2 0 0 121 9 0 0 0 0 0 57 121 22 1 2 0 12 83 121 0 0 1 45 78 121 87 5 0 0 0 24 104 69 2 0 39 0 0 0 0 0 2 34 10 0 0 0 0 8 108 74 0 0 0 0 1 87 98 2 0 0 0 0 8 46 7 0 
15 36 8 0 0 0 0 0 5 65 117 2 0 0 0 0 0 5 115 59 1 0 0 0 0 0 7 37 12 0 0 0 117 37 2 0 0 0 0 3 117 102 93 5 0 0 0 22 3 7 104 117 88 20 0 1 0 0 2 50 117 29 0 0 67 7 0 0 0 0 5 52 100 0 0 0 0 7 96 117 2 0 0 4 72 117 117 25 0 0 0 1 110 102 3 0 0 0 0 0 0 1 12 15 0 0 0 1 3 4 93 43 0 0 0 0 2 65 107 5 0 0 0 0 9 34 8 0 
6 36 21 0 0 0 0 0 1 43 116 23 0 0 0 0 0 1 116 92 3 0 0 0 0 0 7 36 5 0 0 0 113 60 1 0 0 0 0 7 99 116 100 20 0 1 2 8 0 3 73 116 116 23 2 0 0 1 3 64 100 3 0 0 113 2 0 0 0 0 2 70 94 4 0 0 0 30 116 114 0 0 0 7 99 116 93 0 0 0 1 5 95 37 0 0 8 0 0 0 0 0 10 42 2 0 0 0 0 8 116 37 0 0 0 0 4 47 76 6 0 0 0 1 12 15 1 0 
10 49 15 0 0 0 0 0 1 37 136 18 0 0 0 0 0 12 136 34 0 0 0 0 0 78 58 0 0 0 0 0 136 56 3 0 0 0 0 6 129 126 136 22 0 0 0 6 2 14 136 93 0 0 0 0 0 42 136 37 0 0 0 0 136 1 0 0 0 0 0 46 136 10 4 0 0 0 0 88 25 4 37 16 0 0 0 6 0 0 40 49 0 0 0 0 99 3 0 0 0 0 0 18 136 6 0 0 0 0 0 48 42 0 0 0 0 0 0 16 0 0 1 1 0 0 0 0 
28 0 0 0 0 0 1 110 131 27 0 0 0 0 0 34 29 15 0 0 0 0 0 0 0 0 0 0 0 2 1 0 131 2 0 0 0 0 0 63 131 18 0 0 0 0 2 33 28 3 0 0 0 22 29 4 0 0 0 0 0 57 64 0 131 3 0 0 0 0 0 30 131 5 0 0 0 13 102 128 4 0 0 0 0 131 131 11 0 0 0 0 0 119 131 0 21 0 0 0 0 0 6 45 6 0 0 0 0 10 127 61 0 0 0 0 0 75 128 0 0 0 0 0 0 42 49 0 
1 0 0 0 1 18 49 12 3 0 0 0 0 5 126 38 12 0 0 0 7 32 100 52 84 0 0 0 0 2 1 27 0 0 0 3 84 81 41 0 3 3 2 3 17 37 126 18 126 11 1 0 0 0 90 126 126 5 0 0 0 0 0 33 0 0 23 76 97 6 0 0 2 45 126 37 18 3 5 2 126 126 78 0 0 0 0 15 126 31 0 0 0 0 0 10 0 7 43 31 3 0 0 0 2 44 126 5 0 0 0 0 7 77 85 0 0 0 0 0 54 22 3 0 0 0 0 1 
0 0 2 5 18 12 0 0 0 0 0 0 23 71 59 9 30 1 0 0 0 5 54 91 20 12 12 0 0 0 0 7 0 2 15 40 53 3 0 0 3 0 0 69 132 66 31 10 132 2 0 4 16 13 33 132 132 40 13 0 0 0 0 20 0 11 17 38 30 0 0 0 1 1 19 132 132 0 0 0 132 98 60 56 23 0 0 25 132 42 5 0 0 0 10 61 0 4 13 14 5 0 0 0 0 6 95 102 23 0 0 0 6 87 132 26 1 0 0 0 11 55 56 0 0 0 1 11 
8 0 0 0 0 12 21 8 16 0 0 0 0 10 127 40 10 0 0 0 5 35 138 52 40 0 0 0 3 23 21 36 0 0 0 9 62 82 24 1 0 2 21 19 38 102 138 5 51 40 27 0 0 7 138 105 138 22 1 0 0 1 12 76 0 1 28 75 50 5 0 0 0 43 138 70 27 7 2 0 21 138 138 0 0 0 2 4 125 102 29 0 0 0 0 4 5 6 14 6 0 0 0 0 18 30 52 1 0 0 0 3 13 33 46 0 0 0 0 7 19 20 9 0 0 0 0 1 
0 0 4 31 36 23 22 0 0 0 0 2 25 71 136 24 28 0 0 0 0 4 136 109 12 0 0 0 0 0 25 32 0 0 2 16 134 79 21 1 26 0 0 1 136 136 43 26 136 2 0 0 2 8 28 117 70 0 0 0 0 3 9 27 0 0 0 10 113 48 14 1 23 26 41 88 136 21 0 1 136 82 22 4 2 0 0 16 54 0 0 0 0 3 18 22 0 0 0 17 23 5 3 0 0 15 64 72 17 0 0 0 32 76 38 2 0 0 0 3 11 3 0 0 0 0 7 8 
1 7 5 0 0 0 0 0 4 12 24 12 14 8 8 0 10 31 27 9 8 7 11 1 0 4 9 6 4 1 0 0 48 23 1 0 0 0 7 5 82 118 136 34 9 1 0 1 6 59 136 97 43 1 0 0 0 2 13 48 88 8 0 0 121 8 0 0 0 0 10 47 136 40 27 2 0 0 0 38 7 2 53 43 136 40 0 1 0 0 0 20 136 63 0 0 64 1 0 0 0 0 5 49 133 0 0 0 0 8 40 136 4 0 0 0 70 136 51 24 0 0 0 0 71 79 1 0 
8 7 6 2 0 0 0 2 11 64 94 11 0 0 0 0 0 27 136 46 0 0 0 0 0 0 86 93 2 0 0 0 34 9 4 4 5 3 7 33 136 87 41 0 0 0 5 63 52 37 136 23 0 4 15 4 0 0 68 136 70 46 10 0 19 14 15 11 7 3 4 16 136 23 8 2 0 3 78 122 27 0 0 0 0 79 136 38 0 0 0 0 30 136 121 0 8 0 0 0 0 0 1 10 2 0 0 0 4 5 45 20 0 0 0 0 14 44 97 3 0 0 0 0 12 52 36 0 
99 112 7 0 0 0 0 0 42 96 99 96 13 0 0 0 0 0 19 131 77 0 0 0 0 1 27 35 10 0 0 0 131 20 0 0 0 0 0 45 113 7 0 17 20 12 37 37 0 0 0 131 131 49 22 0 0 1 15 38 62 3 0 0 100 11 0 0 0 0 7 95 36 0 0 0 7 94 131 104 6 1 1 6 63 131 131 23 0 0 1 5 35 20 2 1 8 5 0 0 0 0 3 12 3 0 3 1 9 37 35 18 13 10 10 2 9 19 13 14 1 0 0 0 1 17 6 1 
5 8 2 0 0 0 0 1 2 16 56 7 0 0 0 0 0 0 57 23 0 0 0 0 2 3 19 2 0 0 0 0 68 13 0 0 0 0 0 5 135 135 135 10 0 0 0 1 3 19 135 127 4 2 0 0 0 1 91 127 19 2 0 0 85 5 0 0 0 0 0 14 135 33 9 0 0 6 3 77 24 10 39 27 13 135 5 10 0 0 7 60 59 120 0 0 23 17 2 0 0 0 0 2 111 5 0 0 0 10 23 134 5 0 0 0 0 135 39 36 0 0 0 0 3 65 2 0 
40 5 0 0 0 0 1 14 103 117 44 18 0 0 0 2 1 14 94 120 0 0 0 0 0 0 25 58 4 0 0 0 103 4 0 0 0 0 1 12 136 40 12 6 0 0 5 63 19 8 60 98 11 46 37 14 0 0 23 79 74 113 12 0 60 3 0 0 0 0 0 16 136 0 0 0 0 16 117 136 5 0 0 0 3 136 136 27 0 0 0 0 9 136 76 6 5 0 0 0 0 0 3 9 3 0 0 0 0 14 59 21 0 0 0 0 0 36 54 0 0 0 0 0 0 4 11 6 
9 27 2 0 0 0 0 4 2 68 79 1 0 0 0 3 0 11 96 32 1 0 0 0 0 0 8 15 8 1 0 0 105 95 2 0 0 0 0 5 76 121 121 21 0 0 0 4 0 9 101 121 58 3 0 0 0 0 1 73 82 2 0 0 121 9 0 0 0 0 0 58 121 23 1 2 0 13 84 121 0 0 1 45 73 121 87 4 0 0 0 23 101 73 2 0 39 0 0 0 0 0 2 34 9 0 0 0 0 8 110 73 0 0 0 0 0 88 97 2 0 0 0 0 7 46 7 0 
14 36 9 0 0 0 0 0 4 63 117 2 0 0 0 0 0 5 116 57 0 0 0 0 0 0 7 37 11 0 0 0 117 37 2 0 0 0 0 3 117 102 96 5 0 0 0 22 3 7 108 117 85 20 0 1 0 0 2 52 117 29 0 0 66 7 0 0 0 0 5 53 97 0 0 0 0 7 99 117 2 0 0 4 69 117 117 25 0 0 0 1 109 104 4 0 0 0 0 0 0 1 12 15 0 0 0 1 3 4 92 42 0 0 0 0 2 63 108 4 0 0 0 0 9 34 9 0 
6 36 20 0 0 0 0 0 2 44 116 23 0 0 0 0 0 1 115 95 3 0 0 0 0 0 7 36 6 0 0 0 114 58 1 0 0 0 0 7 103 116 96 21 1 1 2 8 0 3 70 116 116 23 1 0 0 1 3 62 100 3 0 0 113 2 0 0 0 0 2 69 96 4 0 0 0 30 116 116 0 0 0 7 102 116 89 0 0 0 1 5 95 36 0 0 8 0 0 0 0 0 10 42 2 0 0 0 0 9 116 38 0 0 0 0 4 48 76 6 0 0 0 1 12 15 1 0 
66 52 0 0 0 0 0 0 59 117 67 8 0 0 0 0 6 29 74 107 7 6 3 2 22 79 32 11 3 11 13 8 117 40 0 0 0 0 0 15 117 112 19 4 0 4 8 74 17 18 40 106 98 99 16 12 22 22 27 24 42 28 70 26 117 0 0 0 0 0 0 59 90 0 0 0 0 19 101 117 38 13 6 4 14 117 117 53 27 26 69 23 19 26 31 17 40 0 0 0 0 0 0 45 38 0 0 1 4 3 9 106 10 5 6 4 6 2 20 45 14 18 2 0 1 12 42 27 
0 20 12 0 0 0 0 0 0 47 76 1 0 0 0 0 0 9 101 19 0 0 0 0 0 0 23 29 0 0 0 0 49 58 3 0 0 0 0 0 124 145 132 10 0 0 0 0 6 26 145 145 0 0 0 0 0 0 69 145 0 0 0 0 126 12 0 0 0 0 0 9 145 40 4 0 0 0 0 39 35 6 33 61 0 0 0 5 0 0 25 145 3 0 0 0 58 0 0 0 0 0 0 25 145 0 0 0 0 0 0 118 46 0 0 0 0 0 0 28 0 0 1 22 1 0 0 0 
105 20 0 0 0 0 0 1 144 49 0 0 0 0 0 1 14 2 0 0 1 4 1 0 0 0 0 0 16 67 0 0 144 1 0 0 0 0 0 33 144 5 0 0 0 3 6 80 11 0 0 0 3 134 22 5 0 0 0 0 37 144 4 0 44 0 0 0 0 0 1 78 91 0 0 0 0 18 121 144 2 0 0 0 0 144 144 20 0 0 0 0 3 144 23 0 0 0 0 0 0 0 6 27 1 0 0 0 0 1 56 59 0 0 0 0 0 25 74 9 0 0 0 0 0 20 9 0 
0 0 0 0 1 19 94 16 2 0 0 0 1 9 129 55 35 0 0 0 5 28 54 61 104 0 0 0 0 0 0 25 0 0 3 12 71 60 72 2 17 18 12 3 1 6 129 58 129 20 1 0 0 0 32 129 129 4 0 0 0 0 0 19 0 3 98 78 44 1 0 0 6 82 129 9 1 0 1 2 129 129 65 0 0 0 0 11 129 12 0 0 0 0 0 11 2 14 58 10 0 0 0 0 5 38 111 0 0 0 0 0 14 49 52 0 0 0 0 0 67 8 0 0 0 0 0 2 
4 30 5 0 0 0 0 0 3 125 113 5 0 0 0 0 0 36 125 36 0 1 2 0 4 2 114 79 0 0 0 0 110 104 1 1 2 0 0 0 70 125 36 1 4 50 9 1 5 20 76 39 6 36 57 4 0 0 51 75 1 3 47 22 125 28 0 0 7 6 0 15 117 23 2 0 33 69 10 36 63 8 14 115 41 10 8 78 14 4 12 35 32 3 11 26 125 0 0 0 5 3 0 51 63 0 0 7 66 20 3 47 46 0 0 24 41 10 29 125 27 2 2 21 49 11 14 21 
18 22 1 0 0 19 23 1 1 5 10 1 0 20 104 19 8 2 23 21 0 0 79 79 6 4 33 64 0 0 9 51 27 3 0 1 11 43 13 5 10 0 0 11 35 36 33 5 114 114 4 1 4 7 28 43 35 110 72 30 42 38 7 27 25 17 12 0 1 10 8 19 9 64 114 39 17 2 2 0 114 46 112 65 3 1 21 105 35 18 5 9 40 114 71 59 89 36 4 0 0 0 0 22 86 114 90 14 0 0 0 8 9 22 114 114 37 3 8 16 1 1 19 74 50 19 26 9 
41 35 6 0 18 30 7 25 28 30 111 60 29 27 54 75 45 40 35 82 80 66 13 2 55 120 43 9 4 2 3 6 34 12 0 0 88 56 19 20 4 3 4 2 31 92 120 93 120 31 2 0 20 120 87 48 120 24 4 2 3 12 37 68 21 0 0 28 120 7 0 7 0 16 34 38 43 9 15 0 64 28 17 3 3 1 11 66 34 0 0 0 0 25 120 120 5 0 0 32 39 1 11 27 0 4 19 49 9 4 14 2 2 1 9 31 6 29 18 3 2 0 0 0 0 71 36 9 
0 0 0 1 6 31 12 1 0 0 0 1 4 23 71 16 15 18 2 0 0 1 50 77 12 22 27 4 0 0 10 57 0 0 0 5 16 19 15 2 21 1 0 15 53 16 8 4 123 123 21 1 4 4 8 46 44 123 68 26 39 59 9 19 2 34 24 1 1 2 4 1 13 41 123 65 20 0 0 0 123 14 87 66 2 0 12 123 35 6 1 3 32 111 75 84 61 86 11 0 0 0 0 1 37 99 123 30 0 0 0 1 12 20 123 123 29 5 6 17 0 0 10 70 49 20 39 15 
40 13 10 0 11 28 11 56 27 15 72 87 12 36 42 119 14 15 32 74 92 89 14 0 38 119 50 8 16 4 0 2 2 0 0 0 53 61 22 45 6 2 2 3 6 90 119 119 119 51 1 0 13 119 106 8 119 90 9 2 2 8 15 36 0 0 2 22 86 14 2 0 0 22 43 17 9 9 31 0 119 45 17 0 0 2 10 53 99 6 0 0 0 3 69 119 0 0 4 32 17 1 1 0 0 12 19 24 9 0 0 0 7 1 3 5 8 1 1 16 6 0 0 0 0 2 42 48 
0 18 9 0 0 0 0 0 0 48 53 0 0 0 0 0 0 9 78 19 0 0 0 0 0 0 16 30 0 0 0 0 41 51 2 0 0 0 0 0 108 150 128 11 0 0 0 0 5 27 150 150 0 0 0 0 0 0 48 150 1 0 0 0 106 10 0 0 0 0 0 7 150 50 11 2 0 0 0 38 41 11 58 106 0 0 0 5 0 0 26 150 6 0 0 0 52 0 0 0 0 0 0 16 150 0 0 0 0 0 0 112 55 0 0 1 0 0 0 33 0 0 1 44 1 0 0 0 
91 21 0 0 0 0 0 0 146 42 0 0 0 0 0 2 24 3 0 0 2 7 0 0 0 0 0 0 33 87 0 0 130 3 0 0 0 0 0 24 146 3 0 0 0 3 7 103 26 0 0 0 7 146 25 15 0 0 0 0 44 146 3 0 37 0 0 0 0 0 3 60 81 0 0 0 0 14 117 146 4 0 0 0 0 146 146 29 0 0 0 0 4 146 14 0 0 0 0 0 0 0 10 20 0 0 0 0 0 1 54 41 0 0 0 0 0 19 65 7 0 0 0 0 0 14 11 0 
55 39 0 0 3 6 4 2 88 100 4 4 1 0 1 2 81 64 12 17 24 17 34 51 25 9 23 42 34 33 29 13 133 14 2 1 1 1 2 46 133 55 37 37 0 0 2 80 78 45 21 30 81 30 20 46 59 20 20 14 44 41 20 24 48 6 37 40 6 0 0 51 65 2 20 18 3 2 76 133 2 12 29 7 1 70 133 68 6 9 4 0 3 133 132 5 5 13 10 45 59 0 0 1 1 0 0 9 39 9 44 48 1 1 0 0 9 44 133 19 1 0 0 0 0 34 49 1 
0 2 1 3 1 6 78 18 0 32 47 8 18 53 40 2 0 20 126 15 6 10 1 0 10 3 32 22 0 0 1 4 51 57 2 0 0 0 10 19 47 130 93 2 14 17 4 0 0 51 130 60 41 31 1 0 1 1 55 130 4 3 4 1 130 35 0 1 0 0 1 19 130 79 9 8 32 22 7 20 27 21 84 61 42 15 62 42 7 22 64 100 27 4 10 5 103 1 0 0 0 0 0 46 130 14 15 12 10 1 5 122 15 11 68 52 15 21 57 30 41 39 41 15 6 10 18 51 
0 10 4 0 1 19 1 0 7 28 2 0 0 18 25 6 97 26 12 12 0 6 28 115 11 5 12 52 35 40 31 54 0 6 59 72 13 16 3 0 10 1 15 42 18 51 28 11 115 1 0 0 3 10 26 89 11 1 1 1 6 81 66 29 6 1 65 115 56 28 11 34 6 17 31 97 115 26 0 1 51 94 94 4 9 8 6 38 2 71 115 16 8 21 13 8 2 0 0 0 20 91 78 23 97 82 5 1 53 96 20 4 84 115 115 30 13 6 5 19 0 39 56 24 15 4 1 0 
21 79 27 21 25 71 46 10 0 0 7 53 83 47 28 1 102 25 11 30 33 6 4 29 83 32 6 1 0 0 1 26 12 3 0 3 22 78 102 31 1 0 2 9 24 58 116 5 103 4 6 10 11 27 72 66 116 44 16 11 3 9 29 116 7 0 0 15 28 2 2 20 12 53 33 39 34 5 9 0 33 65 116 49 1 1 6 23 30 0 23 58 17 8 102 116 9 1 1 17 3 0 0 7 55 116 23 9 2 1 2 3 24 116 81 61 25 36 8 0 0 0 8 84 102 10 7 1 
63 38 0 0 0 0 0 2 28 64 20 1 2 1 2 0 5 12 65 31 13 3 3 5 10 0 6 10 0 0 0 29 123 44 0 0 0 0 0 4 123 123 45 0 0 0 0 18 33 89 123 123 11 6 2 3 0 0 28 123 65 11 4 11 106 14 0 0 0 0 0 37 123 8 0 0 0 0 25 123 52 9 4 11 13 114 123 73 0 0 1 33 97 123 15 0 31 1 1 0 0 0 0 25 38 3 0 0 1 2 38 68 0 0 0 0 0 29 123 19 0 0 0 0 10 42 19 0 
0 0 0 0 2 63 23 0 68 8 0 0 1 31 62 45 134 45 28 29 39 7 32 62 2 1 9 78 110 19 13 5 0 0 4 11 37 51 2 0 38 2 7 36 18 13 19 93 51 16 11 5 4 12 134 134 1 23 44 27 54 100 96 21 0 0 8 20 25 13 0 0 15 22 27 41 5 5 1 3 40 134 102 7 0 0 21 29 16 134 134 45 2 6 18 15 0 1 0 4 21 10 5 2 67 24 0 0 0 2 1 7 134 97 3 0 0 0 1 75 15 20 4 2 1 3 9 28 
46 25 15 4 3 13 20 84 10 15 73 84 34 59 57 91 35 31 28 50 113 87 12 1 49 124 58 6 7 3 1 4 0 0 0 2 46 49 43 62 0 4 5 2 7 110 124 93 124 59 1 0 13 124 65 23 124 61 6 2 2 7 23 44 0 1 4 31 72 10 2 0 0 27 47 13 6 5 22 0 115 35 13 0 1 1 6 77 64 2 0 0 0 5 91 124 0 1 5 37 10 1 1 0 0 13 18 28 9 0 0 0 5 1 3 9 8 1 2 14 3 0 0 0 0 3 39 39 
0 0 0 0 2 29 22 0 0 0 0 0 2 38 55 3 4 0 0 0 0 2 55 36 11 6 1 0 0 0 4 13 0 0 0 10 56 75 7 0 0 0 0 1 29 119 119 4 77 0 0 0 0 13 119 119 117 19 1 0 0 0 1 43 0 0 2 92 119 9 0 0 3 3 15 114 111 33 12 2 119 75 26 11 1 3 8 47 119 38 1 0 0 0 3 37 0 0 9 76 28 0 0 0 0 23 119 119 19 0 0 0 9 119 119 7 0 0 0 0 19 66 50 0 0 0 1 4 
0 0 0 0 5 15 7 2 3 0 0 0 3 35 98 24 3 0 0 0 1 11 127 52 32 0 0 0 3 15 37 36 0 0 0 3 46 36 3 0 0 0 0 4 127 126 79 0 26 6 1 1 9 24 127 66 127 6 0 0 0 0 23 119 0 0 1 33 74 3 0 0 0 1 39 107 127 8 1 0 21 90 126 24 13 2 5 7 127 100 17 0 0 0 0 18 0 0 2 21 19 0 0 0 0 13 86 66 11 0 0 0 0 72 127 5 0 0 0 0 26 76 37 0 0 0 0 0 
0 0 0 21 47 37 13 0 0 0 0 0 35 106 124 11 10 0 0 0 0 13 124 104 29 0 0 0 0 0 48 87 0 0 0 3 124 84 6 0 0 1 8 26 124 105 19 4 120 22 11 3 8 13 29 73 124 7 0 0 0 0 1 52 0 0 2 41 71 22 3 0 0 1 123 124 62 4 0 0 46 96 124 22 1 0 0 0 117 61 9 0 0 0 0 9 0 0 1 17 6 2 0 0 1 3 48 34 2 0 0 0 0 27 87 6 0 0 0 0 6 22 11 0 0 0 0 1 
123 28 0 0 0 0 0 1 139 56 0 0 0 0 0 1 25 8 0 0 6 15 3 1 26 26 0 0 5 8 10 26 139 3 0 0 0 0 0 43 139 6 0 0 0 0 1 73 24 0 8 5 21 24 8 18 0 0 1 1 8 139 21 16 63 0 0 0 0 0 6 108 69 0 0 0 0 2 115 139 11 0 5 3 4 139 139 66 17 12 10 4 8 139 63 10 2 0 0 0 0 1 7 14 14 6 13 2 5 5 92 56 31 16 1 0 4 37 101 24 14 50 15 0 3 16 9 8 
11 13 13 11 15 3 6 2 3 90 72 0 1 0 0 0 2 20 135 29 0 0 0 0 0 3 46 33 0 0 0 0 65 78 28 21 8 4 8 4 78 135 120 1 0 0 0 0 0 23 135 82 0 0 0 0 0 0 117 135 0 0 0 0 135 26 18 15 18 0 3 39 135 85 18 1 3 8 2 64 5 7 48 24 2 7 5 22 2 0 39 112 0 0 0 3 53 6 32 28 24 11 1 37 135 6 2 1 4 4 2 135 17 21 19 8 1 1 3 13 5 1 4 13 1 0 3 14 
0 0 17 48 6 12 16 0 13 0 0 7 3 20 47 18 119 2 0 0 0 0 15 105 26 1 1 13 20 12 54 79 0 0 29 119 93 16 4 2 27 1 5 58 95 13 3 12 119 12 6 4 4 4 5 73 10 2 0 1 5 25 73 43 1 0 0 7 91 97 71 8 19 40 59 14 82 36 2 1 50 45 119 15 8 10 15 60 0 7 94 25 14 22 37 12 19 8 0 0 2 23 71 14 119 119 59 5 2 6 4 17 27 70 119 88 16 3 2 17 0 5 109 39 6 0 0 0 
0 7 12 34 40 23 0 0 4 4 17 51 76 14 1 2 115 13 15 8 13 6 1 62 60 52 10 3 2 2 0 23 0 5 2 5 36 115 67 0 9 4 10 5 21 115 103 4 115 13 7 4 17 55 35 113 115 48 2 2 6 38 115 115 0 0 1 20 46 45 29 1 7 61 42 7 4 34 29 0 21 38 115 20 0 3 18 27 8 0 17 30 16 15 115 64 4 6 4 23 23 0 0 0 77 115 38 7 3 0 0 0 9 55 115 46 22 6 0 0 0 0 14 67 97 3 0 0 
105 33 0 2 4 0 0 2 93 80 9 8 15 2 0 2 66 57 27 18 79 16 12 10 48 22 26 24 35 6 12 9 126 15 0 12 3 0 0 56 126 31 19 69 9 2 17 55 79 18 15 20 101 35 54 29 63 23 8 9 32 31 19 30 89 2 6 24 4 0 1 97 60 2 25 41 2 1 65 126 4 24 47 17 1 53 126 21 11 21 4 0 1 126 81 2 3 0 2 24 40 1 1 13 4 0 0 0 6 10 87 94 0 1 0 0 3 54 126 15 1 0 0 0 0 61 59 1 
0 15 6 1 0 3 27 5 0 76 96 2 2 21 17 2 0 29 123 19 3 6 1 0 0 1 77 45 0 0 0 0 98 101 5 0 0 0 6 15 49 123 74 2 15 43 0 1 8 35 123 46 12 65 7 0 0 0 76 102 3 9 23 2 123 27 1 0 0 0 0 34 123 24 4 16 49 23 1 26 34 26 84 36 12 11 74 74 3 5 39 113 26 12 44 20 93 2 0 0 0 0 0 69 94 6 17 26 9 0 1 123 4 15 95 37 11 6 45 32 20 12 32 33 17 8 29 20 
1 26 7 0 0 0 0 0 0 67 48 0 0 0 0 0 0 10 101 6 0 0 0 0 0 0 44 12 0 0 0 0 60 57 2 0 0 0 0 0 113 139 135 4 0 0 0 0 5 26 139 128 0 0 0 0 0 0 109 114 0 0 0 0 133 12 0 0 0 0 0 3 139 41 12 1 0 0 0 54 51 12 67 74 0 0 0 13 0 0 72 139 0 0 0 0 71 2 0 0 0 0 0 7 139 0 0 0 0 0 0 96 69 0 0 0 0 0 0 55 0 0 5 16 0 0 0 0 
76 2 0 0 0 0 0 10 147 40 0 0 0 0 0 2 58 13 0 0 0 4 0 0 0 0 0 0 3 56 0 0 105 0 0 0 0 0 0 43 147 13 0 0 0 1 7 76 49 3 0 0 0 125 47 16 0 0 0 0 1 147 29 0 38 0 0 0 0 0 5 72 95 0 0 0 0 11 117 147 6 0 0 0 0 147 147 33 0 0 0 0 0 147 73 0 0 0 0 0 0 0 14 25 0 0 0 0 0 1 67 52 0 0 0 0 0 29 92 5 0 0 0 0 0 24 29 0 
138 25 0 0 0 0 0 1 138 37 0 0 0 0 0 0 14 4 0 1 7 11 5 1 41 5 0 0 0 0 4 35 138 3 0 0 0 0 0 37 138 5 0 1 1 3 1 36 14 3 5 12 13 21 9 5 17 3 1 1 0 93 30 26 94 0 0 0 0 0 5 131 81 0 1 0 0 3 108 138 9 1 6 8 5 138 138 33 1 2 7 9 3 138 81 1 2 2 4 3 1 0 7 24 27 15 0 1 2 6 91 79 23 12 0 0 5 55 109 10 25 23 35 27 15 20 10 3 
3 18 8 27 4 2 7 1 3 112 104 3 1 0 0 0 0 18 133 41 0 0 0 0 0 1 65 51 0 0 0 0 78 78 12 22 0 0 3 12 87 133 119 10 0 1 0 3 0 14 133 89 0 0 0 0 0 0 127 133 0 0 0 0 133 16 11 27 20 12 7 33 133 38 9 6 2 11 7 50 12 2 27 19 2 6 8 27 2 0 33 70 1 0 1 7 83 3 3 2 8 15 20 55 133 10 10 2 1 0 0 119 9 15 42 4 0 0 0 4 5 2 7 5 0 0 0 5 
88 23 0 0 0 0 0 1 139 67 0 35 22 0 0 0 0 3 15 62 25 0 0 0 0 9 17 2 0 0 1 1 139 8 0 0 0 0 0 18 139 13 6 26 3 0 0 68 4 2 89 90 3 0 0 6 0 18 118 11 0 1 2 0 75 1 0 0 0 0 0 36 139 0 0 0 0 0 38 139 3 1 14 2 0 8 139 91 0 2 17 1 0 78 139 0 14 4 0 0 0 0 0 8 9 0 0 0 0 1 60 76 0 0 0 0 0 16 139 28 0 0 0 0 0 39 118 1 
0 8 15 3 0 0 0 0 0 42 70 0 0 0 0 0 0 28 138 5 0 0 0 0 0 1 113 21 0 0 0 0 55 76 9 0 0 0 0 1 40 138 122 0 0 0 0 0 0 87 138 6 8 33 2 0 0 0 138 47 1 45 25 0 138 22 0 0 0 0 0 24 138 86 2 1 11 1 0 19 2 7 3 2 106 74 1 0 0 0 0 4 24 57 16 0 93 1 0 0 0 0 0 42 138 0 0 1 10 0 0 109 6 0 0 27 112 4 0 4 2 1 1 11 21 1 0 0 
6 1 3 6 20 14 37 47 7 0 2 10 45 59 71 39 63 0 0 0 3 10 51 120 54 3 0 0 0 0 0 33 0 0 1 117 87 8 46 16 2 3 8 46 16 81 129 18 129 45 3 1 0 17 51 123 129 23 0 0 0 0 0 40 2 1 23 129 21 0 0 1 1 32 129 129 7 4 4 0 97 129 119 8 0 0 1 5 72 81 4 0 1 1 2 2 10 3 5 2 0 0 0 3 10 16 64 16 0 3 1 2 24 41 38 1 0 1 1 6 16 12 1 0 1 6 11 4 
4 2 1 0 3 21 17 9 16 4 4 8 17 23 35 52 26 10 0 0 2 10 54 100 14 5 4 6 4 0 1 16 2 1 0 38 89 29 48 30 3 0 1 14 32 93 128 55 128 6 0 0 3 21 71 128 127 13 3 1 0 0 0 35 3 3 16 128 57 2 6 1 3 30 128 128 19 13 46 3 128 128 78 4 0 2 10 31 98 64 1 0 0 1 0 10 13 5 9 11 0 0 0 2 9 24 115 40 0 2 3 2 33 88 60 2 0 1 2 6 12 20 5 0 2 4 4 5 
13 2 0 0 31 47 18 25 18 7 9 7 16 32 43 47 27 0 0 2 13 37 38 111 28 0 0 0 0 0 2 40 2 0 0 55 114 17 21 34 2 0 0 9 16 84 114 93 114 9 0 0 3 99 44 101 114 5 0 0 0 0 2 53 1 0 7 114 80 8 35 11 1 6 114 114 26 12 25 14 114 114 72 12 3 15 5 6 111 41 0 0 0 1 1 7 41 17 5 11 4 11 37 34 40 25 114 41 0 0 1 9 6 77 105 5 0 0 0 0 6 13 2 0 0 7 1 1 
9 0 0 0 29 55 21 17 21 6 6 5 10 35 49 60 35 0 0 1 7 17 30 119 17 0 1 14 10 0 2 12 4 0 0 51 126 29 17 34 10 2 0 22 35 94 126 125 126 18 0 0 4 68 59 126 74 2 0 4 0 0 5 41 15 2 13 88 76 24 56 26 14 33 126 126 26 12 26 16 126 126 76 8 0 7 7 8 54 13 0 0 0 3 8 13 45 45 33 18 14 7 12 17 36 33 100 25 0 0 1 10 5 46 60 2 0 6 3 1 2 2 0 0 0 7 4 1 
8 1 2 4 17 15 32 35 7 1 2 17 48 45 60 40 54 0 0 0 5 10 51 113 51 3 0 0 0 0 0 31 0 0 0 89 93 12 44 20 1 1 3 30 21 93 126 24 126 23 1 0 0 25 61 126 126 17 0 0 0 0 0 46 1 2 14 126 34 0 1 1 1 22 126 126 13 10 8 0 121 126 102 9 0 2 2 10 92 84 2 0 1 0 1 3 9 4 6 7 0 0 0 2 9 17 88 32 0 2 0 1 22 66 57 3 0 1 0 4 16 15 1 0 1 3 9 4 
4 0 0 5 13 2 45 82 0 0 0 2 19 103 72 29 64 0 0 0 7 41 26 124 50 0 0 0 0 0 2 54 0 0 2 113 75 6 36 32 1 4 7 14 6 71 91 30 124 27 0 2 3 35 17 56 124 13 0 0 0 0 0 29 5 1 41 124 29 2 22 24 3 21 124 124 6 2 3 1 115 124 119 14 3 1 0 0 86 49 3 0 0 1 0 6 71 17 10 5 0 0 19 48 31 18 105 19 0 0 0 4 1 41 83 1 0 0 0 1 1 9 3 0 1 4 0 0 
4 2 0 2 37 23 25 45 5 4 1 1 10 88 69 48 40 0 0 0 5 55 41 119 31 0 0 0 0 0 3 36 0 0 0 45 122 18 26 19 1 1 1 12 17 96 122 33 122 22 0 0 0 53 40 97 122 5 0 0 0 0 1 44 0 0 21 122 93 7 2 0 1 23 122 122 13 12 17 0 122 122 72 5 0 2 4 3 87 39 0 0 0 0 0 2 1 3 23 18 1 0 0 0 1 10 122 42 0 0 1 1 4 63 78 6 0 1 0 0 8 15 0 0 0 0 0 1 
6 1 0 1 43 41 27 28 11 8 4 0 10 85 82 56 42 0 0 0 2 41 54 129 17 0 0 0 0 0 4 24 2 0 0 48 132 23 22 19 4 1 3 22 39 98 132 45 132 35 0 0 0 44 38 122 82 4 0 0 0 0 3 34 1 1 26 105 88 7 2 1 4 43 132 132 22 3 10 0 132 132 81 5 0 0 1 1 58 19 0 0 0 0 1 4 2 4 14 6 0 0 2 3 1 10 95 21 1 1 9 7 5 34 44 4 1 1 3 3 4 5 0 0 0 0 1 6 
0 0 0 3 45 23 0 0 117 5 0 6 21 7 5 62 125 11 0 5 42 20 24 125 0 0 0 27 125 36 9 3 0 0 1 31 44 8 0 0 34 1 1 57 38 0 0 50 61 8 2 4 6 34 66 125 4 8 5 5 59 94 41 16 0 0 1 15 24 23 1 0 8 43 18 41 14 6 1 2 18 125 125 18 0 0 7 19 10 62 98 123 16 2 5 4 2 1 0 0 18 13 0 0 107 102 1 0 0 1 0 0 101 125 33 5 1 0 0 7 17 26 21 125 40 5 2 6 
135 23 0 0 0 0 0 0 135 31 1 0 0 1 2 1 19 6 3 1 17 20 9 1 7 0 0 0 1 2 5 5 135 3 0 0 0 0 0 44 135 10 0 2 1 1 1 38 14 6 6 24 11 16 8 4 11 9 3 1 0 76 19 3 105 0 0 0 0 0 5 135 84 1 0 1 0 2 114 135 9 2 3 11 4 135 135 30 1 1 2 3 3 135 100 0 8 5 0 0 0 1 10 28 19 35 1 1 4 9 101 73 10 15 3 0 5 59 119 7 6 20 23 23 9 27 15 0 
6 22 6 48 4 1 0 3 5 113 120 4 0 0 0 0 0 15 133 38 0 0 0 0 0 0 82 56 0 0 0 0 86 80 1 22 3 5 9 14 93 133 112 10 0 1 1 1 0 10 133 73 0 1 0 0 0 0 121 133 0 0 0 0 133 15 0 16 16 7 7 30 133 38 10 5 3 11 14 35 10 3 25 19 3 10 18 17 6 2 42 60 5 0 5 11 97 2 1 0 2 6 13 57 133 4 2 4 4 2 0 108 9 6 7 5 2 1 1 6 6 1 1 3 1 0 7 9 
0 0 19 95 22 4 7 1 12 0 1 20 15 15 32 19 118 3 0 1 0 0 7 100 41 1 0 28 28 15 42 93 2 0 7 84 118 30 18 4 23 3 5 47 118 16 2 9 118 18 4 5 3 1 3 66 15 2 0 1 5 11 68 54 4 0 0 0 43 92 114 30 22 58 61 14 47 40 5 2 45 33 118 33 9 6 13 63 0 5 46 25 15 18 53 21 31 21 0 0 0 2 30 20 118 118 55 11 0 1 2 17 23 42 118 118 18 1 1 16 0 2 96 69 6 0 0 0 
0 9 14 33 34 9 0 0 7 4 19 51 71 10 0 1 119 15 10 6 8 7 0 75 59 63 14 0 8 10 1 16 1 13 6 13 57 119 32 0 8 3 9 9 24 119 72 1 119 12 4 4 17 46 38 119 90 22 1 0 8 51 119 114 0 0 1 13 32 101 32 0 9 62 31 4 0 52 28 0 14 44 119 25 3 3 27 20 1 0 16 33 24 20 119 22 5 7 1 24 25 1 0 0 68 119 32 8 2 0 0 0 5 63 97 48 36 5 2 0 0 0 9 51 115 4 0 0 
7 2 0 2 29 26 26 37 8 4 1 1 23 89 63 35 34 0 0 0 12 54 34 118 30 0 0 0 0 0 3 43 0 0 0 54 118 16 27 18 0 0 0 12 24 109 118 29 118 19 0 0 1 65 33 104 118 6 0 0 0 0 0 45 0 0 12 106 109 8 3 0 0 14 118 118 25 17 16 0 118 118 83 6 0 4 4 3 98 47 0 0 0 0 0 1 0 3 21 18 3 1 0 0 0 14 118 39 0 0 1 1 5 62 93 5 0 1 1 0 8 17 1 0 0 0 0 1 
0 2 8 5 23 21 0 0 34 3 0 1 37 130 44 10 92 35 5 0 4 17 38 40 13 6 2 0 3 2 1 20 0 3 8 28 130 26 0 2 69 4 2 38 130 88 4 44 130 43 2 0 3 7 36 130 64 53 30 9 4 5 9 18 1 9 24 75 51 1 0 1 10 40 130 130 74 0 0 5 93 130 123 10 0 0 0 17 63 71 15 7 2 0 0 11 3 13 20 13 0 0 0 2 2 10 82 68 0 0 0 3 0 55 101 13 1 0 0 0 1 13 14 7 7 6 3 0 
4 1 2 0 2 19 24 14 18 5 4 7 15 20 33 52 28 18 3 0 1 6 55 78 8 3 5 4 3 0 2 15 3 0 1 50 77 34 68 49 4 0 3 13 22 80 131 65 131 8 0 0 2 12 93 131 113 12 4 2 0 0 0 33 1 2 37 131 43 6 8 2 2 39 131 131 4 10 54 6 131 131 90 0 0 1 14 31 85 70 2 0 0 1 0 9 11 6 15 10 0 0 0 2 10 22 111 32 2 1 2 1 27 84 53 0 0 0 2 6 7 22 6 0 0 3 4 4 
18 1 0 0 0 12 22 20 12 3 2 1 1 54 87 20 7 5 3 0 0 0 56 87 8 1 0 0 0 0 10 38 8 4 6 10 30 42 34 11 2 0 1 13 73 128 128 27 108 7 0 0 2 32 114 128 101 4 0 1 0 2 5 52 4 1 16 39 51 76 53 4 1 47 88 23 71 128 27 1 128 128 41 0 4 13 4 42 103 27 0 0 0 2 9 37 2 2 45 44 11 1 0 1 2 63 128 22 3 2 1 2 14 114 52 0 2 2 2 9 6 4 0 0 1 1 4 14 
9 1 1 0 0 20 16 14 0 0 0 0 0 65 94 11 0 0 1 3 5 10 98 57 0 0 0 0 4 21 18 6 3 0 0 11 58 73 11 3 0 0 0 25 88 129 113 11 63 0 0 8 7 44 129 129 55 1 0 2 1 10 15 82 1 2 4 24 88 42 29 13 2 7 52 129 129 37 3 0 129 57 7 88 57 3 2 40 129 22 0 1 0 3 7 39 1 1 2 18 12 11 3 0 4 7 27 49 67 25 6 1 35 129 43 30 49 5 0 0 32 32 0 0 1 3 4 3 
10 42 23 0 0 0 0 0 12 99 114 3 0 0 0 0 0 25 93 55 3 0 0 0 0 0 5 26 4 0 0 0 122 119 9 0 0 0 0 10 83 122 122 25 4 5 1 23 0 5 87 122 122 27 0 0 0 0 3 69 55 1 0 0 122 11 0 0 0 0 1 89 69 6 0 0 3 44 114 122 0 0 0 6 97 122 65 4 0 0 0 10 63 38 4 0 24 0 0 0 0 0 0 40 19 1 0 0 0 4 57 68 0 0 0 0 5 49 48 3 0 0 0 0 10 39 4 0 
9 22 7 0 0 0 0 1 2 63 69 2 0 0 0 0 0 12 71 29 3 0 0 0 0 0 5 36 10 0 0 0 112 44 3 0 0 0 1 27 103 120 120 33 1 0 0 2 0 5 90 120 73 4 0 0 0 0 3 54 51 2 0 0 120 4 0 0 0 0 7 80 120 24 3 6 2 25 93 120 0 0 2 42 116 120 72 3 0 1 0 6 52 47 13 3 19 0 0 0 0 0 4 52 5 0 0 0 0 9 120 114 0 0 0 0 0 82 120 10 0 0 0 0 0 22 36 4 
21 10 2 0 0 0 0 2 2 35 63 17 5 1 1 1 0 4 95 94 6 0 0 0 0 0 7 48 15 1 0 0 66 45 0 0 0 0 0 5 125 125 68 4 0 0 0 13 9 34 122 125 72 15 1 2 0 0 2 96 125 16 0 0 44 5 0 0 0 0 5 59 120 9 0 0 0 8 66 125 7 1 0 11 62 125 109 39 0 0 0 8 115 125 7 0 1 0 0 0 0 1 14 20 0 0 0 0 0 8 76 64 0 0 0 0 15 96 68 7 0 0 0 10 19 26 2 0 
15 6 0 0 3 15 4 4 13 2 0 0 4 46 62 27 20 2 0 0 0 5 26 87 22 1 0 2 17 7 0 14 8 3 0 7 76 30 7 9 18 2 0 19 116 79 102 114 116 5 0 0 2 47 116 116 104 1 0 16 16 1 0 63 14 6 0 17 66 53 54 14 21 22 78 116 109 18 46 20 116 116 80 29 0 6 32 27 115 35 0 1 0 1 7 26 13 32 33 39 31 13 6 6 48 69 86 38 0 2 3 13 7 66 98 14 0 4 4 4 6 9 0 0 0 5 10 3 
104 30 0 0 0 0 0 0 134 55 2 41 19 0 0 0 0 2 34 59 14 0 0 0 0 17 39 0 0 0 0 0 134 12 0 0 0 0 0 14 134 16 11 21 1 0 0 44 4 9 107 45 0 0 1 3 0 36 91 0 0 6 7 0 99 0 0 0 0 0 0 53 134 0 0 0 0 0 47 134 3 2 4 0 0 35 134 56 0 0 2 0 0 134 134 1 10 0 0 0 0 0 0 25 10 0 0 0 0 1 70 106 0 0 0 0 0 50 134 21 0 0 0 0 0 65 72 1 
0 24 15 0 0 0 0 0 0 45 107 1 0 0 0 0 0 6 134 25 0 0 0 0 0 0 60 31 0 0 0 0 74 108 9 0 0 0 0 2 40 134 134 1 0 0 0 0 0 24 134 44 4 16 1 0 0 0 134 108 3 18 17 0 134 23 0 0 0 0 0 34 134 60 4 3 8 0 0 15 0 3 4 6 86 72 3 0 0 0 1 3 16 62 33 0 109 2 0 0 0 0 0 62 134 1 0 2 10 0 0 80 2 0 0 20 122 6 0 1 0 0 0 7 29 4 0 0 
2 0 0 5 10 2 39 101 0 0 0 2 14 95 77 39 74 0 0 0 3 34 28 127 45 0 0 0 0 0 1 41 0 0 6 104 64 2 35 46 4 3 7 10 5 74 87 38 127 33 0 0 1 27 20 76 127 11 0 0 0 0 1 32 22 7 65 127 15 0 8 25 4 32 127 127 10 3 2 1 127 127 92 7 2 1 0 0 71 33 1 1 0 0 0 8 69 27 13 8 0 0 2 15 5 11 110 34 0 0 1 3 3 44 76 3 0 0 0 2 3 5 2 0 0 4 2 2 
1 1 0 0 0 7 13 3 23 7 0 0 0 4 30 12 36 20 1 0 0 0 38 35 56 41 0 0 0 0 6 36 0 0 0 0 12 68 45 6 6 19 4 5 12 142 142 10 16 88 13 0 0 26 142 137 127 41 6 0 0 0 57 142 0 0 18 55 37 50 13 0 2 89 142 75 30 71 31 1 30 142 63 0 0 3 14 16 142 82 12 0 0 0 0 38 1 0 5 7 1 11 22 3 16 11 36 7 0 1 7 24 23 26 10 0 0 0 0 24 49 7 0 0 0 0 0 38 
15 1 0 0 11 9 2 19 11 0 0 0 19 38 42 64 36 3 2 1 0 0 9 65 15 2 1 1 0 0 0 8 10 22 10 11 45 6 0 6 28 0 5 96 140 66 43 91 140 8 11 18 1 3 15 140 25 17 27 6 0 0 0 5 1 28 17 24 10 0 0 0 11 6 58 140 43 0 0 5 140 92 41 98 6 0 0 47 56 41 41 15 0 0 0 2 1 41 25 3 0 0 0 0 0 39 140 63 4 0 0 0 63 140 140 42 4 0 0 0 16 66 65 21 0 0 0 0 
6 1 2 4 21 13 31 46 8 0 2 10 45 49 62 48 61 0 0 0 2 8 43 119 45 4 1 0 0 0 0 23 0 0 0 94 98 11 45 19 4 2 3 30 17 78 128 27 128 23 0 0 0 12 52 128 128 13 0 0 0 0 0 38 1 1 19 128 32 1 1 1 3 36 128 128 11 7 8 1 128 128 88 7 0 1 2 11 79 72 0 0 0 1 0 4 9 5 7 7 0 0 0 2 8 18 88 33 0 2 1 1 28 65 47 2 0 0 2 3 13 15 0 0 2 6 7 3 
15 29 2 0 0 0 0 0 7 112 84 0 0 0 0 0 0 25 133 21 0 0 0 0 0 0 129 52 0 0 0 0 117 37 1 0 0 0 0 1 133 133 42 0 0 0 0 1 11 63 133 9 0 1 13 3 0 2 133 59 0 0 17 5 133 7 3 0 0 0 0 24 133 19 0 0 2 12 3 52 11 2 0 0 3 69 75 6 0 0 1 0 0 8 115 19 41 1 2 2 0 0 0 22 133 0 0 0 15 11 0 131 7 0 0 0 33 45 7 8 2 5 0 0 0 2 14 2 
132 34 0 0 0 0 0 0 132 22 0 2 36 5 0 3 0 0 0 22 107 5 0 0 0 0 1 5 6 1 4 4 132 7 0 0 0 0 0 36 132 1 0 4 16 4 11 71 0 0 10 83 52 7 13 1 0 4 47 34 3 29 14 0 84 0 0 0 0 0 5 120 34 0 0 0 0 3 132 132 0 0 2 8 2 93 132 10 0 1 7 5 0 132 132 0 2 0 0 0 0 0 13 34 0 0 0 0 0 4 124 33 4 0 0 0 0 34 119 4 4 1 0 0 0 16 23 1 
2 2 0 0 0 5 10 4 29 8 0 0 0 1 20 17 52 27 0 0 0 0 15 36 68 51 1 0 0 0 2 32 1 1 0 0 10 83 54 5 8 26 1 0 5 106 137 26 45 63 6 0 0 3 137 137 137 50 1 0 0 0 13 136 0 0 33 58 46 71 10 0 13 137 105 34 17 45 42 5 76 137 24 0 0 0 10 25 137 39 2 0 0 0 0 93 3 0 16 13 0 7 12 5 15 27 43 5 0 0 1 12 43 22 3 0 0 0 0 22 84 5 0 0 0 0 0 58 
6 25 8 0 0 0 1 7 13 43 89 2 0 0 0 9 11 17 88 14 0 0 0 21 29 6 10 3 0 0 0 53 125 101 11 0 0 0 0 0 71 134 134 21 0 0 0 0 0 6 134 134 0 0 0 0 14 5 94 112 0 0 0 6 134 20 0 0 0 0 0 29 134 42 17 9 0 0 0 31 0 1 45 72 0 0 0 0 0 16 88 97 0 0 0 0 117 1 0 0 0 0 0 47 134 13 2 5 1 0 0 84 11 5 6 8 5 5 8 5 26 37 37 4 1 5 38 16 
34 4 0 0 1 48 11 4 142 56 0 0 0 3 2 4 70 17 0 1 7 6 11 58 2 6 9 34 25 12 10 14 99 2 0 0 5 31 13 32 142 42 0 0 0 0 0 24 61 22 0 0 0 3 4 3 6 9 3 2 1 46 29 4 61 0 0 0 2 11 7 56 142 3 0 0 0 2 65 142 21 2 0 0 0 114 142 36 1 0 0 0 0 142 142 2 2 0 0 0 7 10 6 16 5 0 0 0 1 6 101 115 0 0 0 0 0 69 142 13 1 0 0 0 0 42 42 4 
4 31 13 0 0 0 0 4 3 53 104 1 0 0 0 11 8 14 125 20 0 0 0 5 4 10 41 13 0 0 0 3 122 89 8 0 0 0 0 0 83 138 138 9 0 0 0 0 0 13 138 104 0 0 0 0 0 3 138 118 0 0 0 0 138 15 0 0 0 0 0 29 138 47 10 3 0 0 0 37 1 3 39 43 0 0 0 0 0 0 45 70 0 0 0 0 87 1 0 0 0 0 0 50 138 7 2 2 0 0 0 113 8 2 4 8 1 0 0 4 3 4 10 8 0 0 0 0 
89 8 0 0 0 1 5 12 142 40 0 0 0 0 0 1 43 19 0 0 0 0 0 2 2 2 0 1 0 1 2 2 142 1 0 0 0 2 4 43 142 26 0 0 0 0 0 39 45 10 0 0 0 5 7 5 6 8 0 0 1 66 36 6 75 0 0 0 2 10 6 65 142 2 0 0 0 2 79 142 9 0 0 0 0 116 142 31 0 0 0 0 0 142 129 2 4 0 0 0 7 8 3 23 6 0 0 0 0 4 100 102 0 0 0 0 0 62 142 7 0 0 0 0 0 40 35 3 
10 25 2 0 0 0 0 0 3 72 81 1 0 0 0 0 0 9 141 30 0 0 0 0 0 0 67 39 0 0 0 0 103 33 1 0 0 0 0 0 141 141 74 0 0 0 0 0 7 60 141 36 0 0 1 2 0 1 141 130 0 0 1 1 135 8 4 0 0 0 0 19 141 37 0 0 0 5 2 45 19 11 7 0 0 33 64 11 0 0 23 10 0 3 88 25 42 1 3 1 0 0 0 19 141 0 0 0 7 12 0 124 11 0 0 0 25 61 22 8 1 0 0 0 0 5 43 8 
137 26 0 0 0 0 0 0 137 29 0 0 18 2 0 6 1 0 0 32 105 3 0 0 0 0 8 15 12 1 1 0 137 7 0 0 0 0 0 25 137 2 0 0 5 3 9 96 0 0 8 55 38 16 27 7 0 4 44 36 3 71 26 0 80 0 0 0 0 0 1 79 56 0 0 0 0 5 137 137 0 0 0 1 0 124 137 17 0 0 0 2 0 137 122 0 1 0 0 0 0 0 8 27 0 0 0 0 0 8 101 34 2 0 0 0 0 36 99 3 6 0 0 0 0 11 15 1 
51 115 47 4 0 0 0 7 5 24 126 126 0 0 0 2 0 0 115 126 0 0 0 0 0 1 66 41 0 0 0 0 126 19 0 0 0 0 0 50 62 33 45 41 0 8 0 10 0 0 85 126 22 71 12 0 0 0 46 118 16 15 13 0 126 4 0 0 0 0 0 41 78 4 1 0 8 122 19 38 0 0 0 1 25 126 42 3 0 0 0 6 6 31 70 14 97 6 0 0 0 1 8 27 19 0 0 0 20 111 29 20 0 0 0 0 35 84 8 1 0 0 0 0 0 27 32 2 
80 15 4 2 0 0 0 6 13 11 21 69 26 0 0 0 0 3 34 54 15 1 0 0 0 14 45 10 0 0 0 0 133 13 2 0 0 0 0 42 100 32 111 84 5 0 0 6 1 3 133 107 5 2 0 0 0 9 109 49 13 10 0 0 133 2 0 0 0 0 0 22 133 6 9 2 0 9 17 33 1 0 29 24 10 133 44 5 0 0 9 19 15 133 39 0 106 1 0 0 0 0 3 79 56 0 0 0 4 59 68 85 0 0 0 0 3 133 56 0 0 0 0 0 0 99 35 0 
4 1 0 0 43 43 24 28 18 7 5 0 7 54 77 68 27 0 0 0 2 32 58 111 16 0 0 0 0 0 3 22 1 0 0 38 133 27 21 21 3 1 0 20 34 75 133 71 133 23 0 0 0 39 67 130 80 2 0 0 0 0 4 37 0 1 24 129 78 6 2 0 4 43 133 133 17 3 16 0 133 133 67 4 0 0 2 7 62 18 0 0 0 0 0 8 2 3 14 10 0 0 3 7 1 9 102 38 0 1 7 6 7 51 48 5 0 0 1 2 6 7 0 0 1 0 1 3 
11 33 25 26 12 0 0 0 10 38 61 56 26 0 0 0 14 23 11 2 2 0 0 0 25 7 3 0 0 0 0 0 133 45 14 11 6 0 1 21 131 35 38 133 133 26 4 30 92 44 42 22 44 2 0 4 15 22 42 46 5 0 0 0 75 17 9 3 1 0 16 40 62 8 14 28 133 133 61 70 133 26 20 13 42 11 1 57 41 12 13 69 66 7 4 25 0 69 65 4 0 0 0 0 0 27 133 72 11 6 5 0 36 18 133 52 1 0 3 23 13 4 21 20 12 7 11 21 
5 0 0 0 0 4 20 6 48 66 9 0 0 7 18 18 10 52 39 8 14 79 30 11 115 16 0 1 5 15 5 14 16 0 0 0 0 3 24 17 48 20 19 0 0 39 107 32 18 14 60 8 2 111 107 26 126 11 4 1 0 7 8 69 29 24 1 0 0 0 13 16 42 126 126 3 0 49 74 25 5 79 126 72 62 126 51 4 117 23 9 12 10 5 3 86 25 20 0 0 0 0 12 28 38 56 5 0 0 54 124 55 2 5 2 0 8 80 79 5 6 0 0 0 1 3 9 39 
26 10 12 9 8 3 6 11 4 3 11 22 67 25 82 67 3 8 0 0 1 6 132 132 1 1 0 0 0 28 131 24 63 4 3 3 21 16 16 64 32 10 4 11 132 50 18 23 92 132 61 41 56 10 19 28 2 4 18 25 52 29 32 11 2 0 0 0 9 25 32 32 76 4 0 0 51 58 31 21 132 80 10 22 132 79 14 95 3 0 3 12 132 56 4 2 0 0 0 0 16 13 2 0 14 0 0 0 4 22 9 9 47 0 0 0 18 61 64 84 13 1 0 0 15 25 11 10 
82 67 17 32 7 0 0 0 38 46 25 137 110 0 0 0 21 22 10 5 9 0 0 0 4 11 26 12 0 0 0 0 137 25 0 6 12 5 14 63 92 12 0 87 137 89 43 58 114 18 7 4 47 7 0 15 61 22 38 71 12 0 0 6 28 25 17 7 2 7 19 30 10 8 43 32 60 118 58 29 99 25 38 2 11 7 0 29 76 5 4 17 29 9 22 57 0 54 82 6 0 0 0 0 0 24 137 58 3 0 0 0 4 12 137 47 0 0 0 2 5 4 57 34 0 1 7 16 
37 17 0 0 0 0 5 10 31 70 15 1 3 39 53 13 18 6 12 7 26 79 39 8 133 21 0 0 1 3 2 10 21 3 0 0 0 3 38 20 8 3 24 4 0 56 112 10 49 2 19 5 0 38 52 35 133 4 0 0 0 0 0 59 23 116 29 0 0 0 14 10 6 133 133 47 23 55 52 3 29 21 120 100 65 45 10 7 133 21 4 1 0 0 0 75 43 59 5 0 0 1 81 40 9 51 16 6 10 100 133 18 2 1 3 6 27 62 44 9 24 1 0 0 0 0 2 62 
115 23 0 0 0 0 0 0 145 48 4 26 6 0 0 0 0 4 68 66 8 0 0 0 0 28 69 2 0 0 0 0 145 6 0 0 0 0 0 18 145 8 2 2 0 0 2 84 8 7 39 8 0 5 21 14 0 11 28 0 0 70 41 0 84 0 0 0 0 0 0 47 103 0 0 0 0 2 87 145 1 0 0 0 0 114 145 48 0 0 0 0 0 145 145 1 18 1 0 0 0 0 0 13 9 0 0 0 0 8 62 49 0 0 0 0 2 52 103 5 0 0 0 0 2 26 23 1 
3 12 17 2 0 0 0 0 0 26 97 3 0 0 0 0 0 6 135 26 0 0 0 0 0 0 45 24 0 0 0 0 79 43 4 0 0 0 0 7 82 145 134 0 0 0 0 1 0 43 145 63 0 1 0 0 0 0 145 145 0 3 3 0 145 9 0 0 0 0 3 28 145 65 3 0 0 0 0 33 8 13 18 5 32 26 1 0 0 0 19 20 16 69 38 0 71 2 0 0 0 0 0 27 145 1 0 0 0 0 0 103 17 0 0 6 75 10 0 6 0 0 0 2 54 26 2 0 
11 17 1 0 0 0 0 0 5 40 45 14 12 0 0 0 17 17 93 99 68 19 6 3 55 41 44 11 1 2 3 9 86 17 0 0 0 0 1 3 139 149 129 4 0 0 0 4 5 23 153 79 0 0 0 0 5 13 153 59 0 0 0 1 109 7 0 0 0 0 0 15 153 29 11 0 0 0 0 85 53 10 73 8 0 0 0 15 0 0 81 17 0 0 0 0 38 6 0 0 0 0 6 31 153 0 0 0 0 0 0 96 79 0 0 0 0 0 0 34 0 0 0 0 0 0 0 0 
68 0 0 0 0 12 37 33 143 1 0 0 0 0 1 20 38 0 0 0 0 0 0 2 0 0 0 0 0 2 2 0 143 77 34 10 4 7 35 26 143 16 0 0 0 0 5 59 48 0 0 0 0 39 58 17 0 0 0 0 0 98 92 0 46 32 24 2 0 0 3 32 115 4 0 0 0 9 120 143 8 0 0 0 0 143 143 28 0 0 0 0 2 138 143 1 1 0 0 0 0 0 10 22 0 0 0 0 1 7 80 15 0 0 0 0 1 27 83 2 0 0 0 0 5 22 27 5 
88 16 0 0 0 1 0 4 134 37 0 7 35 0 0 3 46 98 1 4 36 64 4 0 3 39 6 3 43 80 0 0 134 3 0 0 0 22 2 19 134 15 5 26 29 0 0 38 27 28 28 29 36 60 27 3 0 36 32 8 39 116 0 0 95 1 1 0 0 7 2 32 134 1 6 10 3 2 25 134 2 5 35 26 6 134 77 26 0 8 12 1 29 134 9 0 15 5 2 0 1 0 0 7 31 2 0 0 0 5 67 107 0 2 1 0 0 107 122 17 3 11 6 0 1 46 7 0 
10 0 0 41 12 0 0 7 106 19 2 45 12 0 0 20 114 20 40 67 0 0 0 24 5 1 16 135 3 0 0 0 45 2 2 22 5 0 0 17 80 9 13 110 10 0 0 21 135 3 3 6 0 0 0 59 39 3 3 131 5 0 0 7 74 4 1 2 1 0 0 11 72 33 69 82 0 0 0 6 135 42 92 30 0 0 0 24 53 21 24 5 1 0 0 9 49 0 0 4 2 0 0 17 135 105 59 7 0 0 0 29 23 100 135 12 0 0 0 1 3 23 135 28 0 0 0 0 
0 0 8 108 44 5 5 1 9 0 0 38 42 9 24 14 118 4 1 0 0 1 7 76 69 1 4 43 34 10 18 101 3 1 2 27 93 57 38 24 15 5 5 36 118 38 1 5 118 19 5 6 2 0 1 54 30 3 0 2 8 7 48 79 5 1 0 0 16 43 112 65 35 72 72 22 22 27 11 6 51 27 118 62 8 5 12 56 2 3 21 19 12 14 58 46 36 37 7 0 0 0 2 14 118 118 47 19 1 0 0 20 25 29 118 118 24 1 1 20 0 0 69 104 6 0 0 0 
0 5 11 34 28 4 0 0 22 6 25 39 64 8 0 10 123 29 7 0 7 5 3 116 42 45 6 5 30 38 9 11 4 18 12 17 91 123 7 0 5 12 15 3 40 123 35 4 123 11 3 0 15 40 83 123 35 3 0 0 9 99 123 49 0 1 0 6 45 123 21 0 11 54 15 2 3 75 15 4 8 59 99 30 7 7 27 10 0 0 14 35 44 24 58 4 2 2 1 25 31 6 0 0 69 123 14 7 2 0 0 0 12 83 73 41 40 4 1 0 0 0 6 49 122 2 0 0 
14 50 15 0 0 15 13 1 10 106 71 10 0 0 2 0 0 15 67 68 51 1 0 0 0 7 50 29 19 1 0 0 121 60 0 0 0 23 16 25 122 122 44 18 0 2 6 51 6 20 86 122 105 66 8 6 30 19 19 26 59 22 16 17 69 19 1 0 0 1 9 67 93 2 0 0 0 30 122 122 4 0 0 4 61 122 122 30 14 8 0 1 56 122 33 23 5 0 0 0 0 2 47 43 20 0 0 0 0 17 68 62 27 8 9 12 18 19 26 24 3 10 20 32 39 18 0 1 
5 30 46 7 0 0 0 0 19 65 83 2 0 0 0 0 0 13 76 67 7 0 0 1 32 6 17 53 4 0 0 9 21 21 30 26 7 7 10 15 121 121 96 16 0 0 0 3 4 42 121 121 41 2 0 0 13 4 20 103 57 3 0 3 79 11 1 5 3 3 20 86 121 61 2 1 0 19 48 121 9 9 3 52 95 114 121 25 0 0 1 27 121 35 7 1 43 49 70 33 4 0 1 15 25 16 24 24 17 20 36 47 0 0 0 0 14 59 102 24 0 0 0 0 26 16 31 18 
117 67 0 0 0 6 0 1 19 1 0 0 1 35 18 30 57 0 0 0 0 8 24 134 12 0 0 0 18 67 35 87 134 43 0 0 1 33 7 4 2 0 0 0 7 134 24 3 85 1 0 0 0 59 75 134 12 0 0 0 13 134 134 84 76 8 0 0 7 117 14 18 36 17 0 0 11 134 19 3 86 17 0 0 0 61 32 21 3 1 0 0 4 105 25 3 14 5 0 0 2 83 43 12 48 48 0 0 3 52 7 1 17 9 0 0 1 59 7 1 4 3 0 0 0 22 5 0 
12 0 1 33 12 0 0 6 111 8 4 37 12 0 0 25 109 14 19 68 0 0 0 23 4 1 5 133 15 0 0 0 50 3 2 19 4 0 0 12 88 8 16 98 8 0 0 17 133 3 2 4 0 0 0 44 30 1 3 131 17 0 0 5 81 5 1 3 1 0 0 9 75 44 88 73 0 0 0 5 121 51 116 22 0 0 0 14 36 18 31 10 3 0 0 5 59 0 0 4 2 0 0 20 133 118 77 6 0 0 0 33 15 66 133 13 0 0 0 1 1 10 133 66 0 0 0 0 
11 22 1 0 0 0 0 0 37 105 12 3 0 0 0 0 24 48 29 22 13 0 0 5 104 14 0 0 0 0 0 16 61 27 0 0 0 0 0 1 129 58 2 5 7 7 1 29 47 22 5 27 118 66 2 31 129 0 0 0 6 6 0 59 46 3 0 0 0 0 20 25 59 0 0 0 1 25 103 83 37 0 0 0 42 129 71 49 129 0 0 0 0 8 1 49 1 0 0 0 0 52 108 8 1 0 0 0 0 57 129 22 98 3 0 0 1 21 123 118 129 6 0 0 0 0 0 12 
130 25 0 0 0 0 0 1 130 31 0 0 0 0 0 0 20 4 0 1 11 20 7 1 1 1 0 0 2 4 5 3 130 6 0 0 0 0 0 35 130 12 1 1 0 0 0 25 22 7 9 25 24 3 1 2 3 11 9 3 2 29 12 1 130 0 0 0 0 0 4 127 111 2 0 0 0 2 85 130 16 2 3 8 11 105 130 29 0 1 2 1 1 130 113 0 12 6 0 0 0 1 14 47 5 22 7 1 3 4 130 103 1 6 1 0 2 72 130 10 0 6 6 12 4 56 30 0 
6 47 5 28 14 1 1 2 4 111 127 1 0 0 0 0 0 8 127 42 0 0 0 0 0 0 93 61 0 0 0 0 116 110 3 7 9 3 5 6 76 127 125 11 0 0 1 2 0 3 127 66 0 0 0 0 0 0 114 121 0 0 0 0 127 13 0 3 5 2 1 41 127 28 16 8 3 8 21 36 1 0 24 27 4 8 34 7 5 0 37 44 0 0 2 11 117 0 0 0 1 3 4 66 127 2 0 3 7 3 1 85 4 3 1 5 6 3 5 3 8 2 2 3 0 0 2 16 
34 46 8 0 0 0 0 1 24 58 67 19 0 0 0 0 35 78 65 19 0 0 0 0 16 52 99 13 0 0 0 0 117 19 1 0 2 1 0 20 117 79 58 13 0 0 0 24 72 109 117 62 0 0 0 2 62 81 50 26 4 14 8 3 101 1 0 0 1 1 0 38 117 7 3 0 0 0 4 117 47 22 26 12 0 21 55 109 16 10 2 0 15 83 108 26 25 0 0 0 0 0 3 25 26 0 0 0 0 0 20 117 4 0 0 0 0 38 117 114 0 0 0 0 2 81 85 5 
129 24 0 0 0 0 0 21 129 24 0 55 129 52 8 40 26 6 1 13 103 10 0 1 36 30 16 14 0 0 0 0 63 9 1 1 2 1 13 46 44 1 0 1 111 129 95 88 75 3 0 0 47 36 4 8 129 23 9 22 9 1 0 17 2 30 51 21 6 1 2 0 0 6 74 80 27 31 14 2 45 29 62 8 1 3 0 2 98 6 5 1 5 7 11 63 0 38 100 6 0 0 0 0 0 18 129 95 0 0 0 0 1 3 129 86 0 0 0 0 6 3 44 40 0 0 2 12 
29 37 2 0 0 12 45 9 4 15 11 4 12 100 87 2 41 3 0 2 12 54 24 17 130 19 0 0 0 0 0 11 5 1 7 1 0 24 70 5 0 0 23 8 1 47 68 2 85 4 4 1 0 5 20 50 130 7 0 0 0 0 0 48 4 130 130 8 0 17 18 2 0 37 130 116 71 74 9 0 53 55 31 40 22 5 0 15 130 23 0 0 0 0 0 82 8 70 34 2 0 73 130 9 0 5 12 15 39 130 90 2 7 7 2 2 11 9 13 18 27 0 0 0 0 0 3 66 
0 0 1 8 4 3 63 45 0 0 0 0 0 4 132 69 0 0 0 0 0 26 132 75 0 0 0 0 0 49 88 4 4 5 13 71 79 8 8 1 2 3 0 3 39 32 70 7 28 33 15 2 0 8 74 75 5 1 2 1 4 32 40 18 10 2 0 31 132 17 8 23 47 27 3 13 81 3 0 0 132 132 83 94 37 0 0 1 1 1 18 62 72 6 0 1 0 0 0 1 42 27 19 19 77 5 0 2 36 8 0 11 132 47 5 42 111 14 5 87 0 0 1 32 132 23 1 1 
58 11 0 0 0 0 0 5 66 67 37 15 0 0 0 1 20 15 63 93 0 0 0 3 1 0 12 94 12 0 0 0 112 14 0 0 0 0 0 20 123 93 17 15 0 1 0 52 24 33 36 123 53 22 6 6 2 0 3 67 93 29 13 1 100 35 0 0 0 0 0 28 123 77 0 1 6 1 1 93 45 7 0 19 123 97 8 30 0 0 0 3 88 82 52 9 92 7 1 0 0 0 0 31 123 50 0 0 4 1 3 62 14 8 0 12 123 50 8 14 0 0 0 9 99 24 12 10 
13 24 2 0 0 0 0 0 4 58 83 1 0 0 0 0 0 5 144 30 0 0 0 0 0 0 57 40 0 0 0 0 106 43 0 0 0 0 0 4 106 144 91 0 0 0 0 1 3 55 144 42 0 0 0 0 0 0 144 137 0 0 0 0 144 7 0 0 0 0 0 26 144 52 1 0 0 1 1 43 19 14 16 0 0 19 46 9 0 0 33 17 0 3 68 14 63 2 2 0 0 0 0 25 144 0 0 0 4 9 1 111 10 0 0 0 21 67 29 5 0 0 0 0 0 11 58 9 
133 28 0 0 0 0 0 0 139 29 0 0 7 1 0 5 4 0 0 36 89 2 0 0 0 0 11 31 17 0 0 0 139 7 0 0 0 0 0 21 139 1 0 0 1 1 6 94 4 0 3 35 29 16 24 12 0 2 43 35 5 60 30 0 82 0 0 0 0 0 2 62 72 0 0 0 0 3 117 139 0 0 0 0 0 121 139 31 0 0 0 0 0 139 139 0 3 0 0 0 0 1 10 23 0 0 0 0 0 8 101 38 0 0 0 0 0 48 113 3 1 0 0 0 0 19 23 2 
2 17 2 0 0 0 0 0 0 99 62 0 0 0 3 3 0 69 122 2 0 0 3 6 2 14 86 9 0 0 1 7 78 74 0 0 0 0 0 0 98 122 86 0 0 0 0 7 10 54 122 80 0 0 0 0 1 2 40 107 9 0 3 16 122 40 0 0 0 0 0 11 122 41 4 0 0 0 2 118 53 22 42 39 1 0 19 103 2 0 16 122 84 10 15 5 84 2 0 0 0 0 0 43 39 1 0 0 1 2 10 82 7 0 0 0 0 2 89 122 3 1 2 13 30 46 73 18 
80 18 0 0 0 4 3 8 44 87 7 0 0 16 5 3 6 122 113 2 3 4 1 0 2 22 84 38 46 13 0 0 122 5 0 0 2 8 1 37 122 101 1 0 0 0 6 38 48 80 11 2 3 54 52 23 2 3 4 5 65 122 12 1 74 0 0 0 0 1 0 75 106 2 0 0 0 1 94 122 7 0 0 0 1 94 122 49 0 0 0 2 6 100 33 0 3 0 0 0 0 0 2 16 1 0 0 0 0 0 66 91 0 0 0 0 0 9 122 69 0 0 0 0 0 20 103 0 
44 54 5 0 0 0 0 1 30 60 98 6 0 0 0 0 112 104 72 7 0 0 0 0 36 48 51 7 1 5 1 1 119 21 1 0 0 0 0 36 119 76 45 4 0 0 0 62 73 69 106 12 4 11 13 23 38 16 2 1 35 83 61 23 83 0 0 0 1 0 1 58 94 1 0 0 0 0 28 119 11 2 3 0 9 84 119 105 1 0 0 0 36 119 102 7 23 0 0 0 0 0 5 24 2 0 0 0 0 0 44 96 0 0 0 0 1 35 119 41 0 0 0 0 7 56 45 0 
6 26 5 1 0 0 0 0 4 114 116 15 0 0 0 0 3 32 132 80 0 0 0 2 3 9 103 40 0 0 0 0 115 66 1 0 0 0 0 0 132 132 58 0 0 0 0 0 11 49 132 35 2 4 5 6 29 17 132 108 0 0 1 15 132 14 2 0 0 0 0 18 132 12 0 0 0 0 0 40 30 2 0 5 9 4 2 7 117 8 5 2 0 0 0 33 65 4 10 5 0 0 0 26 132 0 0 0 0 0 0 95 34 0 1 14 1 0 0 21 39 0 0 2 0 0 0 10 
16 41 5 0 0 0 0 0 3 64 103 3 0 0 0 0 0 6 141 31 0 0 0 0 0 0 78 47 0 0 0 0 129 52 1 0 0 0 0 4 107 141 96 0 0 0 0 0 5 53 141 31 0 0 0 0 0 1 141 111 0 0 0 0 141 9 0 0 0 0 0 38 141 44 0 0 0 0 0 38 25 12 10 0 0 8 22 10 0 2 24 7 0 3 45 11 79 1 1 0 0 0 0 40 141 0 0 0 2 2 0 116 10 0 0 0 19 53 26 8 0 0 0 0 1 20 65 4 
137 26 0 0 0 0 0 0 137 25 0 0 1 0 0 6 4 0 0 24 67 3 0 2 0 0 13 40 28 0 0 0 137 13 0 0 0 0 0 25 137 3 0 0 0 1 7 85 2 0 0 16 15 18 26 9 0 0 29 31 5 43 24 0 104 0 0 0 0 0 1 68 80 0 0 0 0 1 114 137 0 0 0 0 0 89 137 24 0 0 0 0 0 137 137 0 7 0 0 0 0 0 13 40 1 0 0 0 0 8 121 46 0 0 0 0 0 61 137 4 1 0 0 0 0 36 37 1 
14 7 3 0 0 4 5 5 18 3 1 0 0 10 41 28 34 10 0 0 0 0 27 66 36 8 0 0 0 0 0 9 8 2 0 0 29 35 11 13 0 5 7 6 57 128 128 28 75 17 16 0 0 9 128 128 128 12 0 0 0 0 1 84 4 6 8 29 55 8 0 1 2 95 123 90 94 32 4 1 99 128 128 25 0 0 3 43 128 72 9 0 0 0 0 29 12 7 9 11 1 0 0 5 11 55 66 25 1 0 0 1 23 112 52 10 0 0 0 1 41 75 4 0 0 0 0 0 
131 22 0 0 0 0 0 0 127 25 0 0 0 0 0 0 16 7 1 3 24 4 0 0 2 2 1 1 3 1 0 1 131 4 0 0 0 0 0 33 131 20 0 3 1 1 1 22 26 15 7 23 38 7 3 4 1 9 13 4 1 26 11 0 130 0 0 0 0 0 3 131 95 1 0 0 1 3 89 131 11 1 0 1 13 91 131 30 0 0 1 0 0 131 131 0 7 11 6 0 0 1 8 49 5 8 7 2 4 3 109 106 0 2 3 2 2 77 131 8 0 0 2 5 5 55 43 0 
3 39 11 22 25 4 4 1 2 121 130 2 0 0 0 0 0 10 130 37 0 0 0 0 0 0 107 61 0 0 0 0 109 100 4 1 2 2 3 5 78 130 108 7 0 0 0 4 0 10 130 72 2 1 0 2 0 0 127 94 0 0 0 0 130 11 0 0 3 3 4 42 130 38 12 4 0 2 14 37 1 2 27 36 10 9 46 13 0 0 29 35 1 0 9 6 119 0 0 0 0 0 2 59 130 2 0 1 6 2 0 83 0 0 0 4 11 8 8 1 1 1 1 0 0 0 7 8 
137 37 0 0 0 0 0 0 137 43 4 27 4 0 0 0 0 6 72 59 5 0 0 0 0 29 68 0 0 0 0 0 137 11 0 0 0 0 0 22 137 9 2 1 0 0 1 54 8 7 32 5 0 1 10 9 0 10 20 0 0 36 29 1 108 0 0 0 0 0 0 69 103 0 0 0 0 0 90 137 1 0 0 0 0 83 137 34 0 0 0 0 0 137 137 0 14 0 0 0 0 0 1 32 7 0 0 0 0 4 84 74 0 0 0 0 0 72 136 10 0 0 1 0 0 50 36 0 
3 28 20 0 0 0 0 0 1 50 122 2 0 0 0 0 0 5 137 37 0 0 0 0 0 0 55 44 0 0 0 0 90 76 3 0 0 0 0 7 79 137 125 0 0 0 0 0 0 25 137 60 0 0 0 0 0 0 137 137 1 3 2 0 137 14 0 0 0 0 0 42 137 56 3 0 0 0 0 25 2 7 12 7 29 20 0 0 0 0 10 12 20 70 29 0 93 3 0 0 2 0 0 51 137 3 0 0 0 0 0 96 7 1 1 6 69 8 0 1 0 0 0 1 64 24 2 0 
4 33 10 0 0 0 0 5 6 48 97 2 0 0 0 11 10 13 101 18 0 0 0 6 17 9 22 7 0 0 0 12 127 89 8 0 0 0 0 1 77 136 136 20 0 0 0 0 0 8 136 128 0 0 0 0 6 3 119 124 0 0 0 0 136 13 0 0 0 0 0 27 136 44 16 7 0 0 0 27 0 1 46 65 0 0 0 0 0 0 49 97 0 0 0 0 97 3 0 0 0 0 0 50 136 3 2 0 0 0 0 111 7 1 5 9 0 0 0 2 0 4 13 17 0 0 0 0 
67 6 0 0 0 13 9 7 142 36 0 0 0 0 0 2 53 19 0 0 0 0 0 2 4 2 0 0 0 1 1 3 120 1 0 0 1 6 7 43 142 22 0 0 0 0 0 39 60 12 0 0 0 6 7 6 5 2 0 0 0 104 33 2 64 0 0 0 2 12 6 60 142 2 0 0 0 4 66 142 13 1 0 0 0 142 142 40 0 0 0 0 0 142 104 0 3 0 0 0 7 11 4 18 5 0 0 0 0 8 93 107 0 0 0 0 0 81 142 11 0 0 0 0 0 38 34 2 
128 19 0 0 0 0 0 0 117 23 0 0 0 0 0 0 18 14 3 7 27 1 0 0 0 2 5 5 7 0 0 0 128 3 0 0 0 0 0 26 128 20 0 3 2 2 1 18 35 15 4 18 51 13 5 6 0 4 13 5 2 13 9 1 128 0 0 0 0 0 2 128 83 0 0 0 0 3 70 128 11 0 0 0 11 74 128 31 0 0 0 0 0 128 128 1 12 3 2 0 0 0 10 74 4 2 1 0 0 4 122 122 0 0 1 2 0 95 128 8 0 0 1 3 1 78 57 0 
4 64 17 9 7 1 0 0 1 127 127 2 0 0 0 0 0 9 127 46 0 0 0 0 0 0 119 63 0 0 0 0 127 113 4 0 0 0 0 4 61 127 97 5 0 0 0 4 1 9 127 70 1 0 0 2 0 0 112 78 0 0 0 0 127 13 0 0 0 2 1 56 127 39 14 2 0 0 11 37 3 3 35 47 8 5 53 24 0 0 28 43 3 1 12 4 127 1 0 0 0 0 0 65 127 4 0 0 3 1 0 62 0 0 0 1 10 12 11 1 0 0 0 1 1 2 15 6 
6 36 40 17 3 0 0 0 5 74 139 0 0 0 0 0 0 30 139 33 0 0 0 0 0 3 139 41 0 0 0 0 89 30 6 25 28 8 11 11 139 115 103 0 0 0 0 14 9 30 139 20 0 0 0 1 0 0 139 54 0 0 0 0 139 0 0 0 2 6 23 51 139 3 0 0 0 0 0 64 48 4 11 0 0 0 0 14 1 0 18 4 0 0 0 0 133 0 0 0 0 1 1 36 139 0 0 0 0 0 0 30 63 1 0 0 0 0 0 11 1 0 1 0 0 0 0 0 
135 22 0 0 0 0 0 8 135 26 0 0 0 0 0 1 11 1 0 0 0 1 1 1 1 0 0 0 0 0 2 0 135 29 0 0 0 0 0 45 135 10 0 0 0 1 8 46 8 0 0 0 0 24 52 4 0 0 0 0 0 27 75 0 135 0 0 0 0 0 3 96 101 0 0 0 0 24 135 129 0 0 0 0 0 107 135 3 0 0 0 0 0 63 135 0 46 8 0 0 0 0 7 43 9 31 21 5 7 11 90 40 0 0 5 8 30 65 106 0 0 0 0 1 4 54 101 0 
53 115 43 1 0 0 0 7 6 32 128 122 0 0 0 3 0 0 107 128 0 0 0 0 0 1 62 43 0 0 0 0 128 19 0 0 0 0 0 50 75 35 41 38 0 4 0 14 0 1 90 128 19 56 8 0 0 0 53 128 17 16 10 0 128 5 0 0 0 0 0 35 99 5 1 0 4 92 19 44 0 0 1 2 20 128 39 3 0 0 0 8 8 35 69 17 98 8 0 0 0 0 7 25 25 0 0 0 14 101 36 23 0 0 0 0 33 97 6 1 0 0 0 0 1 24 32 4 
86 15 3 1 0 0 0 7 16 12 24 71 28 0 0 0 0 4 45 51 15 1 0 0 0 13 48 9 0 0 0 0 133 10 2 0 0 0 0 41 117 30 101 78 2 0 0 7 1 4 133 110 6 6 0 0 0 8 93 53 20 14 1 0 133 2 0 0 0 0 0 20 133 4 4 2 1 13 20 33 1 0 14 19 9 133 50 5 0 0 4 11 19 133 44 0 93 1 0 0 0 0 4 87 46 1 0 0 5 64 77 92 0 0 0 0 3 133 52 0 0 0 0 0 0 86 31 0 
129 20 0 0 0 0 0 0 106 36 1 1 0 0 0 0 18 22 4 7 36 2 0 0 0 0 4 7 12 0 0 0 129 10 0 0 0 0 0 16 129 38 0 3 7 3 1 11 35 21 2 16 85 17 1 5 0 3 10 13 3 0 0 0 129 0 0 0 0 0 0 129 111 1 0 0 2 6 33 129 12 1 0 0 23 32 84 39 0 1 3 1 0 53 66 7 29 0 0 0 0 0 6 129 6 0 0 0 0 2 116 129 0 0 0 0 0 65 129 22 0 0 0 0 0 127 129 1 
0 0 0 5 4 10 50 55 1 0 0 0 7 105 47 19 132 0 0 0 1 15 11 132 73 0 0 0 0 0 0 44 0 3 16 132 24 2 18 16 9 8 17 31 18 28 21 10 132 36 2 3 4 5 2 24 132 12 0 0 0 0 0 17 14 7 82 132 4 0 6 26 2 21 132 132 5 0 0 0 105 132 132 11 1 0 0 0 81 43 3 0 0 0 0 8 85 11 11 4 0 0 2 27 12 9 93 16 0 0 0 1 0 30 74 2 0 0 0 1 2 9 5 0 1 0 0 1 
4 0 0 0 96 16 14 53 5 0 0 0 2 60 111 90 73 0 0 0 1 45 52 112 46 0 0 0 0 0 1 29 0 0 0 103 132 13 14 10 5 7 8 60 15 29 132 32 132 59 2 0 0 12 41 69 111 8 0 0 0 0 1 31 0 2 32 132 15 0 0 0 3 46 132 132 3 1 1 0 108 132 81 6 0 0 0 1 53 26 0 0 0 0 0 5 2 1 8 6 0 0 2 11 0 5 64 36 1 1 6 5 5 38 36 5 0 0 0 0 7 9 1 0 0 0 0 0 
0 0 0 1 10 11 1 0 0 0 0 0 3 34 48 1 0 0 0 0 0 7 56 18 1 0 1 2 1 6 4 3 0 0 0 1 27 133 6 0 0 0 0 5 14 133 133 12 82 0 0 0 0 12 133 133 59 2 1 5 5 0 1 43 0 0 35 49 94 117 0 0 3 2 35 133 50 66 15 4 133 43 2 25 7 1 9 63 133 9 0 0 3 2 1 37 1 4 43 40 37 8 0 2 0 27 31 76 128 19 0 0 66 133 35 15 15 0 0 0 43 26 3 1 0 0 0 6 
18 20 1 0 0 0 0 0 5 36 52 11 6 0 0 0 4 8 104 118 55 7 1 0 45 29 76 29 3 1 1 6 102 22 0 0 0 0 0 2 123 145 135 2 0 0 0 2 2 15 146 63 0 0 0 0 1 4 146 67 0 0 0 1 126 4 0 0 0 0 0 19 146 31 14 0 0 0 0 83 39 11 80 10 0 0 0 13 0 0 85 18 0 0 0 0 45 8 1 0 0 0 1 14 146 0 0 0 0 0 0 95 72 0 0 0 0 0 0 32 0 0 0 0 0 0 0 0 
112 2 0 0 1 11 28 24 139 1 0 0 0 0 0 17 41 0 0 0 0 0 0 3 0 0 0 0 0 3 4 0 139 92 25 2 0 1 18 23 139 8 0 0 0 0 3 59 51 0 0 0 0 38 46 19 0 0 0 0 0 102 84 0 53 31 17 0 0 0 2 30 117 0 0 0 0 7 106 139 10 0 0 0 0 139 139 29 0 0 0 0 0 139 136 0 1 0 0 0 0 0 16 24 0 0 0 0 0 11 92 19 0 0 0 0 0 37 94 1 0 0 0 0 1 15 26 8 
5 1 1 8 23 15 33 54 11 1 1 9 40 59 71 50 77 0 0 0 2 5 38 118 44 5 2 0 0 0 0 20 0 0 0 118 98 9 36 14 9 4 5 45 16 59 129 30 129 31 1 0 0 5 41 129 128 13 0 0 0 0 0 33 2 2 21 129 21 0 0 1 6 42 129 129 9 3 3 1 129 129 93 5 0 0 0 8 69 63 1 0 0 0 0 3 12 4 6 4 0 0 0 2 10 15 69 24 0 4 1 1 30 53 36 1 0 0 3 4 10 12 1 0 2 6 8 4 
