0 0 0 0 35 43 0 0 4 2 0 0 48 72 0 1 128 70 2 0 3 4 0 17 130 36 0 0 0 0 0 9 0 0 7 37 88 35 0 0 13 1 48 28 38 29 0 4 130 72 12 5 0 0 0 88 110 68 1 0 0 0 0 33 10 20 61 60 14 0 0 0 5 50 130 88 3 0 0 0 122 23 130 130 0 0 0 73 130 23 29 6 0 0 0 86 25 49 1 0 0 0 0 0 23 90 26 4 0 0 0 0 3 20 102 54 0 0 0 0 19 21 52 7 0 0 0 2 
0 0 0 0 0 12 54 11 0 0 0 0 0 140 59 9 98 5 0 0 0 103 76 64 37 1 0 0 0 0 0 13 0 0 0 0 0 83 144 44 27 1 0 0 0 144 144 26 144 44 0 0 0 72 27 68 55 1 0 0 0 0 23 43 0 1 45 13 0 19 35 11 34 10 43 9 0 22 24 5 144 24 6 0 0 0 7 124 23 0 0 0 0 0 79 75 0 0 79 22 0 0 0 0 1 15 124 19 0 0 0 0 55 75 35 0 0 0 2 10 12 2 0 0 0 1 21 10 
0 0 0 0 38 32 0 0 7 4 0 0 65 69 0 1 134 98 0 0 4 4 0 14 113 44 0 0 0 0 0 6 0 0 2 13 98 44 0 0 14 2 32 16 56 38 0 5 134 47 11 3 0 0 0 116 112 37 0 0 0 0 0 46 5 13 59 57 36 1 0 0 4 78 134 55 9 0 0 0 112 47 134 106 0 0 0 63 134 40 32 1 0 0 0 66 28 34 8 0 0 0 0 0 37 103 34 3 0 0 0 0 3 30 105 27 0 0 0 0 8 23 37 1 0 0 0 0 
0 0 0 0 0 8 73 20 0 0 0 0 0 97 86 11 58 1 0 0 0 75 113 64 33 0 0 0 0 0 1 18 0 0 0 0 0 46 141 81 18 1 0 0 0 141 141 28 141 50 0 0 0 69 61 71 79 6 0 0 0 0 14 44 0 0 71 31 0 7 21 11 26 12 65 20 0 15 20 4 141 32 13 0 0 0 5 122 33 0 0 0 0 0 69 98 0 0 64 26 0 0 0 0 0 8 121 31 0 0 0 0 44 65 52 1 0 0 2 8 14 3 0 0 0 0 24 13 
0 0 0 0 38 47 0 0 18 6 0 0 38 72 0 9 131 52 35 12 1 2 0 48 39 14 91 84 0 0 0 3 0 0 16 64 77 25 0 0 41 8 68 57 31 21 0 13 131 103 11 6 0 0 0 89 71 31 10 5 0 0 0 12 16 36 42 44 4 0 0 0 15 67 131 131 0 0 0 2 131 31 131 131 0 0 0 119 88 13 18 3 0 0 0 55 25 59 0 0 0 0 0 0 24 83 13 4 0 0 0 0 6 15 80 44 0 0 0 0 16 10 31 5 0 0 0 2 
50 2 0 0 0 2 10 6 0 0 0 0 5 75 31 5 74 2 0 0 5 75 48 51 20 0 0 0 0 0 0 7 70 1 0 0 0 108 134 27 30 0 0 0 1 143 143 9 143 30 0 0 1 115 35 74 28 0 0 0 0 0 35 34 9 1 21 5 4 107 75 19 49 12 29 3 0 66 67 6 143 20 4 0 0 6 23 113 10 0 0 0 0 0 106 46 0 1 80 16 1 0 0 0 4 25 126 7 0 0 0 0 72 63 25 0 0 1 4 10 5 0 0 0 0 1 23 7 
0 0 0 0 44 46 0 0 0 0 1 3 35 24 0 0 3 1 11 3 1 0 0 0 16 5 1 0 0 0 0 0 16 6 8 7 34 63 0 7 32 14 43 105 9 4 0 5 68 38 97 51 0 0 0 10 19 37 81 53 0 0 0 0 85 16 2 2 16 25 0 14 135 41 45 135 6 0 0 20 135 20 46 135 11 0 0 126 42 28 130 84 0 0 0 47 73 25 2 15 3 1 0 10 135 67 2 38 3 0 0 12 41 4 5 135 22 0 0 60 55 1 10 48 1 0 0 105 
21 0 0 0 0 10 69 75 54 0 0 0 83 78 10 93 135 34 0 0 74 71 3 5 32 1 0 0 3 44 16 2 42 0 0 0 0 18 25 65 101 1 0 0 44 135 69 115 135 32 0 0 32 135 15 31 12 0 0 0 11 135 67 3 6 0 0 0 0 6 4 13 49 8 0 0 3 29 37 26 135 12 3 0 12 128 39 65 2 14 14 1 13 113 19 0 0 12 5 0 0 0 0 0 5 44 32 0 0 0 0 1 8 50 51 1 1 7 9 4 0 33 54 0 1 2 0 0 
0 0 0 2 40 38 0 0 2 1 0 0 34 64 0 1 127 20 15 6 2 5 0 31 63 13 46 120 0 0 0 7 1 0 3 85 70 12 0 0 14 2 16 72 33 18 1 3 129 102 4 3 0 0 0 32 129 55 7 35 0 0 0 9 10 26 19 55 3 0 0 0 7 20 128 129 1 0 0 1 129 27 36 129 0 0 0 91 121 39 2 0 0 0 0 43 12 50 0 0 0 0 0 0 11 69 29 54 0 0 0 0 43 14 52 129 0 0 0 31 86 10 18 25 0 0 0 52 
31 0 0 0 0 15 14 4 0 0 0 0 37 144 29 1 144 8 0 0 36 138 16 29 58 0 0 0 0 0 14 14 64 0 0 0 6 144 57 16 16 0 0 0 34 144 109 2 144 7 0 0 17 70 11 86 43 0 0 0 0 9 80 38 15 1 2 1 19 144 34 21 13 11 12 1 7 61 37 1 144 29 3 0 1 3 5 66 41 1 0 0 0 9 51 27 0 9 45 2 4 10 4 1 0 46 82 0 0 0 0 0 61 92 23 0 0 0 0 2 17 4 0 0 0 4 5 2 
0 0 0 0 59 52 0 0 36 6 0 0 26 25 0 9 143 112 0 0 0 0 0 39 41 42 0 0 0 0 0 3 0 1 10 9 93 42 0 0 30 4 57 13 12 5 0 7 143 5 11 4 0 0 0 143 101 3 0 0 0 0 0 44 1 61 118 37 29 1 0 0 4 101 143 67 0 0 0 0 117 99 143 65 0 0 0 50 103 59 12 0 0 0 0 28 28 63 19 1 0 0 0 0 20 79 40 6 0 0 0 0 1 22 96 12 0 0 0 0 1 18 13 0 0 0 0 0 
0 0 0 0 0 3 40 40 0 0 0 0 0 45 100 2 12 0 0 0 0 28 103 59 13 0 0 0 0 0 1 18 0 0 0 0 0 41 143 111 11 3 0 0 0 143 143 5 143 64 0 0 0 50 116 100 96 12 0 0 0 0 1 22 0 0 26 24 0 10 38 6 56 13 12 5 0 7 30 4 143 65 0 0 0 0 4 103 40 6 0 0 0 0 21 81 0 0 60 51 0 0 0 0 10 8 94 42 0 0 0 1 117 38 30 1 0 0 1 61 19 1 0 0 0 0 28 62 
0 0 0 0 43 19 0 0 1 2 0 1 86 33 0 0 6 69 26 0 4 0 0 0 8 107 57 0 0 0 0 0 0 0 0 1 81 51 0 0 17 4 17 9 57 36 0 2 123 120 25 1 0 0 0 93 23 111 62 0 0 0 1 48 21 10 3 2 79 47 1 1 61 82 123 53 11 5 0 3 56 8 123 122 0 0 2 123 60 14 45 15 0 0 6 123 43 7 0 0 29 30 2 7 123 51 22 6 0 0 0 22 16 12 114 62 0 0 0 0 22 19 90 20 0 0 0 7 
32 0 0 0 0 0 15 125 17 0 0 0 16 92 15 68 103 11 0 0 26 125 45 22 81 7 0 0 0 0 4 14 22 0 0 0 0 0 19 125 14 0 0 0 6 125 125 101 125 60 0 0 8 103 18 21 92 18 0 0 0 9 51 21 0 3 73 5 0 0 5 6 13 7 67 14 0 6 24 5 125 21 22 4 0 9 57 79 13 1 6 2 1 70 125 33 0 1 70 7 0 0 0 0 0 2 103 26 0 0 0 0 1 4 110 15 0 2 5 4 0 0 59 22 1 6 10 1 
0 0 1 1 10 10 0 0 29 1 3 1 0 1 1 5 138 11 0 0 0 0 0 42 82 6 0 0 0 0 0 10 0 4 38 8 4 2 0 0 24 3 32 18 0 0 0 3 138 8 1 1 0 0 0 82 138 3 0 0 0 0 0 42 0 81 138 12 0 0 0 0 2 14 138 138 0 0 0 0 113 137 138 26 0 0 0 37 119 71 5 0 0 0 0 28 3 65 33 1 0 0 0 0 1 14 114 43 0 0 0 0 1 45 138 12 0 0 0 0 3 36 13 0 0 0 0 0 
0 0 0 0 0 13 62 3 0 0 0 0 0 59 118 1 6 0 0 0 0 29 115 79 13 0 0 0 0 0 3 35 0 0 0 0 0 70 136 6 2 0 0 0 0 124 136 4 136 21 0 0 0 40 99 136 136 8 0 0 0 0 0 41 3 0 0 0 0 13 42 1 30 12 0 0 0 6 28 2 136 121 0 0 0 0 2 22 122 31 0 0 0 0 3 22 1 1 9 8 0 0 0 0 27 6 5 2 0 0 0 3 136 6 0 0 0 0 0 94 37 0 0 0 0 0 5 80 
131 11 0 0 0 0 0 8 131 7 0 0 0 0 0 7 6 2 0 0 0 0 1 1 1 0 0 0 0 0 0 3 131 5 0 0 0 0 0 31 131 5 0 0 0 0 2 33 4 0 0 0 0 22 22 4 0 0 0 0 0 43 78 15 131 2 0 0 0 0 3 104 72 1 0 0 0 14 131 131 0 0 0 0 0 131 131 8 32 9 0 0 0 131 122 34 6 0 0 0 0 0 8 37 0 0 0 0 0 8 129 60 4 6 0 0 0 54 104 6 45 64 0 0 0 13 12 1 
129 2 0 0 0 0 0 14 95 2 0 0 0 0 0 7 5 2 0 0 0 0 0 2 3 0 0 0 0 0 0 2 129 0 0 0 0 0 0 45 129 0 0 0 0 0 1 30 2 0 0 0 0 23 24 5 2 0 0 0 0 19 70 21 129 0 0 0 0 0 6 103 87 0 0 0 0 31 129 129 1 1 0 0 0 129 129 1 71 27 0 0 0 87 117 59 9 0 0 0 0 0 14 47 2 0 0 0 0 20 129 53 19 37 0 0 0 67 83 4 78 129 0 0 0 6 6 0 
3 0 0 0 0 3 38 20 14 1 0 0 0 78 28 16 11 0 0 0 0 83 96 74 48 0 0 0 0 0 13 69 12 0 0 0 0 31 103 115 8 0 0 0 0 131 95 39 117 21 0 0 0 89 83 118 131 9 0 0 0 0 53 106 8 0 0 0 1 42 52 65 24 14 0 0 3 122 35 7 123 40 0 0 0 25 56 29 131 25 0 0 0 6 36 52 5 0 1 1 1 3 2 4 6 14 2 2 1 6 2 1 65 18 0 0 0 9 15 5 131 52 0 0 0 0 0 13 
6 0 0 0 0 9 49 15 9 0 0 0 0 96 42 29 21 0 0 0 0 133 115 64 47 0 0 0 0 0 35 103 0 0 0 0 0 61 133 66 3 0 0 0 2 133 121 61 105 10 0 0 0 131 79 63 133 3 0 0 0 1 62 115 6 0 0 0 0 16 44 45 7 8 4 1 6 65 34 13 65 15 1 0 0 11 31 15 133 37 0 0 0 1 12 34 13 0 0 0 0 0 0 7 6 2 2 0 0 2 1 3 47 5 0 0 0 3 1 3 133 60 0 0 0 0 0 1 
12 30 33 6 14 5 0 0 11 25 130 53 0 1 0 5 46 7 87 41 0 0 7 130 21 4 11 2 0 0 20 130 130 43 10 0 10 10 0 34 110 82 130 50 0 0 0 7 1 6 130 130 0 0 0 11 38 38 130 31 0 0 3 53 130 91 0 0 3 2 0 16 130 49 1 0 0 0 0 6 1 8 20 3 0 0 0 0 0 3 34 3 0 0 0 0 130 41 0 0 0 0 0 48 69 36 0 0 0 0 0 15 0 3 4 1 0 0 0 0 0 0 2 0 0 0 0 0 
27 0 0 0 42 100 32 29 114 0 0 0 0 11 20 58 5 0 0 0 0 0 0 4 3 0 0 0 0 0 0 1 129 4 0 0 77 136 9 12 136 16 0 0 0 4 1 28 7 0 0 0 0 0 7 11 1 0 0 0 0 2 8 7 136 3 0 0 6 51 15 17 136 5 0 0 0 16 67 81 0 0 0 0 0 73 136 21 0 0 0 0 0 65 136 31 43 4 9 1 0 0 2 24 36 1 10 3 0 50 122 72 0 0 13 3 0 94 136 18 0 0 2 0 0 49 99 26 
5 32 33 5 11 1 0 0 5 24 138 18 0 0 0 4 6 8 138 17 0 0 17 93 40 28 41 1 0 0 24 131 136 71 13 1 18 2 0 28 94 93 138 18 0 0 0 5 1 10 138 45 0 0 0 0 21 60 138 4 0 0 0 3 138 1 0 0 16 6 1 81 138 12 1 0 0 0 0 53 6 9 11 0 0 0 0 0 0 6 11 0 0 0 0 0 105 31 0 0 3 1 0 15 138 32 0 0 0 0 0 27 8 6 1 0 0 0 0 0 0 1 0 0 0 0 0 0 
43 0 0 0 26 99 53 46 129 0 0 0 0 0 16 68 5 0 0 0 0 0 0 6 0 0 0 0 0 0 0 2 138 3 0 0 34 90 3 17 138 13 0 0 0 0 1 25 7 0 0 0 0 0 10 9 0 0 0 0 0 2 17 6 138 3 0 0 1 11 4 24 138 4 0 0 0 6 87 94 0 0 0 0 0 89 138 9 0 0 0 0 0 58 138 21 37 4 8 0 0 0 3 29 21 2 15 0 0 25 133 77 0 0 23 4 1 109 138 1 0 1 8 0 0 24 82 14 
