10 11 2 1 0 0 0 6 4 84 86 5 0 0 0 2 1 15 135 50 1 0 0 0 2 4 59 35 0 0 0 0 123 45 1 2 4 0 0 4 135 135 118 3 0 0 0 1 3 32 135 76 0 0 0 0 0 0 135 124 0 0 0 0 135 10 0 6 5 0 0 13 135 27 2 0 0 0 0 47 20 22 17 5 0 0 1 27 2 1 48 26 0 0 2 6 74 3 2 3 4 0 0 26 135 0 0 0 0 0 0 135 30 4 0 0 0 0 0 60 3 1 0 0 0 0 2 6 
135 11 0 0 0 0 0 2 135 12 0 0 0 0 0 8 11 1 0 1 6 12 3 2 0 0 0 0 1 28 4 1 135 11 0 0 0 0 2 25 135 10 0 0 0 2 9 59 4 0 0 0 10 38 23 16 0 0 0 0 15 135 12 1 80 8 0 0 0 1 2 94 100 0 0 0 0 12 127 135 1 0 0 0 1 135 135 16 0 0 0 0 4 135 101 0 1 1 0 0 0 5 3 15 0 0 0 0 0 16 111 49 1 8 3 0 0 47 127 1 4 9 6 0 0 19 25 0 
11 36 5 0 0 0 0 6 4 82 129 17 0 0 0 2 2 5 129 52 0 0 0 0 0 0 73 39 0 0 0 0 129 80 5 3 2 0 0 4 105 129 129 8 0 0 0 1 3 9 129 76 0 0 0 0 0 0 129 123 0 0 0 0 129 22 0 3 3 0 0 26 129 32 2 0 0 0 0 49 11 4 14 8 1 1 1 15 0 0 17 46 8 1 0 0 104 1 0 2 1 0 0 53 115 0 0 0 0 0 0 129 24 1 0 0 0 0 0 18 0 1 6 2 1 0 0 0 
133 11 0 0 0 0 0 10 133 54 0 0 0 0 0 4 9 14 5 1 1 0 0 0 2 0 0 0 0 3 3 3 133 9 0 0 0 0 1 18 133 10 0 0 0 0 4 38 5 2 0 1 5 23 12 4 0 0 0 0 0 87 17 0 133 5 0 0 0 1 5 74 133 0 0 0 0 4 88 133 1 0 0 0 1 101 133 21 0 0 0 0 1 133 80 0 6 4 0 0 1 6 7 35 4 1 0 0 0 16 133 89 0 7 2 0 0 71 133 3 0 7 2 0 0 48 54 1 
6 19 23 2 0 0 0 1 2 47 100 1 0 0 0 1 0 28 97 11 0 0 0 0 0 2 43 34 0 0 0 0 136 56 14 0 0 0 0 15 101 129 136 18 1 1 0 0 0 10 136 104 2 2 3 1 0 3 136 109 0 0 0 0 136 20 0 0 0 0 0 32 136 47 9 16 16 3 0 32 19 6 35 59 26 12 11 21 27 7 82 47 0 0 0 17 123 4 0 0 0 0 0 38 136 0 1 8 0 0 0 76 16 2 15 64 2 0 0 5 28 4 9 13 0 0 0 15 
81 26 0 0 0 0 0 4 143 21 0 0 0 5 2 12 39 10 0 0 1 46 30 8 23 18 1 2 0 7 8 0 111 5 0 0 0 0 0 46 143 10 5 5 5 6 2 31 42 62 25 12 6 24 16 7 22 27 0 0 0 57 39 1 57 0 0 0 0 2 9 71 143 1 2 0 0 11 64 143 11 11 10 0 0 112 143 26 0 1 0 0 0 143 143 0 12 0 0 0 0 4 2 22 21 0 0 0 0 27 84 85 0 0 0 0 0 79 143 6 0 0 0 0 0 51 50 0 
5 23 29 1 0 0 0 1 2 42 124 1 0 0 0 0 1 30 108 11 0 0 0 0 0 4 52 9 0 0 0 0 134 64 11 0 0 0 0 15 101 119 134 12 0 0 0 2 0 6 134 112 1 3 2 0 0 3 134 93 0 0 0 0 134 25 0 0 0 0 0 34 134 61 7 6 9 0 0 25 5 6 26 56 42 19 13 12 29 4 59 44 1 1 6 29 123 4 0 0 0 0 0 46 134 1 0 4 1 0 0 75 13 1 9 68 10 0 0 4 22 3 12 31 0 0 0 16 
73 10 0 0 0 0 0 16 141 27 0 1 4 4 3 9 33 25 3 4 9 45 27 4 29 35 0 0 0 5 4 2 115 8 0 0 0 0 2 47 141 33 5 6 3 1 1 33 28 60 39 14 6 8 12 7 13 31 1 0 0 43 38 0 78 0 0 0 0 1 6 77 141 1 0 0 0 16 65 141 10 3 3 0 0 88 141 30 0 0 0 0 0 141 141 0 21 0 0 0 0 1 3 26 21 0 0 0 1 26 97 91 0 0 0 0 0 79 141 5 0 0 0 0 1 57 61 1 
1 2 2 2 1 1 0 0 28 14 6 3 2 3 1 6 97 139 17 0 0 0 0 5 80 91 5 0 0 0 0 1 3 0 1 3 4 1 0 8 51 1 2 13 12 5 1 25 139 84 7 0 0 0 0 134 48 82 16 2 0 0 0 10 14 3 18 26 0 0 0 3 38 19 46 66 2 0 0 6 139 71 14 18 0 0 0 139 139 14 10 3 0 0 0 59 5 3 57 68 0 0 0 0 97 33 101 57 0 0 0 13 95 139 81 37 0 0 0 9 94 55 4 1 0 0 0 13 
3 0 0 0 0 32 73 37 17 0 0 0 0 84 34 66 8 0 0 0 0 130 89 61 65 3 0 0 0 3 27 101 20 0 0 0 0 38 98 124 15 0 0 0 0 130 121 82 99 27 0 0 0 130 44 67 130 27 0 0 0 5 77 85 13 0 0 0 0 8 25 50 8 7 1 2 4 77 40 11 90 41 0 0 0 22 36 11 130 33 0 0 0 14 43 35 15 2 0 0 0 0 0 2 3 6 6 2 1 1 0 0 36 10 0 0 0 5 9 3 130 44 0 0 0 0 1 7 
0 0 0 2 2 1 0 1 6 3 8 9 2 2 2 2 18 40 62 2 0 0 0 1 110 54 20 0 0 0 0 0 6 2 7 20 2 0 0 2 34 4 6 27 7 2 1 16 121 87 69 0 0 0 0 55 60 104 103 0 0 0 0 2 20 6 55 121 0 0 0 1 41 24 58 121 1 0 0 4 121 49 36 32 0 0 0 108 110 26 47 2 0 0 0 38 3 3 88 121 0 0 0 0 37 56 121 121 0 0 0 0 55 84 121 63 0 0 0 13 83 31 15 1 0 0 0 18 
4 17 6 4 0 0 0 5 5 69 63 5 0 0 0 3 0 15 107 50 0 0 0 0 0 1 54 36 0 0 0 0 120 66 7 0 0 0 0 11 91 137 137 13 2 0 0 2 4 12 137 80 0 0 0 2 0 0 137 124 0 0 0 0 137 12 0 0 0 0 0 32 137 32 19 18 4 0 0 34 57 15 66 26 1 0 0 12 6 1 97 72 0 0 0 3 118 2 0 0 0 0 0 35 137 3 5 3 0 0 0 90 22 5 6 3 1 0 2 14 7 0 3 2 0 0 2 12 
109 15 0 0 0 0 0 6 138 38 0 0 0 0 0 14 55 6 0 0 0 17 12 4 0 0 0 1 8 16 5 0 138 17 0 0 0 0 0 24 138 13 0 0 0 3 10 61 47 9 1 0 0 28 51 20 10 2 1 0 3 64 32 3 66 7 0 0 0 1 9 67 138 3 1 0 0 8 68 138 23 11 4 0 0 130 138 26 3 0 0 0 0 138 138 1 2 2 0 0 1 5 7 14 6 1 0 0 0 16 86 80 0 0 0 0 2 76 138 6 0 1 0 0 0 42 40 0 
7 12 13 5 0 0 0 1 7 43 53 0 0 0 0 1 3 30 68 10 0 0 0 0 0 2 32 48 0 0 0 0 92 36 10 0 0 0 1 23 102 142 142 15 0 0 0 5 1 20 142 107 0 0 0 0 0 2 114 113 1 0 0 0 142 11 0 0 0 0 0 23 142 62 19 11 9 2 0 31 19 11 67 68 20 15 10 18 11 6 116 87 0 0 0 12 90 2 0 0 0 0 0 35 142 5 1 7 4 0 0 97 34 2 9 72 10 2 0 13 34 5 12 13 0 0 0 17 
62 30 0 0 0 0 0 2 145 27 0 0 0 1 0 15 66 13 0 1 2 51 18 9 23 28 0 0 0 17 9 4 81 11 0 0 0 0 0 42 145 15 0 1 1 1 1 54 65 41 28 11 7 27 35 10 18 34 3 0 0 113 68 0 27 1 0 0 0 4 17 57 145 1 0 0 0 12 61 145 20 3 3 0 0 145 145 48 0 0 0 0 0 145 145 0 5 1 0 0 0 7 5 14 10 1 0 0 0 19 55 61 0 0 0 0 4 78 96 6 0 0 0 0 1 27 33 0 
32 33 0 2 5 1 0 0 47 92 69 80 1 0 0 0 3 0 16 139 22 0 0 3 6 0 1 16 6 2 0 6 134 30 0 0 1 0 0 6 139 70 16 48 1 0 0 15 1 3 11 139 69 0 0 0 1 0 2 107 38 1 0 1 122 7 0 0 3 0 0 22 139 4 1 1 0 0 0 76 27 3 1 139 46 0 0 7 0 0 0 139 85 0 0 0 48 0 0 0 2 0 0 21 139 0 0 0 0 0 0 66 42 2 0 12 4 0 0 11 0 0 0 108 50 0 0 0 
115 5 0 0 0 0 0 5 134 3 0 0 3 1 0 18 3 0 0 0 43 40 0 0 0 0 0 0 90 81 0 0 134 3 0 0 0 0 0 15 134 1 0 0 4 6 2 35 5 0 0 0 125 96 1 3 0 0 0 0 130 93 0 0 115 3 0 1 5 3 3 24 134 0 0 0 1 22 10 88 2 0 0 0 117 134 10 10 3 0 0 0 55 78 2 0 33 8 0 0 3 3 0 17 59 0 0 0 0 51 60 102 2 2 0 0 11 134 33 2 4 2 0 0 8 13 1 0 
12 13 16 5 0 0 0 2 3 47 102 7 0 0 0 0 6 19 123 14 0 0 0 0 3 6 62 7 5 5 3 0 116 52 4 0 0 0 1 20 115 140 140 10 0 0 0 11 4 12 140 62 0 0 0 3 0 0 140 84 0 0 0 0 140 3 0 0 0 0 0 59 140 19 7 0 0 0 0 108 48 17 54 16 0 0 0 22 0 3 58 63 2 2 1 0 93 11 0 0 0 0 0 20 140 46 0 0 0 0 0 37 63 35 4 2 4 0 0 4 0 2 4 4 25 10 1 0 
92 6 2 3 0 0 0 16 139 52 0 0 0 0 0 8 41 20 7 3 0 0 1 8 2 9 20 2 0 0 6 4 125 1 0 2 0 3 6 41 139 5 0 0 0 4 4 42 40 3 0 0 1 45 57 16 1 0 0 0 0 26 120 20 88 3 0 0 0 0 3 57 139 0 0 0 0 19 92 139 7 0 0 0 0 139 139 16 0 0 0 0 0 97 139 7 21 3 0 0 0 1 5 17 9 0 0 0 1 19 100 53 0 0 0 0 1 89 116 3 0 0 0 0 1 37 43 1 
