0 0 2 51 88 0 0 0 21 1 0 7 20 0 0 24 53 16 3 7 7 1 6 66 101 35 3 4 2 0 1 1 10 2 5 123 57 0 0 4 16 1 2 123 35 0 0 5 123 30 8 5 0 0 0 68 123 91 6 1 1 0 0 21 52 2 4 74 66 6 0 14 5 8 26 123 123 20 0 2 98 48 123 30 2 0 0 21 123 25 14 1 0 0 0 27 28 4 0 1 82 12 0 2 54 10 5 2 123 36 0 21 107 50 111 12 0 0 0 21 41 34 50 8 0 0 0 1 
100 73 0 0 0 0 0 0 57 36 11 7 2 0 0 0 0 7 21 9 18 25 20 2 0 1 2 2 35 72 24 0 123 44 0 0 0 0 0 35 56 23 1 6 7 0 28 14 1 0 0 89 118 32 33 5 0 0 3 88 61 73 48 0 123 20 2 2 0 3 20 113 13 1 1 4 11 119 123 46 11 0 0 58 20 47 123 123 13 0 11 123 29 3 19 61 64 36 6 10 4 6 18 23 2 2 4 47 75 82 52 4 83 9 0 4 20 33 32 60 83 17 1 11 11 0 2 52 
123 40 0 0 0 0 0 0 59 22 7 6 7 0 0 0 0 1 3 18 59 68 15 0 0 0 0 6 51 77 16 0 123 53 1 0 0 0 1 21 70 17 1 6 7 6 27 8 0 0 14 123 76 19 63 6 0 0 47 123 29 21 12 1 123 2 0 0 0 4 11 108 25 2 0 0 23 123 95 27 25 0 3 16 18 89 123 105 36 2 9 81 35 3 25 82 68 40 4 3 0 4 8 52 5 12 9 57 51 94 23 12 78 11 0 12 30 40 8 35 103 30 2 5 6 0 0 31 
108 55 0 0 0 0 0 8 57 48 1 5 3 0 0 0 1 2 8 8 25 21 21 2 0 0 1 2 35 66 22 0 125 12 0 0 0 0 2 50 64 16 0 4 8 4 40 37 1 0 0 65 125 32 35 13 0 0 0 35 77 85 53 0 125 59 3 6 3 1 14 70 14 2 1 10 15 90 125 77 15 0 0 74 44 29 119 125 7 0 0 125 75 9 8 22 59 23 7 10 9 7 19 23 2 1 1 34 88 65 47 8 106 16 0 2 13 17 13 105 51 5 0 40 46 1 1 33 
0 0 1 3 8 21 12 0 0 0 0 19 27 101 27 0 20 3 0 34 42 64 20 10 83 8 0 1 0 0 1 17 0 0 4 47 28 119 41 0 0 0 10 39 21 123 123 0 39 2 8 4 1 70 112 70 123 6 0 0 0 0 2 81 0 0 26 123 35 11 0 0 0 1 72 123 68 16 7 0 33 45 123 69 5 2 9 16 123 62 43 0 0 0 0 28 0 0 0 14 32 12 1 0 2 8 14 74 97 2 0 0 34 111 75 15 5 0 0 0 11 71 77 0 0 0 0 0 
0 0 0 0 15 103 3 0 2 0 0 0 10 115 77 68 6 0 0 0 0 20 113 113 27 11 0 0 0 18 41 27 0 0 1 8 65 115 7 0 20 1 9 46 65 87 19 45 115 41 3 4 0 1 22 115 65 113 6 0 0 0 5 5 18 31 48 19 19 34 5 2 5 7 115 115 9 0 0 3 115 47 93 58 0 0 0 46 115 52 5 0 0 0 0 18 55 46 18 1 0 1 0 0 6 18 90 37 0 0 0 0 20 22 115 60 0 0 0 2 58 15 15 2 0 0 0 12 
2 0 0 0 3 27 58 21 3 0 0 0 0 49 109 33 27 0 0 0 0 109 91 36 52 0 0 0 0 4 7 20 0 0 1 64 56 31 42 8 6 1 0 2 15 123 123 21 123 10 0 0 0 83 58 60 122 3 0 0 0 1 7 39 0 0 7 64 123 54 0 0 13 24 73 44 60 100 3 1 123 62 28 0 0 7 2 37 73 0 0 0 0 8 57 64 0 0 50 67 37 4 0 0 0 6 123 82 3 0 0 0 11 21 113 51 2 0 2 5 4 1 23 19 4 7 40 10 
66 8 1 0 0 1 10 46 28 52 31 1 0 0 2 22 0 21 46 31 6 0 0 0 0 0 4 12 15 4 0 0 122 22 1 0 0 29 54 63 132 132 19 7 9 3 9 39 1 22 18 44 101 25 0 0 0 0 0 4 47 45 1 0 132 26 0 0 1 13 58 73 132 47 6 2 13 42 41 115 0 0 2 3 89 132 18 2 0 0 0 0 25 47 4 0 126 27 2 0 2 5 19 34 66 7 0 0 1 32 132 132 1 0 0 0 3 87 63 64 2 0 0 0 1 6 6 8 
0 0 0 3 6 40 25 0 0 0 0 33 43 95 46 0 76 8 1 21 20 20 15 24 63 5 0 1 0 0 0 18 0 0 6 113 44 81 41 0 0 1 18 90 19 115 115 10 115 12 11 6 0 16 49 111 115 16 4 3 1 0 0 24 0 0 6 115 66 8 2 0 2 21 71 115 67 1 1 1 89 114 115 25 0 0 0 15 115 45 30 1 0 0 0 9 0 5 16 35 19 5 1 1 8 48 75 71 21 0 0 0 15 110 89 1 0 0 0 0 3 19 43 2 0 0 0 0 
11 2 0 0 2 31 6 4 0 0 0 0 4 88 72 58 2 0 0 0 0 13 107 90 8 0 0 0 0 6 47 66 1 1 0 0 37 118 17 2 8 0 0 7 79 118 53 65 70 18 0 0 0 13 100 118 80 48 1 0 0 4 21 60 8 7 9 10 37 116 10 0 15 9 93 118 57 31 1 11 118 52 53 43 0 0 0 65 89 80 8 2 1 0 0 8 45 43 7 0 6 17 2 0 26 31 111 48 0 0 0 0 60 27 118 64 0 0 0 6 68 13 8 2 0 0 0 10 
0 0 2 44 96 0 0 0 26 0 0 6 27 1 0 32 49 7 1 13 14 1 7 77 110 19 2 8 5 0 1 2 12 2 4 122 83 0 0 6 21 1 0 122 47 0 0 6 122 38 9 2 0 0 1 55 122 88 9 4 2 0 0 8 66 2 3 95 52 3 0 19 2 3 12 122 122 9 0 1 122 28 49 35 5 0 0 45 122 38 2 1 2 0 0 36 48 5 0 2 65 9 0 5 27 12 9 16 122 37 1 12 65 53 122 25 1 0 0 10 91 26 33 6 0 0 0 6 
0 0 0 11 63 43 5 0 15 0 0 0 7 17 14 31 41 12 1 7 7 3 28 90 36 58 4 9 7 2 5 5 0 0 30 123 76 0 0 0 9 1 32 75 11 0 0 5 94 23 9 2 0 0 0 74 123 78 4 0 0 0 0 56 8 2 42 123 32 4 0 2 8 12 69 123 67 17 1 2 40 123 123 17 0 0 0 9 115 101 92 0 0 0 0 19 9 0 1 8 95 20 0 3 43 6 2 5 123 49 5 24 123 62 50 0 0 0 1 47 19 34 74 0 0 0 0 2 
40 38 37 14 6 13 13 24 35 108 72 22 17 24 28 45 82 91 38 10 0 1 7 23 2 5 5 32 2 1 2 1 49 97 100 14 3 2 8 57 63 121 121 29 0 1 3 14 18 40 121 118 7 1 1 3 1 1 29 69 3 0 0 0 121 25 4 2 4 0 17 121 121 46 6 4 5 14 36 102 9 1 12 47 22 25 29 34 0 0 10 54 15 11 3 0 121 26 0 0 0 0 5 51 58 5 0 0 3 7 66 105 8 0 0 0 0 13 87 62 0 0 0 0 4 13 33 7 
43 22 9 10 0 0 3 34 127 58 3 0 0 0 0 1 19 7 4 6 18 15 6 0 0 0 0 0 62 62 7 0 127 8 2 3 1 0 3 81 127 32 0 0 0 0 0 27 22 4 0 27 116 23 3 1 0 0 0 18 122 92 13 0 127 1 0 2 14 1 2 50 127 2 0 0 1 10 20 88 8 1 0 51 69 17 79 68 0 0 0 127 110 14 9 12 71 18 0 1 6 0 0 13 108 30 2 9 14 26 26 69 15 0 0 8 34 65 70 104 24 0 0 58 37 0 9 75 
56 16 5 0 1 9 19 31 61 53 15 0 0 2 3 44 3 69 38 12 5 0 0 0 0 2 10 26 18 6 0 0 112 35 7 11 10 44 35 35 128 128 26 2 2 10 9 41 5 50 30 20 62 38 5 0 0 0 0 3 60 79 0 0 127 77 4 7 5 18 33 66 128 58 4 1 3 34 46 128 3 1 1 3 37 128 56 33 0 0 0 0 15 98 12 2 60 30 0 0 0 8 32 55 21 7 2 0 0 56 114 128 4 0 0 0 9 69 82 109 1 0 0 0 0 10 16 18 
42 74 15 1 1 2 1 7 7 57 118 69 7 3 0 2 91 70 69 43 5 0 4 34 42 1 0 1 41 27 12 59 116 78 14 5 2 0 3 36 101 42 68 39 7 1 0 42 4 4 41 95 118 25 16 20 1 0 0 1 79 34 87 113 77 41 40 10 4 3 5 21 118 27 1 0 6 28 8 40 1 0 0 53 118 95 14 3 0 0 0 55 94 11 22 16 4 38 65 5 1 2 0 0 12 24 7 2 30 100 5 2 2 0 0 11 40 118 44 18 0 0 0 33 50 21 1 3 
45 19 10 19 0 0 0 25 83 116 18 13 0 0 0 2 27 24 1 5 41 53 14 1 1 0 0 1 10 46 64 5 72 10 7 1 0 0 3 116 116 86 8 4 2 0 0 85 7 12 4 106 116 14 0 0 6 7 3 64 58 24 17 4 73 17 112 44 0 0 0 20 116 9 29 15 0 3 32 116 8 0 0 50 47 46 112 36 0 0 0 44 116 80 13 2 75 9 48 39 1 0 0 18 16 4 30 92 71 35 33 23 4 0 0 2 22 59 116 33 8 7 5 16 27 43 29 8 
33 5 1 0 1 1 26 57 14 35 33 3 5 0 0 12 0 24 43 16 0 0 0 0 0 0 6 19 6 0 0 0 132 15 0 0 0 6 35 74 132 115 40 11 5 0 5 44 0 20 42 60 61 14 0 0 0 0 0 9 38 29 0 0 132 18 1 0 4 3 36 110 132 78 12 10 29 33 26 70 0 3 5 14 132 132 6 0 0 0 0 0 20 45 4 0 108 18 9 11 7 1 18 52 110 4 0 0 2 40 127 132 1 0 0 0 11 103 48 41 1 0 0 0 3 8 2 2 
0 2 54 63 4 0 0 0 56 113 46 1 0 0 0 0 24 89 85 84 1 1 0 0 0 0 95 84 1 0 0 0 7 8 45 58 32 42 10 16 106 113 35 2 0 1 7 24 37 52 26 19 0 9 60 16 5 3 82 56 0 1 22 27 36 0 0 0 8 112 24 64 113 2 0 0 7 38 18 100 14 1 0 0 14 113 113 27 77 14 0 1 0 6 59 113 25 0 0 0 1 14 6 28 71 0 0 0 5 34 48 99 42 7 0 0 14 91 37 16 113 51 0 0 0 1 3 17 
47 0 0 0 0 11 30 25 19 3 9 38 6 2 32 70 8 1 11 131 85 0 0 4 6 20 26 41 33 0 0 0 68 0 0 0 27 86 38 35 131 14 0 2 8 21 40 131 72 2 8 95 131 0 0 22 35 102 43 48 65 0 0 0 57 3 0 0 14 49 49 31 131 116 0 0 6 11 5 24 74 19 28 47 31 0 0 11 6 67 66 33 38 18 2 0 52 1 0 0 0 6 20 18 131 18 0 0 0 0 12 131 24 3 4 0 0 0 5 102 2 2 8 1 55 14 0 9 
0 0 1 3 9 22 8 0 0 0 0 14 32 114 18 0 27 3 2 23 33 70 15 18 83 7 1 0 0 0 0 18 0 0 2 34 35 125 26 0 0 0 8 31 30 125 108 0 52 3 7 3 2 70 91 80 125 5 1 0 0 0 0 81 0 0 25 125 36 11 0 0 0 0 76 125 69 18 6 0 42 49 125 64 6 2 7 14 125 64 33 0 0 0 0 27 0 0 0 14 29 10 1 0 2 6 8 75 107 2 0 0 38 109 65 17 8 0 0 0 13 79 61 0 0 0 0 0 
0 0 0 0 19 94 3 0 0 0 0 0 13 115 92 61 6 2 0 0 0 32 115 80 31 23 0 0 0 19 24 15 0 0 0 5 82 115 5 0 14 1 9 33 69 100 22 50 115 42 3 3 0 1 21 115 73 111 5 0 0 0 2 6 9 21 41 16 32 55 4 2 3 11 115 109 16 2 0 3 115 57 115 40 0 0 0 49 115 34 4 0 0 0 0 31 55 45 20 0 0 2 0 0 8 30 101 20 0 0 0 0 10 22 115 35 0 0 0 1 43 15 22 2 0 0 0 10 
2 0 0 3 4 13 57 30 3 0 0 0 0 29 109 52 17 0 0 0 0 84 114 30 43 2 0 0 0 6 12 20 0 0 0 69 73 34 29 9 5 1 0 2 15 119 119 29 119 13 0 0 0 69 86 62 119 5 0 0 0 1 5 34 0 0 12 69 119 55 0 0 10 24 80 72 42 79 6 2 119 63 28 2 0 5 2 32 89 1 0 0 0 1 35 66 0 0 45 78 15 1 0 0 0 4 119 111 2 0 0 0 15 17 92 66 2 1 1 8 8 0 10 18 1 6 51 20 
33 8 0 0 39 25 10 1 141 86 29 6 4 0 0 0 3 18 26 28 134 18 1 0 56 0 0 0 41 14 8 18 71 2 0 17 40 13 7 16 148 20 1 10 9 0 0 52 20 1 1 59 148 10 0 6 55 1 0 5 83 14 6 25 44 1 0 20 83 3 0 8 148 4 0 0 3 1 2 104 34 0 0 32 148 13 6 25 9 0 0 17 116 7 8 26 28 0 0 5 39 12 0 3 148 10 0 0 5 3 4 22 20 1 0 6 119 58 23 10 0 0 0 5 84 11 3 0 
89 13 3 0 0 0 0 9 105 52 19 13 29 1 0 7 4 1 2 30 143 2 0 0 47 10 0 3 18 0 0 8 117 5 8 21 6 0 0 26 143 10 5 33 34 0 0 46 3 1 1 128 143 0 0 0 80 1 0 12 39 0 0 27 80 11 4 32 48 0 0 9 143 4 0 8 18 1 1 78 10 0 0 62 143 11 1 13 32 13 8 19 75 1 0 16 35 13 2 33 49 0 0 0 143 13 0 2 3 13 18 33 3 0 0 0 137 77 30 10 43 16 8 1 41 8 0 1 
0 0 0 0 4 74 11 5 2 0 0 0 4 122 61 51 8 0 0 0 0 9 77 122 9 0 0 0 0 9 77 44 0 0 0 5 35 122 18 0 19 0 1 29 75 122 18 38 106 17 1 2 1 6 38 122 58 70 2 0 0 2 30 31 19 35 32 27 12 37 9 2 10 5 78 122 24 3 0 4 122 55 32 61 0 0 0 39 79 116 11 1 0 0 0 3 41 56 17 6 0 1 0 0 3 10 79 105 0 0 0 0 76 32 79 104 0 0 0 4 88 19 6 1 0 0 0 5 
33 15 53 24 0 0 0 4 50 12 11 11 44 33 24 19 21 11 8 2 46 44 17 31 99 13 3 0 0 0 9 60 7 8 80 71 4 5 23 45 12 10 40 83 107 57 16 11 67 116 89 8 26 19 1 2 61 40 91 51 2 0 5 39 4 5 39 7 4 19 82 89 30 5 34 22 65 102 46 13 116 51 20 10 8 5 21 109 27 46 55 65 7 11 41 58 0 24 116 15 1 0 2 2 4 5 116 116 42 1 1 0 32 18 35 49 7 0 23 76 7 22 11 1 0 5 52 74 
9 0 0 0 24 81 46 9 95 52 0 3 7 25 51 67 15 14 0 15 113 82 20 15 32 4 0 0 32 22 26 49 12 0 16 5 18 70 45 37 59 11 15 1 1 35 113 113 13 9 18 2 32 113 113 10 113 94 6 0 10 18 6 5 1 22 91 27 19 13 9 4 43 67 97 24 7 9 26 16 29 32 113 83 40 13 13 5 113 43 6 11 13 1 1 82 6 6 5 2 5 28 65 7 113 20 2 2 6 13 17 21 33 10 6 18 113 43 6 6 49 0 0 4 30 8 4 45 
122 27 0 0 0 0 0 0 64 15 0 11 20 2 0 0 0 0 1 37 98 80 2 0 3 0 4 23 41 45 1 0 122 44 2 0 0 0 2 14 78 12 0 12 11 8 23 7 0 0 21 122 56 17 54 5 4 0 31 122 39 5 2 2 122 2 0 0 0 3 8 90 37 2 0 0 47 122 76 27 41 0 1 14 23 84 122 114 30 1 1 71 94 1 8 49 80 12 2 0 1 3 6 70 13 7 7 33 66 88 16 19 115 12 0 8 29 34 0 38 82 21 2 18 27 0 0 18 
1 0 31 52 28 20 7 4 9 110 114 40 0 0 0 2 8 123 48 15 0 0 0 0 0 14 38 123 0 0 0 0 46 0 1 1 6 69 60 62 123 55 19 2 0 0 5 39 58 67 7 2 0 3 49 27 3 7 15 59 1 2 32 24 120 0 0 0 0 10 15 56 123 15 0 0 5 43 20 52 14 1 0 0 7 105 123 28 25 1 0 0 0 4 119 123 62 0 0 0 0 1 0 32 70 0 0 0 1 42 74 78 16 7 0 0 4 98 63 7 63 65 0 0 0 5 17 30 
90 15 0 0 0 1 10 34 77 39 16 2 0 0 7 41 3 18 26 40 16 0 0 0 0 0 1 9 21 4 0 0 87 15 0 0 0 13 51 61 143 125 5 8 10 5 12 34 7 26 6 35 125 21 0 0 0 0 0 2 47 35 0 0 143 8 0 1 8 13 43 59 143 29 0 2 13 28 21 107 3 2 0 3 115 136 9 8 0 0 0 0 28 36 3 0 105 17 2 16 12 3 5 15 143 10 0 0 2 19 70 143 1 0 0 0 15 84 37 48 0 0 0 0 3 8 3 2 
100 15 0 0 0 0 0 4 132 82 6 66 20 0 0 2 1 5 8 58 29 0 0 2 2 11 2 0 0 0 0 0 142 11 0 0 0 0 0 44 142 56 4 81 42 0 0 111 2 2 12 142 83 0 0 1 0 10 15 16 0 0 0 0 92 13 0 0 0 0 0 24 142 20 0 16 19 0 0 138 22 0 2 111 129 2 0 16 0 0 10 33 20 2 0 0 76 20 0 0 0 0 0 3 142 38 0 0 1 1 3 56 14 0 0 10 77 27 10 33 0 0 0 2 31 12 1 0 
28 0 0 1 5 29 57 54 49 25 107 45 23 4 5 27 2 45 115 56 28 4 0 0 0 2 7 15 36 60 0 0 124 6 0 3 4 8 5 44 132 44 33 7 1 0 0 25 5 5 32 121 114 2 0 0 0 0 0 132 111 20 0 0 132 34 19 20 10 0 0 4 132 43 0 1 0 7 4 31 3 0 0 41 48 23 17 4 0 0 0 132 80 0 1 0 46 6 26 25 19 2 1 16 131 0 0 2 2 32 24 89 6 0 0 1 3 48 69 48 9 0 1 46 16 0 4 21 
121 0 0 0 0 0 0 31 44 5 14 34 19 0 0 11 0 33 75 46 48 5 0 0 8 8 10 15 111 12 0 0 121 9 0 0 0 0 0 56 121 24 9 2 0 1 0 19 2 9 22 10 119 113 0 0 16 1 0 0 121 112 14 15 121 76 14 0 0 0 7 22 115 8 0 0 11 23 40 57 1 0 0 1 121 121 6 4 18 2 0 0 53 80 4 8 11 6 1 0 0 22 40 28 23 6 0 0 6 21 94 113 7 4 20 30 121 47 18 12 2 21 28 10 25 1 0 0 
78 10 8 0 0 0 1 5 52 4 2 0 44 27 38 26 26 4 13 29 22 12 59 107 12 6 47 85 11 1 3 12 33 28 101 34 2 0 9 8 29 18 23 37 106 47 19 7 84 77 62 11 23 13 8 76 109 31 52 30 0 0 8 75 11 5 25 16 9 14 63 62 47 11 25 36 105 76 21 15 109 84 63 34 11 3 17 84 66 76 50 40 2 14 43 33 2 41 103 3 5 3 11 9 8 21 109 103 16 9 7 4 40 17 41 61 7 0 35 98 5 22 12 5 0 19 66 45 
89 21 1 0 4 27 16 25 49 19 0 3 13 79 110 43 37 21 1 40 103 38 43 34 35 3 0 4 49 26 26 43 42 42 11 6 44 110 30 1 54 14 13 2 17 89 85 102 37 23 22 2 40 110 110 40 110 88 3 0 22 42 7 12 9 12 34 29 94 33 9 1 17 50 110 26 11 21 28 16 37 70 110 47 21 17 25 8 110 17 14 25 24 7 0 90 1 4 7 4 6 43 58 2 54 8 7 4 3 39 64 28 67 9 3 8 51 23 13 26 11 15 9 8 45 12 0 25 
9 3 7 18 23 2 6 51 125 64 14 19 14 1 0 6 86 21 1 2 46 72 5 1 16 1 0 0 15 60 20 5 51 10 6 18 31 7 1 31 125 113 15 5 0 0 0 44 52 35 9 89 125 14 0 1 41 1 0 35 76 31 10 39 14 3 5 4 56 24 8 28 125 16 4 0 0 0 6 125 73 7 1 56 117 56 25 41 19 1 0 33 125 40 6 19 31 22 27 1 22 2 0 3 100 46 95 12 11 8 9 40 29 2 3 5 38 117 100 31 13 2 7 32 40 33 15 5 
57 13 0 1 31 17 2 2 128 64 8 12 6 0 0 4 3 10 17 128 63 0 0 0 0 0 0 68 63 0 0 0 128 25 0 0 12 23 4 7 128 81 1 1 1 3 2 25 2 8 2 52 128 30 2 1 0 0 0 25 128 33 0 0 120 3 0 10 22 1 0 32 128 1 0 0 0 8 13 115 3 0 0 8 128 69 15 8 0 0 0 39 128 20 0 0 43 0 0 12 18 0 0 15 97 0 0 0 0 2 51 99 23 0 1 27 36 11 29 36 0 0 0 80 68 0 0 0 
85 0 0 0 0 0 0 55 61 12 18 22 19 2 0 31 0 2 53 86 96 0 0 0 14 0 1 15 57 1 0 5 125 42 0 0 0 0 0 17 125 91 14 6 2 0 0 4 0 9 14 80 125 2 0 0 24 1 0 20 125 4 0 7 125 48 0 0 0 0 0 26 125 36 3 1 3 12 4 39 0 2 2 18 125 109 1 0 10 22 5 4 116 34 0 0 69 0 0 0 0 0 0 70 68 0 0 0 9 14 18 125 4 1 0 2 125 97 6 3 28 31 2 1 34 14 0 0 
124 28 0 0 1 1 0 0 110 32 11 28 20 0 0 2 1 0 1 38 138 14 0 0 29 1 0 1 39 5 2 19 138 9 0 0 1 3 1 59 138 5 0 8 24 3 1 62 1 0 0 62 138 6 1 3 5 0 1 18 72 4 8 19 136 8 0 2 5 0 0 40 138 4 0 0 9 8 11 95 2 0 0 15 138 36 12 7 0 0 0 10 104 4 6 1 103 4 0 0 2 0 0 8 116 13 0 0 19 25 7 10 0 0 0 2 88 115 21 1 0 0 0 3 58 14 1 0 
59 18 1 0 0 0 0 5 84 112 17 2 0 0 0 3 15 16 5 16 133 6 0 2 3 0 0 11 90 1 0 0 106 4 6 1 0 0 0 17 134 34 12 9 2 0 0 29 9 7 9 112 134 1 0 0 4 0 0 52 125 4 0 3 64 3 9 18 2 0 1 21 134 3 1 3 1 0 0 84 27 2 1 66 133 2 0 11 1 2 1 65 134 6 0 0 30 3 3 24 28 0 0 2 134 6 0 1 2 0 0 46 27 0 0 3 96 22 15 31 1 1 0 0 134 23 0 0 
0 0 0 36 56 0 0 0 32 1 0 2 3 0 2 40 60 37 6 5 7 0 10 44 101 49 3 1 1 0 0 0 1 0 7 121 33 0 0 0 27 3 14 116 9 0 0 13 121 42 11 1 0 0 0 89 121 64 3 1 2 0 0 22 14 1 2 104 103 15 0 3 20 29 67 116 82 17 0 6 95 86 121 5 0 0 0 15 121 35 20 1 0 0 0 18 6 0 0 1 121 20 0 1 99 15 5 0 81 19 1 40 119 37 94 4 0 0 0 26 15 27 43 4 0 0 0 0 
29 16 18 9 0 3 14 5 6 12 89 44 0 2 14 22 2 6 60 130 46 0 0 2 51 72 22 37 19 1 0 0 29 1 0 0 11 86 81 19 99 6 0 2 1 31 89 130 49 11 34 85 38 0 0 33 14 98 61 37 47 3 0 0 38 0 0 0 78 114 18 25 130 52 0 0 6 28 23 57 96 17 7 1 0 0 30 48 3 13 10 7 32 3 19 17 19 0 0 0 14 60 20 20 130 6 0 0 3 8 70 109 10 0 0 0 0 0 130 78 0 0 0 0 1 0 71 65 
17 2 0 3 22 61 41 15 114 45 0 2 18 16 30 64 13 5 0 4 114 76 23 17 53 3 0 0 16 12 10 94 16 2 27 16 22 32 21 36 47 2 22 6 2 38 114 114 18 15 13 2 32 114 100 9 114 105 3 0 6 8 1 7 1 19 70 35 20 8 23 3 52 54 96 35 11 8 13 10 51 24 89 94 41 8 5 10 114 70 5 2 5 0 0 68 12 1 0 1 4 14 66 10 114 17 2 3 9 11 11 22 28 5 4 24 112 48 1 10 90 0 0 1 13 5 0 66 
128 47 30 0 3 5 3 18 72 110 132 37 7 0 0 9 6 18 15 49 38 5 0 0 0 0 0 7 41 1 0 0 132 27 1 1 9 8 1 58 132 24 24 52 47 4 9 113 0 0 2 113 132 5 3 1 0 0 0 37 58 0 0 0 132 36 1 1 8 3 0 51 132 5 0 0 7 8 23 132 0 0 0 24 98 23 21 32 0 0 0 46 54 0 0 0 118 54 0 0 1 0 0 10 74 12 0 0 0 0 2 51 2 0 0 0 14 7 14 54 0 0 0 7 32 3 0 1 
119 26 0 0 2 0 0 4 110 63 51 65 13 0 0 3 7 9 5 38 8 0 0 4 2 6 5 0 0 0 0 0 142 13 0 0 7 1 0 50 142 30 21 124 53 0 0 101 0 7 22 142 60 0 0 0 0 9 26 7 0 0 0 0 142 23 0 0 3 1 0 7 142 22 0 16 31 15 11 111 2 0 2 42 126 42 12 16 3 2 12 6 5 6 2 5 126 5 0 0 0 0 0 14 142 3 0 0 2 17 22 64 1 0 0 1 17 64 28 8 12 0 0 0 3 6 3 11 
0 2 7 1 0 0 0 0 9 7 2 0 0 0 0 0 58 12 17 3 0 0 0 42 111 9 4 1 0 0 0 102 12 38 36 23 0 0 0 0 26 9 44 65 0 0 0 1 122 34 67 37 0 0 0 14 122 20 61 50 0 0 0 109 72 122 25 15 0 0 0 0 18 51 111 122 0 0 0 0 122 38 53 112 0 0 0 24 103 26 97 75 0 0 0 18 105 52 8 4 0 0 0 6 35 39 25 91 0 0 0 2 58 28 65 122 0 0 0 3 71 15 16 7 0 0 0 8 
15 0 0 0 34 132 11 12 128 0 0 0 2 100 39 57 64 6 0 0 0 132 84 30 70 9 0 0 0 3 9 13 45 0 0 0 57 132 9 21 95 0 0 0 0 132 98 45 132 33 0 0 0 96 47 33 118 14 0 0 0 19 40 16 6 0 0 0 15 64 17 10 32 0 0 0 0 43 38 11 132 13 0 0 0 4 59 48 31 1 0 0 0 57 132 30 0 0 0 0 0 4 5 0 15 0 0 0 0 2 4 6 33 0 0 0 0 2 61 24 5 0 0 0 0 23 70 4 
1 2 3 0 0 0 0 0 50 14 10 2 0 0 0 4 43 27 46 47 0 0 0 2 50 34 32 51 0 0 0 0 8 12 9 20 0 0 0 0 84 14 34 24 0 0 0 29 121 27 77 71 0 0 0 75 108 53 62 66 0 0 0 1 33 21 14 121 4 0 0 0 96 59 87 121 0 0 0 6 121 16 50 99 0 0 0 121 73 33 52 8 0 0 0 31 7 11 20 121 5 0 0 0 106 73 48 87 0 0 0 0 65 16 66 121 0 0 0 23 80 8 12 7 0 0 0 30 
55 7 0 0 0 28 35 14 4 0 0 0 24 105 27 42 116 3 0 0 26 127 24 34 71 2 0 0 0 21 22 14 83 4 0 0 0 96 84 46 68 0 0 0 61 127 35 48 127 7 0 0 32 127 39 40 95 6 0 0 0 90 104 42 71 0 0 0 0 38 44 30 43 0 0 0 29 127 29 19 70 0 0 0 5 54 64 40 127 28 0 0 0 37 42 23 6 0 0 0 0 10 16 8 1 0 0 0 0 27 13 5 13 0 0 0 0 3 15 7 127 18 0 0 0 0 1 3 
8 3 3 16 114 17 1 0 53 3 0 2 87 22 0 1 133 33 0 0 0 0 0 8 91 6 0 0 0 0 0 21 21 1 0 1 133 84 1 5 65 3 0 2 104 24 0 13 133 11 0 0 0 0 0 110 116 5 0 0 0 0 0 40 18 0 0 6 133 41 0 10 15 36 30 8 42 11 0 4 133 20 20 4 0 0 0 114 133 0 0 0 0 0 0 74 6 2 1 5 65 17 0 2 43 58 26 14 12 1 0 0 100 34 33 35 2 0 0 3 133 11 0 0 0 0 0 10 
26 2 1 0 10 22 51 38 78 44 2 0 4 4 12 79 13 74 21 3 2 0 0 1 0 6 9 23 16 2 0 0 89 23 8 43 37 26 36 48 137 137 14 3 4 3 6 42 13 70 36 22 38 7 0 1 0 0 1 8 62 36 0 0 136 63 3 6 17 19 64 45 137 70 1 1 7 13 21 118 17 5 4 8 42 80 66 30 0 0 0 1 46 112 6 2 105 55 2 0 0 3 7 28 91 18 0 0 1 37 70 121 19 0 5 6 25 69 63 98 0 0 0 0 10 55 11 5 
22 9 2 1 8 18 32 52 36 7 1 10 12 3 66 92 0 0 45 51 40 19 53 24 20 1 22 31 40 23 2 12 4 3 1 2 65 72 27 29 14 0 0 3 11 40 134 82 92 4 3 10 12 24 134 134 48 4 3 52 54 42 5 36 0 9 62 74 56 22 1 0 17 25 45 102 37 18 22 8 134 52 29 7 1 0 6 33 93 38 44 102 12 0 0 6 0 6 60 36 60 36 0 0 16 9 20 33 76 61 21 21 134 57 13 2 5 0 15 33 101 42 20 9 0 0 0 5 
18 3 12 9 6 19 11 23 3 0 0 2 13 49 66 21 124 0 0 0 0 4 32 124 58 0 0 0 0 0 38 72 5 6 47 124 38 7 4 2 10 1 4 56 50 21 12 2 124 49 4 6 1 1 20 79 25 5 2 12 3 6 124 92 19 8 10 124 68 0 0 0 10 23 63 124 66 0 0 0 115 124 59 38 1 0 1 0 2 18 73 124 4 3 20 4 3 1 0 18 18 21 2 0 14 15 22 71 43 57 12 11 94 86 20 6 0 2 10 26 7 7 35 47 0 1 14 5 
27 2 11 65 10 0 1 24 116 1 1 4 0 15 31 100 5 1 2 9 27 95 78 21 0 13 40 10 52 35 4 3 8 0 11 117 82 32 0 1 36 0 5 20 24 117 108 36 71 10 0 0 1 72 97 105 101 60 42 3 3 1 3 20 0 0 2 29 117 117 0 0 2 4 9 20 46 86 8 2 117 79 3 1 0 2 2 23 117 51 0 0 0 13 5 11 0 0 14 56 70 33 0 0 1 26 57 42 23 3 1 0 100 26 17 12 5 4 2 38 45 1 0 0 0 36 17 43 
92 1 0 0 0 0 0 32 171 12 0 0 0 0 0 66 22 4 0 0 15 6 0 0 5 7 0 0 3 4 1 0 141 12 0 0 0 0 0 5 171 61 0 0 1 0 0 6 26 7 0 4 31 3 0 0 9 15 0 0 3 1 0 0 163 9 0 0 0 0 0 12 171 24 0 0 0 1 14 109 19 4 0 7 11 7 32 27 7 5 0 1 2 3 0 1 60 0 0 0 0 0 0 21 102 0 0 0 0 6 83 171 69 0 0 0 0 8 107 147 16 0 0 0 2 2 5 20 
45 16 29 4 0 0 0 2 78 13 2 1 42 26 22 11 45 1 3 8 30 22 42 103 29 4 35 68 14 0 2 27 16 27 103 46 0 1 8 22 22 15 40 75 90 41 17 12 84 101 59 12 37 18 1 36 111 42 40 28 0 0 0 65 4 6 13 16 13 13 54 85 37 7 24 34 87 93 29 32 111 84 39 31 18 7 9 82 67 88 38 40 2 13 39 32 0 37 111 11 13 1 4 6 7 23 111 111 13 5 6 4 44 16 25 70 4 0 21 106 5 21 5 5 2 19 65 52 
40 5 0 1 6 68 50 22 46 8 6 29 24 70 100 33 16 5 4 40 112 67 25 12 112 20 0 0 10 10 16 26 33 9 0 0 36 112 22 23 48 18 2 0 12 105 112 92 27 41 42 10 43 112 71 10 112 36 10 5 4 5 6 112 6 23 31 27 92 59 5 2 26 99 75 13 11 30 34 19 56 87 76 30 50 9 6 25 14 15 14 28 69 7 9 72 0 11 12 18 19 45 12 0 19 13 12 3 6 85 41 30 58 1 1 4 31 12 15 91 12 27 16 16 36 5 2 0 
43 10 16 23 1 0 1 29 121 83 23 16 0 0 0 1 48 18 2 12 75 50 4 0 3 2 1 7 27 47 24 4 67 10 2 1 2 2 7 87 121 91 8 2 0 0 1 93 27 23 5 116 94 2 0 2 3 3 3 102 81 24 4 3 23 10 36 1 0 1 7 44 121 14 16 0 0 0 8 121 48 2 0 38 29 49 68 45 0 0 0 54 121 93 9 0 52 34 66 6 0 0 0 5 61 32 102 43 16 9 10 38 10 0 1 6 35 99 121 26 10 3 6 8 21 57 42 9 
35 0 0 0 34 106 10 9 165 0 0 0 5 53 84 62 161 5 0 0 0 37 83 75 54 2 0 0 0 1 0 5 17 0 0 0 7 58 16 18 63 0 0 0 0 32 84 49 170 34 0 0 0 11 22 32 75 5 0 0 0 8 3 2 0 0 0 0 0 5 7 7 78 1 0 0 0 1 13 12 170 17 0 0 0 0 3 51 40 0 0 0 0 13 19 35 1 0 0 0 0 0 2 3 55 0 0 0 0 0 2 7 170 1 0 0 0 0 8 152 6 0 0 0 0 13 50 80 
5 0 1 4 31 48 74 31 3 15 96 56 74 17 2 8 8 82 91 30 5 1 0 0 0 11 27 21 10 35 1 0 100 5 1 1 1 14 28 103 125 55 117 21 1 0 0 36 0 15 98 125 78 3 0 0 0 0 1 98 94 53 2 1 125 29 6 7 2 0 0 14 125 46 1 3 1 3 2 19 1 2 1 72 60 12 6 0 0 0 0 125 57 0 0 0 73 13 22 22 4 0 0 19 125 4 0 0 0 25 19 84 1 0 0 2 5 44 67 28 3 0 0 53 14 1 7 15 
122 0 0 0 0 0 0 33 88 9 6 17 5 0 0 19 0 18 76 50 22 2 0 0 3 6 20 13 119 22 0 0 122 46 18 0 0 0 0 32 122 27 2 0 0 1 1 25 7 6 16 6 59 122 0 2 7 0 0 1 122 122 6 9 56 39 23 0 0 8 29 41 73 7 0 0 1 14 102 122 2 0 0 2 122 122 26 32 6 0 0 2 76 107 2 3 8 1 0 0 0 36 43 17 37 46 0 0 0 12 53 104 21 30 33 48 84 22 15 26 0 5 60 29 36 1 0 0 
1 21 18 0 0 0 0 4 27 77 43 0 0 0 0 23 64 66 16 0 9 7 11 70 3 2 0 1 75 54 11 5 52 123 62 0 0 0 0 12 16 123 123 2 0 0 1 15 5 85 123 53 29 2 0 0 0 1 15 123 123 20 0 0 99 16 1 0 0 0 4 87 97 20 32 1 0 0 12 123 52 34 63 56 7 0 0 15 0 0 22 123 44 8 0 0 19 14 41 13 0 0 2 29 123 51 7 3 0 0 1 41 96 26 4 5 14 17 1 5 0 0 2 17 69 82 0 0 
2 0 11 31 29 42 35 11 10 24 102 91 3 0 3 12 1 124 124 14 0 0 0 0 0 43 64 76 5 0 0 0 50 0 0 0 0 38 83 67 124 42 19 4 0 0 4 48 66 92 39 0 0 2 22 24 4 24 20 62 1 2 19 20 118 0 0 0 0 2 6 35 124 23 0 0 0 30 28 53 25 7 0 0 0 95 124 43 4 0 0 1 0 4 124 124 54 0 0 0 0 1 1 24 54 0 0 0 0 20 88 83 9 4 0 0 0 69 98 17 24 35 2 0 0 8 30 50 
82 6 0 0 0 0 18 82 123 19 0 0 0 0 15 49 12 7 0 2 3 0 0 0 0 0 1 3 8 1 0 0 133 20 0 0 0 0 15 52 133 50 0 0 0 0 8 31 12 4 0 1 1 42 29 5 8 0 1 2 2 24 44 16 133 30 0 0 0 0 2 39 133 25 0 0 0 36 133 104 8 0 0 0 0 133 133 27 70 0 0 0 0 66 133 66 31 0 0 0 0 1 18 29 11 0 0 0 0 45 133 37 1 0 0 0 0 80 90 8 46 0 0 0 0 5 42 33 
1 3 2 0 0 0 0 0 25 4 0 0 0 0 0 0 96 31 43 2 0 0 0 1 21 20 128 32 0 0 0 0 9 29 58 7 0 0 0 0 24 6 82 48 0 0 0 2 128 25 11 6 0 0 0 31 128 43 63 16 0 0 0 11 118 57 62 7 0 0 0 31 43 40 128 128 0 0 0 15 128 13 128 128 0 0 0 49 128 16 18 2 0 0 0 87 55 18 74 17 0 0 0 19 76 11 31 22 0 0 2 63 5 4 91 77 0 0 4 17 32 21 51 7 0 0 0 16 
134 0 0 0 0 8 30 42 9 0 0 0 0 134 111 8 74 3 0 0 0 130 65 48 41 2 0 0 7 8 2 15 70 0 0 0 0 43 121 62 18 1 0 0 0 134 134 8 134 66 0 0 0 59 30 34 70 17 0 0 19 45 7 5 3 0 0 0 0 20 51 9 61 6 0 0 0 24 32 7 134 37 0 0 0 27 37 87 44 3 0 0 1 128 84 35 0 0 0 0 0 1 8 0 22 0 0 0 0 0 3 16 31 0 0 0 0 26 59 70 42 0 0 0 0 35 44 29 
17 4 0 0 25 26 24 52 41 0 0 2 2 25 107 93 0 2 15 16 11 34 120 43 4 1 9 14 66 54 16 14 5 2 1 10 78 59 15 25 6 0 0 2 13 114 120 40 120 7 0 0 2 28 120 120 67 16 19 58 34 12 11 25 4 8 12 31 82 32 1 8 5 18 20 74 57 30 10 1 120 75 18 2 0 1 4 29 120 34 33 37 10 0 0 18 0 36 61 29 24 1 0 0 11 34 33 84 80 6 3 6 86 69 27 5 0 4 14 13 120 36 6 3 0 0 0 5 
59 9 12 0 0 0 0 31 93 0 0 0 0 11 34 122 25 0 0 0 0 27 110 72 49 0 0 0 0 0 5 60 14 30 50 55 32 0 0 14 39 2 0 7 8 24 43 122 122 49 0 0 0 40 48 45 122 19 0 0 0 0 1 27 0 27 14 122 122 0 0 0 62 14 0 41 54 0 12 33 122 122 0 0 0 0 3 14 87 68 1 1 9 10 0 0 0 2 1 57 122 10 0 0 47 1 0 20 105 16 2 25 122 23 0 0 0 0 0 48 59 13 0 0 26 10 0 1 
2 0 0 2 111 49 9 19 0 3 14 16 91 57 29 16 83 41 16 20 13 20 20 33 76 31 0 0 0 1 41 27 18 0 0 8 119 28 14 60 0 0 2 24 119 68 35 9 71 5 5 2 2 21 32 119 46 3 0 2 2 7 90 86 35 64 31 61 46 8 4 34 0 0 119 119 76 5 0 0 30 34 119 54 2 0 0 10 57 39 14 15 5 1 5 15 35 23 9 17 3 0 25 56 19 2 119 72 2 0 18 33 1 1 107 119 58 0 0 1 24 37 10 35 19 0 0 1 
0 0 1 40 80 21 3 0 6 9 6 12 22 50 51 12 60 56 1 0 4 12 39 37 30 112 6 0 0 1 4 4 0 1 2 25 62 117 72 4 8 1 2 13 53 117 24 17 117 22 0 0 0 4 10 117 117 31 2 1 13 22 3 48 31 32 21 32 20 22 28 18 2 54 78 94 25 13 0 0 117 117 74 2 2 1 3 25 117 43 0 7 33 29 29 31 13 40 100 7 6 0 0 5 0 113 117 21 21 9 0 0 7 52 60 9 39 54 14 9 7 18 9 0 14 29 62 28 
18 0 0 1 23 40 10 31 61 0 0 0 1 1 100 119 3 0 16 32 21 2 116 76 2 0 26 59 32 22 8 18 5 3 4 15 57 41 11 14 3 0 0 10 30 35 119 57 76 6 0 0 0 0 119 119 42 9 4 30 34 68 29 66 2 7 89 91 48 3 0 1 2 21 33 115 75 5 5 2 119 70 34 9 0 0 2 21 119 29 13 60 21 0 0 6 0 1 35 27 78 38 0 0 13 20 22 27 78 40 17 21 96 60 29 17 0 2 13 14 104 53 8 23 2 0 0 1 
25 28 14 0 0 0 0 0 8 30 96 60 0 0 0 0 127 15 22 38 0 0 0 19 127 26 0 0 0 0 0 18 112 42 51 6 0 0 0 15 127 77 124 110 0 0 0 32 64 25 127 127 0 0 0 19 127 32 34 13 0 0 0 74 28 68 127 37 0 0 0 3 127 27 57 20 0 0 0 70 19 5 66 98 0 0 4 41 46 37 70 20 0 0 0 13 2 14 26 14 0 0 0 0 19 12 28 6 0 0 0 10 17 2 2 0 0 0 1 39 11 3 2 0 0 0 0 19 
0 0 0 0 3 113 28 1 44 0 0 0 1 85 62 59 17 0 0 0 18 27 5 14 0 0 0 0 6 17 4 1 22 1 0 0 0 143 112 12 143 46 0 0 1 67 36 61 56 10 0 0 37 81 14 8 11 0 0 0 6 25 16 11 80 8 0 0 0 62 37 11 143 40 0 0 0 58 56 100 55 1 0 0 4 143 123 52 61 1 0 0 0 11 38 59 27 0 0 0 0 1 3 19 30 0 0 0 0 52 91 72 44 0 0 0 0 67 69 67 96 3 0 0 0 0 21 64 
81 20 8 140 32 0 0 1 140 39 76 140 7 0 0 23 140 24 38 79 2 0 0 125 26 3 4 2 0 0 0 8 44 28 40 140 29 0 0 1 140 72 76 140 0 0 0 4 126 35 101 140 0 0 0 35 63 3 4 2 0 0 0 16 10 5 17 49 3 0 0 1 53 33 44 38 0 0 0 7 18 5 25 37 0 0 2 11 16 3 8 3 0 0 2 9 9 0 1 0 0 0 0 6 3 2 9 1 0 0 0 2 0 0 2 5 3 0 2 4 0 0 0 1 0 0 7 5 
1 0 0 0 2 3 0 0 3 0 0 4 6 11 5 3 5 2 1 4 4 0 0 1 2 0 0 0 1 1 0 1 1 0 0 0 19 73 11 5 77 0 0 0 8 68 31 48 14 0 0 2 5 26 17 10 3 0 0 0 2 3 4 8 38 0 0 0 88 142 24 22 142 5 0 0 11 142 57 71 104 7 0 0 0 136 94 53 39 3 0 0 2 8 4 10 72 3 0 0 88 142 6 13 142 9 0 0 6 142 70 51 142 50 0 0 0 91 36 41 34 5 0 0 1 15 1 1 
1 2 1 0 0 0 0 0 42 12 8 1 0 0 0 2 48 26 37 33 0 0 0 1 42 24 28 73 1 0 0 0 4 6 5 23 1 0 0 0 83 13 18 7 0 0 0 24 124 25 72 81 0 0 0 56 124 37 46 103 2 0 0 5 16 7 10 124 14 0 0 0 85 37 54 75 0 0 0 8 124 16 45 65 0 0 0 124 77 44 53 21 0 0 0 22 4 4 7 124 23 0 0 0 124 53 38 117 4 0 0 0 112 17 50 124 0 0 0 46 87 11 9 3 0 0 0 38 
78 8 0 0 0 32 23 14 6 0 0 0 36 111 35 38 123 3 0 0 55 123 17 20 85 3 0 0 0 71 38 19 104 6 0 0 0 123 57 38 61 0 0 0 67 123 37 53 123 2 0 0 49 123 37 33 123 15 0 0 0 106 63 31 57 0 0 0 0 58 46 25 39 0 0 0 31 123 29 18 22 0 0 0 9 41 35 22 123 24 0 0 0 18 14 13 5 0 0 0 0 9 13 7 1 0 0 0 1 31 11 3 8 0 0 0 0 2 8 3 111 6 0 0 0 0 1 17 
86 27 1 0 3 0 0 0 86 83 38 13 0 0 0 0 3 20 8 28 115 8 0 1 7 0 0 3 98 13 0 1 126 20 0 0 10 1 0 2 126 22 4 26 3 0 0 10 2 0 2 86 126 9 0 2 18 0 0 14 126 4 0 8 126 7 0 0 1 2 0 52 126 7 0 0 0 0 0 69 7 0 0 59 126 3 0 12 2 0 0 56 126 0 0 4 61 1 0 0 0 0 0 36 126 1 0 0 0 0 0 112 10 0 0 7 89 10 4 25 0 0 0 22 126 1 0 0 
127 2 0 0 0 0 0 17 103 13 2 22 9 0 0 5 0 0 0 102 127 1 0 0 0 0 0 33 69 2 0 0 127 0 0 4 2 0 0 46 127 3 0 11 7 0 0 54 0 0 0 63 127 10 0 0 1 2 0 51 127 10 0 0 127 8 0 7 18 0 0 10 127 13 0 2 3 0 2 80 4 0 0 7 127 28 6 23 10 2 0 1 127 26 0 0 102 18 0 0 5 0 0 2 105 10 0 1 3 22 13 24 0 0 0 0 92 84 40 12 4 0 0 0 80 28 1 0 
79 17 0 0 22 4 0 0 134 49 11 16 2 0 0 1 2 4 4 49 134 8 0 0 16 0 0 4 79 3 1 15 126 9 0 0 11 16 3 31 134 14 0 3 2 0 0 59 9 0 0 65 134 4 1 8 1 0 0 33 134 1 4 9 76 3 0 8 9 2 0 36 134 3 0 0 0 0 4 134 14 0 0 13 134 30 15 24 0 0 0 19 134 6 3 0 52 2 0 2 8 2 0 5 134 10 0 0 5 4 2 17 11 1 0 1 63 102 16 6 0 0 0 4 80 34 2 0 
79 38 2 0 0 0 0 5 62 98 14 8 13 0 0 2 3 3 1 22 132 6 0 0 9 1 0 6 45 1 0 3 132 6 3 0 0 0 0 26 132 29 15 26 15 0 0 18 0 0 3 132 132 2 0 0 9 2 0 41 72 1 0 9 128 1 5 7 0 0 0 39 132 3 1 9 7 0 0 77 3 0 0 65 132 10 0 4 13 15 2 33 131 7 0 0 71 2 2 16 17 0 0 6 132 7 0 0 2 3 4 57 3 0 0 2 132 42 13 17 20 2 0 0 89 16 0 0 
8 0 0 0 29 78 41 13 118 30 0 2 14 24 25 71 21 10 0 6 118 82 26 24 76 3 0 0 26 11 7 74 6 1 18 20 86 44 8 16 44 2 25 12 1 24 79 118 20 9 13 1 23 118 94 23 118 87 0 0 7 8 2 4 1 29 51 37 46 8 11 5 33 38 86 56 14 8 13 12 56 31 100 98 26 4 5 8 118 65 2 9 9 0 0 61 1 3 2 2 3 23 68 9 104 11 2 6 7 13 36 30 60 11 5 34 96 31 0 16 88 0 0 5 32 5 0 63 
7 0 0 0 0 0 9 13 66 0 0 0 0 10 38 52 172 19 0 0 0 0 58 149 89 8 0 0 1 2 1 12 1 0 0 0 0 0 4 11 42 1 0 0 0 0 5 29 172 110 0 0 0 0 5 31 100 19 0 0 5 13 4 5 3 0 0 0 0 0 2 5 80 4 0 0 0 0 0 12 172 43 0 0 0 0 3 129 49 1 0 0 6 16 16 59 2 0 0 0 0 0 0 1 35 0 0 0 0 0 0 12 156 1 0 0 0 0 5 172 86 3 0 0 1 3 9 84 
72 9 13 6 0 0 0 16 78 40 76 79 0 0 0 11 100 61 54 115 0 0 0 0 1 0 59 119 0 0 0 0 81 18 49 91 0 0 0 37 119 32 76 45 0 0 0 115 67 67 91 37 0 0 0 3 6 5 71 112 0 0 0 0 68 49 65 119 0 0 0 3 119 30 72 119 0 0 0 97 82 16 27 1 0 0 0 28 0 1 20 11 0 0 0 0 29 25 13 26 0 0 0 0 26 12 64 78 0 0 0 6 51 8 13 4 0 0 0 11 0 0 0 1 0 0 0 0 
94 2 0 0 0 0 0 35 24 0 0 0 0 0 1 14 2 0 0 0 0 18 6 2 8 0 0 0 0 13 10 5 129 35 0 0 0 13 22 37 23 2 0 0 1 26 45 62 22 0 0 0 8 129 37 25 101 2 0 0 0 30 22 26 107 23 0 0 0 71 109 38 94 1 0 0 9 129 67 89 129 14 0 0 22 129 29 29 129 19 0 0 0 25 49 26 53 3 0 0 0 19 41 19 63 4 0 0 6 129 35 24 116 12 0 0 7 86 28 23 44 4 0 0 0 45 97 25 
53 25 8 0 0 0 0 1 67 46 106 82 0 0 0 1 0 31 128 73 0 0 0 0 0 1 34 112 0 0 0 0 101 44 72 17 0 0 0 5 128 59 72 53 0 0 0 23 12 43 128 76 0 0 0 0 0 6 67 128 1 0 0 0 128 41 57 8 0 0 0 72 112 125 51 4 0 0 0 9 18 24 36 4 0 0 0 0 0 1 27 65 0 0 0 0 124 9 2 1 0 0 0 99 99 30 3 0 0 0 0 57 2 8 4 1 0 0 0 0 0 0 1 4 0 0 0 0 
121 53 0 0 0 0 0 8 108 28 0 0 0 0 0 15 5 0 0 0 0 0 0 6 0 0 0 0 0 2 0 1 121 52 0 0 0 0 2 80 75 9 0 0 0 4 8 115 7 0 0 0 0 12 55 25 0 0 0 0 6 84 24 8 107 5 0 0 0 0 4 121 121 12 0 0 0 110 84 76 31 0 0 0 0 113 121 73 7 0 0 0 18 121 36 28 61 2 0 0 0 4 20 25 34 1 0 0 0 99 107 26 51 0 0 0 0 72 70 51 3 0 0 0 4 121 22 6 
2 0 0 13 118 42 0 1 93 7 0 0 54 25 0 7 135 28 0 0 0 0 0 32 66 1 0 0 0 0 0 39 7 0 0 3 135 82 4 5 85 13 24 4 48 14 0 33 135 13 4 0 0 0 0 135 96 1 0 0 0 0 0 60 10 12 2 13 101 23 2 2 28 95 78 27 10 1 0 3 135 42 51 27 0 0 0 85 135 4 0 0 0 0 1 65 19 14 4 47 35 2 0 0 79 91 26 24 0 0 0 0 64 66 46 37 0 0 0 0 73 16 0 0 0 0 2 9 
92 1 0 0 0 0 0 84 71 4 9 7 3 3 28 114 8 39 24 5 1 5 86 41 7 4 0 0 3 2 8 27 60 23 32 16 6 0 0 53 41 4 0 0 0 33 120 120 120 35 0 0 0 33 120 89 83 10 0 0 3 3 5 40 1 10 26 113 86 0 2 7 75 39 0 11 21 7 40 39 120 120 0 0 0 3 7 6 45 45 1 1 14 42 6 1 0 0 0 34 120 46 0 0 113 7 0 4 31 25 1 38 120 41 0 0 4 2 1 19 11 5 0 0 64 60 3 1 
0 0 1 82 34 0 0 0 47 5 0 8 1 0 0 30 95 57 12 1 1 1 2 31 87 41 3 5 3 0 0 0 3 0 3 124 59 0 0 0 29 7 30 124 30 0 0 17 124 42 20 1 0 0 0 85 120 34 1 7 12 0 0 19 16 1 0 37 124 27 0 3 60 42 84 51 74 24 0 13 108 79 124 13 0 0 0 11 124 29 13 4 1 0 0 13 4 1 0 7 124 12 0 0 124 8 3 3 67 10 0 46 120 20 66 11 0 0 0 27 11 19 26 5 0 0 0 0 
119 39 6 2 0 0 0 0 119 24 1 4 4 0 0 0 2 1 1 23 80 52 4 0 0 0 0 11 56 65 6 0 119 30 6 2 0 1 12 40 119 23 0 2 2 2 10 14 4 0 4 118 77 8 42 5 0 0 20 119 39 14 6 0 119 1 0 0 0 0 6 95 105 2 0 0 22 90 55 61 14 0 0 15 35 102 119 83 30 0 3 86 52 4 29 75 88 16 0 0 0 0 1 49 48 17 9 28 39 49 29 41 51 5 0 18 51 61 5 29 96 18 1 5 12 0 1 38 
32 0 0 0 5 11 36 65 58 21 68 69 27 2 3 48 5 45 111 80 7 0 0 0 1 9 30 32 10 20 2 0 89 4 0 18 12 2 0 29 142 43 33 13 0 0 0 38 14 9 61 129 98 3 0 0 1 0 3 66 115 70 4 2 81 24 35 47 37 0 0 2 142 47 2 3 1 0 2 32 16 3 0 57 78 8 7 4 0 0 0 142 126 1 0 0 20 8 16 29 25 4 5 11 142 1 0 9 6 10 13 100 11 0 0 4 8 29 58 36 1 0 0 65 44 0 5 11 
129 0 0 0 0 0 0 36 77 11 15 23 2 0 0 14 0 11 52 34 109 9 0 0 17 16 8 9 100 10 0 0 129 44 10 1 2 0 0 29 129 19 3 1 3 5 0 18 3 2 5 6 129 129 0 0 37 4 0 0 89 72 19 34 82 51 18 0 0 2 18 37 94 5 0 0 24 34 41 113 1 0 0 1 129 129 4 9 55 3 0 0 35 43 7 22 17 0 0 0 0 28 33 33 32 6 0 1 12 27 49 129 9 3 8 32 129 38 10 16 15 15 10 7 18 0 0 4 
32 3 5 16 19 19 50 27 136 73 6 1 0 3 19 67 12 70 30 4 2 0 0 1 0 3 10 26 16 1 0 0 96 28 10 26 28 15 40 65 138 138 18 6 8 5 6 35 16 42 34 26 48 9 2 2 0 0 1 7 60 30 0 0 138 84 0 0 2 4 26 25 138 58 1 1 2 8 27 119 20 1 0 7 38 65 57 49 0 0 0 0 39 102 6 1 77 34 0 0 0 2 14 50 60 10 0 0 0 28 75 138 23 0 0 4 25 64 42 113 0 0 0 0 5 48 13 5 
13 4 0 12 21 6 6 22 6 2 1 102 106 3 9 19 124 1 2 44 47 0 0 18 124 1 0 1 0 0 0 20 2 3 3 10 76 57 46 34 11 10 8 20 78 33 68 83 124 10 7 33 86 17 5 26 124 14 0 3 1 0 0 43 8 25 103 88 34 8 2 3 10 96 124 51 9 4 5 10 33 70 124 98 14 4 1 11 124 83 41 6 5 2 8 41 19 15 53 18 0 0 0 1 0 27 79 32 3 0 0 0 18 22 63 26 8 1 10 9 5 14 24 10 39 18 20 7 
0 1 4 54 72 2 0 0 12 7 6 16 26 42 14 13 127 43 0 0 2 5 5 52 47 24 0 0 6 6 0 5 0 0 0 74 121 41 1 0 12 0 0 18 127 78 7 22 127 0 0 0 1 5 4 127 97 0 0 4 41 32 2 62 0 1 0 5 58 127 61 4 7 4 2 26 106 69 0 3 127 21 0 1 2 0 0 76 127 13 0 23 45 3 1 46 23 17 3 5 2 15 37 15 10 26 19 78 28 7 0 1 98 127 8 7 3 0 0 3 94 33 0 2 17 11 8 19 
38 0 0 0 1 22 8 20 14 0 0 0 1 28 32 19 7 0 0 0 2 4 2 6 0 0 0 0 11 12 0 0 105 0 0 0 0 146 77 46 146 13 0 0 0 72 69 56 33 2 0 0 2 23 4 2 0 0 0 0 19 33 2 0 139 6 0 0 0 146 71 29 146 38 0 0 0 20 29 30 20 0 0 0 2 84 40 9 8 0 0 0 11 32 18 12 124 4 0 0 0 18 9 11 146 7 0 0 0 16 109 66 52 1 0 0 0 128 122 33 62 1 0 0 3 12 9 23 
115 132 90 25 0 0 0 15 12 52 118 131 6 0 0 4 4 14 45 15 1 0 0 4 0 0 30 7 0 0 0 0 132 129 31 18 0 0 10 74 57 4 33 132 57 14 50 42 2 5 61 132 22 10 3 3 0 4 45 19 0 0 0 0 121 12 0 0 0 1 43 117 3 0 0 14 19 45 132 66 5 0 11 42 16 32 78 39 9 3 38 29 0 1 4 15 17 0 0 0 0 1 27 56 1 0 0 0 1 8 52 60 4 0 0 0 1 16 32 53 7 1 0 0 0 12 63 28 
23 0 0 0 0 0 0 18 36 0 1 5 9 11 1 30 0 0 7 36 59 28 0 0 0 0 16 25 27 5 0 0 17 0 0 0 0 1 1 33 105 26 20 19 7 1 1 54 9 16 37 130 59 4 0 0 0 0 5 38 69 8 0 0 18 1 0 0 4 3 9 48 130 117 10 10 10 9 4 28 49 46 22 130 130 47 10 0 0 0 2 47 97 59 2 0 10 0 0 0 0 2 42 80 130 28 0 0 6 88 82 130 13 4 0 3 40 130 130 26 0 0 0 0 22 130 50 0 
19 127 48 0 0 0 0 0 42 127 127 30 8 2 0 3 1 109 117 105 127 32 0 0 0 0 34 100 25 1 0 0 94 45 1 0 0 0 3 40 127 44 10 0 33 43 21 127 11 12 6 14 127 127 11 12 3 3 11 50 26 3 0 0 66 15 0 0 0 0 4 25 68 8 0 0 10 15 32 112 6 2 0 40 119 28 19 18 0 1 1 27 21 0 0 0 26 5 0 0 0 0 17 31 54 38 1 1 2 0 3 30 5 7 1 26 52 0 0 2 0 0 0 12 23 0 0 0 
18 25 66 9 0 0 6 40 53 7 43 20 0 0 14 127 84 4 21 34 4 0 0 71 1 0 15 70 70 6 0 0 127 32 74 21 0 0 0 33 62 36 127 126 0 0 0 16 95 92 69 18 12 0 0 22 4 4 1 33 127 7 0 0 127 26 3 0 0 0 0 18 109 23 45 13 1 0 0 5 0 24 36 13 24 36 18 4 0 1 1 22 127 89 11 0 127 34 2 0 0 0 0 6 89 13 1 6 3 0 1 3 1 0 1 58 76 31 9 0 0 0 0 30 55 64 19 0 
13 1 0 1 22 97 27 18 121 15 0 0 5 28 27 41 63 7 8 4 10 33 10 10 3 8 12 4 19 30 29 1 54 54 58 28 28 10 3 11 121 121 52 6 6 5 14 5 34 42 28 10 15 34 8 2 1 6 20 8 82 101 2 0 112 70 48 3 2 64 64 25 7 73 37 0 1 79 121 109 11 3 0 1 27 41 54 102 0 2 17 22 102 73 2 0 30 0 0 0 31 77 23 15 65 0 0 0 16 54 43 102 121 4 7 1 4 6 6 102 5 7 31 12 25 9 1 1 
1 2 1 0 0 0 0 0 35 11 5 0 0 0 0 1 61 28 36 17 0 0 0 0 53 23 31 86 1 0 0 0 2 4 4 7 0 0 0 0 79 12 5 0 0 0 0 16 129 32 73 75 0 0 0 44 129 40 40 127 2 0 0 9 5 8 18 97 3 0 0 0 56 24 31 20 0 0 0 7 129 17 51 36 0 0 0 129 117 58 57 30 0 0 0 23 1 6 22 129 16 0 0 0 109 30 32 94 9 0 0 0 129 21 50 109 0 0 0 74 110 20 9 1 0 0 0 50 
99 14 0 0 0 53 23 19 17 0 0 0 28 130 64 38 83 5 0 0 83 130 15 16 91 7 0 0 0 110 47 17 119 15 0 0 0 130 66 29 79 0 0 0 51 130 52 49 56 1 0 0 53 130 34 23 121 21 0 0 0 80 45 13 45 1 0 0 0 74 51 21 28 0 0 0 16 130 35 16 3 0 0 0 6 29 21 8 130 15 0 0 0 5 13 16 2 0 0 0 0 11 14 4 0 0 0 0 0 23 10 1 4 0 0 0 0 2 5 2 37 1 0 0 0 0 8 14 
0 0 0 4 124 87 0 0 6 0 0 5 32 29 8 8 124 6 1 0 0 0 1 74 73 16 24 14 0 0 0 11 0 0 4 121 124 14 0 0 3 1 9 79 45 0 0 0 124 37 1 2 2 0 0 11 124 30 3 3 2 0 0 6 0 0 1 124 124 6 0 0 2 15 56 83 120 6 0 0 124 27 28 28 8 0 0 24 124 10 0 0 0 4 3 32 0 0 0 26 124 6 0 0 13 19 15 28 81 8 14 18 71 1 4 41 41 6 4 39 75 0 0 0 0 11 3 59 
0 10 6 41 76 0 0 0 43 6 1 37 99 3 3 28 73 12 10 24 17 15 16 26 125 11 0 0 2 0 0 18 1 2 4 18 125 19 0 0 10 0 0 13 125 41 24 24 118 11 0 0 3 14 58 76 125 14 0 0 0 0 0 98 2 0 0 3 125 41 3 4 3 0 0 6 125 50 1 2 58 0 0 0 2 1 6 82 125 13 0 0 0 0 2 118 0 0 0 10 78 21 22 15 0 0 2 59 125 5 0 0 41 38 7 4 4 0 0 5 125 99 0 0 0 0 0 3 
0 0 2 18 25 36 23 2 113 13 0 0 3 16 27 81 85 22 1 4 28 18 3 49 0 0 4 9 28 18 8 11 0 0 3 92 123 46 7 0 67 4 1 8 59 20 19 123 123 5 0 25 33 11 6 123 11 3 0 41 72 21 28 29 17 4 6 21 57 92 66 13 49 109 35 61 30 5 0 12 123 123 7 3 26 27 32 46 35 54 1 8 54 56 39 7 51 26 3 1 1 5 9 14 33 123 30 9 3 1 0 4 12 89 22 15 94 19 0 0 66 65 0 1 20 9 1 1 
74 29 1 0 3 0 0 0 64 116 31 8 0 0 0 0 6 26 7 27 123 6 0 1 11 0 0 4 90 10 0 1 126 19 0 0 15 0 0 2 126 29 9 32 2 0 0 9 2 1 2 90 126 7 0 1 17 0 0 18 126 2 0 11 126 8 0 0 7 3 0 28 126 7 0 2 0 0 0 45 7 0 0 76 126 2 0 10 0 0 0 66 126 0 0 3 59 0 0 0 0 0 0 49 112 0 0 0 0 0 0 126 8 0 0 9 81 6 5 25 0 0 0 29 126 1 0 0 
127 1 0 0 0 0 0 18 107 10 1 20 6 0 0 6 0 0 0 108 117 0 0 0 0 0 0 47 72 0 0 0 127 0 0 4 2 0 0 47 127 3 0 9 7 0 0 67 0 0 0 36 127 14 0 2 4 4 0 27 127 15 0 0 127 8 0 8 18 0 0 8 127 14 0 2 3 1 3 78 2 0 0 5 127 41 8 29 17 1 0 0 127 29 0 0 100 16 1 0 7 0 0 2 106 9 0 1 5 33 12 21 0 0 0 0 73 116 37 7 5 0 0 0 67 27 1 0 
0 0 0 0 0 94 93 7 21 0 0 0 0 51 121 45 82 11 4 25 49 20 44 68 0 1 1 31 83 22 7 3 4 4 9 4 0 31 37 14 74 1 14 8 0 13 21 32 121 9 2 10 47 36 35 109 5 2 1 22 121 51 17 18 51 66 78 7 0 0 0 1 15 9 121 121 4 0 0 10 37 0 7 51 14 32 41 86 14 0 0 8 46 60 12 11 103 92 39 0 0 0 0 0 17 38 121 121 27 0 0 0 13 11 19 121 44 0 0 4 5 4 7 32 40 1 0 1 
14 17 3 0 30 5 0 0 63 18 5 3 6 15 11 29 124 0 0 0 2 5 24 124 23 0 0 0 16 60 45 33 45 111 35 6 27 4 0 0 11 51 67 59 105 7 0 6 84 0 0 5 30 3 56 124 2 0 0 0 15 116 123 81 124 101 14 7 24 22 0 9 14 14 18 27 124 98 1 3 3 3 17 6 39 9 14 39 1 1 5 5 9 38 34 24 30 60 41 28 14 8 0 5 1 0 83 117 64 21 0 1 0 9 124 24 3 0 0 0 0 7 53 39 9 0 0 0 
8 22 22 0 0 0 0 0 0 33 116 6 0 0 0 0 0 11 93 58 0 0 0 0 25 53 12 6 0 0 0 0 112 31 10 0 0 0 0 29 101 94 123 2 0 0 0 28 4 31 123 123 8 0 0 0 20 29 48 92 36 5 8 9 114 32 0 0 0 0 0 22 123 27 6 0 0 2 2 71 26 7 17 27 28 102 17 11 0 0 2 31 123 103 7 0 65 13 0 0 0 0 2 30 76 11 0 0 0 8 74 86 5 0 0 0 10 123 72 14 0 0 0 0 14 112 8 0 
11 3 0 0 2 4 48 48 45 86 56 11 10 7 15 15 1 24 118 118 0 0 0 0 0 0 26 107 4 0 0 0 103 44 0 0 0 0 5 20 118 118 8 2 0 0 4 44 13 17 27 100 8 21 28 7 0 0 21 118 91 21 8 0 99 7 0 0 0 0 0 44 118 3 0 0 0 33 70 118 5 0 0 0 2 118 118 21 0 0 0 4 53 84 96 9 22 0 0 0 0 0 3 21 17 0 0 0 0 36 93 40 0 0 0 0 0 45 99 11 0 0 0 0 0 21 59 9 
19 0 0 0 0 3 24 12 146 2 0 0 0 18 122 144 88 0 0 0 0 24 103 146 25 0 0 0 11 4 1 20 2 0 0 0 0 1 9 10 16 0 0 0 0 0 57 69 146 18 0 0 0 0 21 146 107 4 0 0 15 10 10 22 0 0 0 0 0 0 4 3 42 8 0 0 0 0 7 9 146 93 0 0 0 0 17 71 44 1 0 0 3 4 35 111 0 0 0 0 0 0 1 1 67 16 0 0 0 0 0 1 144 58 2 0 8 5 12 39 6 0 0 0 2 2 12 106 
0 0 0 8 93 20 0 0 4 0 0 3 30 10 1 2 103 8 0 0 0 0 0 12 135 22 0 0 0 0 0 14 0 0 11 53 124 28 0 0 2 2 68 31 25 1 0 0 112 10 45 4 0 0 0 20 135 3 1 0 0 0 0 76 6 6 51 98 28 15 59 13 14 48 135 40 1 0 29 56 17 19 135 135 3 0 7 15 135 78 48 18 0 0 0 37 6 0 0 0 0 6 94 29 61 12 4 3 0 0 58 135 35 5 23 42 4 3 23 61 32 38 25 9 0 2 5 12 
67 8 1 1 0 0 14 55 64 31 2 5 42 39 69 68 17 2 0 3 93 83 27 43 79 5 0 0 0 1 2 114 14 3 45 59 8 2 9 50 6 5 49 30 3 37 114 69 42 50 11 9 14 50 54 10 114 113 7 0 0 0 0 25 51 19 15 18 16 11 41 17 65 46 78 96 38 12 0 4 114 46 18 60 47 9 0 28 114 114 16 0 0 0 0 36 81 10 0 0 0 0 4 27 60 12 0 4 63 46 2 18 75 1 2 6 63 34 5 32 114 1 0 0 0 0 0 85 
43 24 9 16 11 14 1 3 12 31 103 58 13 8 1 0 0 2 115 115 6 0 0 0 0 7 72 109 17 0 0 0 87 12 0 0 1 71 21 26 106 40 11 4 4 26 5 18 4 4 29 33 27 62 27 2 27 65 39 35 55 25 17 3 100 3 0 0 0 50 42 76 115 8 0 0 24 83 3 75 15 2 0 0 37 115 84 7 115 54 0 0 1 30 46 38 49 0 0 0 0 8 10 77 64 0 0 0 7 115 44 80 40 2 0 0 9 115 30 36 70 11 0 0 0 3 15 70 
77 37 8 0 0 0 0 1 121 108 36 0 0 0 1 3 13 58 104 2 0 29 16 3 3 19 24 0 0 20 58 20 33 121 71 5 0 3 7 8 121 67 5 0 5 9 20 82 9 3 0 1 48 121 53 17 56 0 0 0 12 90 92 59 2 9 19 14 70 79 45 22 6 1 0 0 6 17 96 121 0 0 0 2 115 121 50 60 30 0 0 0 41 54 23 71 0 0 0 0 46 72 6 1 0 0 0 0 5 9 54 74 0 0 0 0 9 47 83 51 0 0 0 0 13 32 13 6 
1 16 18 0 0 0 1 2 24 50 56 0 0 0 0 11 81 48 22 0 5 7 12 73 5 0 0 0 33 89 21 11 69 65 27 0 0 0 0 12 48 112 118 1 0 0 0 40 9 51 118 66 36 5 0 3 1 0 2 83 118 42 0 0 75 16 42 5 0 0 0 41 118 20 13 2 0 0 0 118 77 27 43 81 22 3 0 13 0 0 2 118 81 18 0 0 4 25 97 74 0 0 0 2 111 91 49 35 0 0 0 8 64 35 2 5 39 61 0 0 0 0 0 9 66 115 4 0 
0 0 14 66 34 27 20 3 2 37 112 80 4 0 2 4 0 118 118 14 0 0 0 0 0 22 54 110 6 0 2 0 34 0 1 0 4 53 98 51 118 60 31 7 0 3 9 45 43 92 43 4 0 5 58 27 4 8 32 104 1 0 34 26 82 0 0 0 0 3 12 37 118 10 0 0 0 37 68 80 12 4 0 0 0 90 118 35 38 23 2 2 0 2 92 118 26 0 0 0 1 1 1 18 23 0 0 0 0 11 83 51 57 25 0 0 0 31 68 22 69 109 1 0 0 1 3 20 
55 27 14 1 0 0 0 1 39 47 119 37 0 0 0 0 0 27 119 119 0 0 0 0 0 0 37 70 0 0 0 0 119 63 50 0 0 0 0 7 119 70 108 23 0 0 0 12 2 42 119 119 0 0 0 0 0 0 119 119 0 0 0 0 119 52 32 0 0 0 0 79 114 108 23 0 0 0 0 16 6 16 20 7 0 0 0 0 0 0 38 45 0 0 0 0 100 14 23 2 0 0 0 75 119 18 2 0 0 0 0 70 2 2 1 2 0 0 0 0 0 0 0 4 0 0 0 0 
125 15 0 0 0 0 0 23 125 25 0 0 0 0 0 18 9 3 0 0 0 0 0 0 1 1 0 0 0 0 0 0 125 75 0 0 0 0 0 27 125 35 0 0 0 0 4 69 5 0 0 0 0 1 28 18 0 0 0 0 0 62 21 3 125 14 0 0 0 0 6 112 122 0 0 0 0 61 93 117 14 0 0 0 0 80 125 65 6 0 0 0 0 125 55 17 51 0 0 0 0 3 22 33 34 0 0 0 0 73 125 37 22 0 0 0 0 87 103 58 3 0 0 0 0 108 28 6 
0 3 1 0 0 25 128 1 0 5 2 0 0 57 128 10 31 7 17 9 19 36 88 75 11 6 41 52 30 3 1 6 1 21 12 0 0 47 128 1 10 26 49 8 0 49 128 14 128 46 11 2 0 11 45 116 45 22 9 7 22 12 15 20 2 128 90 1 3 4 8 1 9 43 113 37 52 34 5 6 128 44 13 5 8 9 5 98 72 33 0 0 0 0 1 31 4 31 15 1 6 20 16 7 1 6 36 39 75 51 5 4 114 53 26 10 8 9 3 53 85 13 0 0 0 0 1 24 
19 7 2 23 12 3 8 22 5 1 2 128 107 3 5 6 128 2 1 25 20 0 0 26 128 2 0 2 1 0 0 17 6 5 3 6 39 40 72 53 8 5 11 33 108 39 54 42 128 18 8 26 56 11 0 38 128 15 0 5 2 0 0 42 5 52 126 57 25 6 4 5 8 79 128 55 12 4 7 6 47 108 128 57 11 3 0 13 100 71 31 5 15 6 19 41 1 19 75 14 0 0 0 0 1 21 61 39 3 0 0 0 15 22 52 19 11 7 27 16 0 6 13 6 48 47 31 5 
4 0 0 0 0 0 5 9 142 1 0 0 0 1 57 132 123 0 0 0 0 9 101 155 28 0 0 1 19 3 1 23 1 0 0 0 0 0 5 6 20 0 0 0 0 0 21 64 155 11 0 0 0 0 14 155 131 5 0 1 26 7 1 16 0 0 0 0 0 0 2 3 27 4 0 0 0 0 3 11 155 106 0 0 0 0 8 44 90 11 0 0 12 9 17 48 0 0 0 0 0 0 0 3 55 14 0 0 0 0 0 1 155 70 0 0 0 0 13 71 26 0 0 0 1 1 8 92 
27 6 0 28 32 1 0 36 41 9 0 0 26 40 42 99 8 0 0 0 94 87 21 22 79 0 0 0 1 3 3 106 4 0 1 39 97 89 19 11 10 0 6 1 9 64 115 45 12 0 2 0 19 79 78 15 115 1 0 0 0 2 3 91 11 47 49 1 6 74 22 0 1 22 115 81 1 13 6 0 10 10 25 59 0 0 2 2 115 77 1 0 0 0 0 14 69 99 13 0 0 0 0 0 15 75 85 115 21 0 0 0 10 24 18 115 42 0 0 0 75 115 4 1 0 0 0 0 
10 0 0 0 0 0 0 7 44 0 0 0 0 1 18 45 176 25 0 0 0 0 12 164 90 9 0 0 5 5 0 12 5 0 0 0 0 0 0 10 44 1 0 0 0 0 1 24 176 106 0 0 0 0 1 30 97 16 0 0 14 24 3 7 6 0 0 0 0 0 0 5 74 2 0 0 0 0 0 9 176 25 0 0 0 0 1 151 57 0 0 0 13 29 5 62 5 0 0 0 0 0 0 0 26 0 0 0 0 0 0 9 176 11 0 0 0 0 0 133 109 8 0 0 5 12 1 40 
23 49 53 7 0 0 0 1 13 39 97 122 0 0 0 0 2 10 90 67 0 0 0 0 86 14 32 8 0 0 0 7 122 49 87 13 0 0 0 60 47 99 110 113 0 0 0 2 0 30 122 122 0 0 0 0 40 44 122 54 0 0 0 3 122 26 17 1 0 0 0 122 85 45 30 5 0 0 0 41 2 16 64 55 0 0 0 0 0 10 86 32 0 0 0 0 104 52 14 0 0 0 0 27 120 22 1 0 0 0 0 22 4 4 3 2 0 0 0 0 0 0 4 7 0 0 0 0 
46 0 0 0 0 63 65 40 112 0 0 0 0 1 10 77 27 2 0 0 0 0 0 6 2 0 0 0 0 0 1 0 110 2 0 0 0 21 26 87 132 33 0 0 0 0 4 119 45 3 0 0 0 3 18 17 0 0 0 0 0 41 42 2 132 27 0 0 0 0 1 37 132 62 0 0 0 0 82 64 36 1 0 0 1 119 71 41 0 0 0 0 1 132 90 21 70 10 0 0 0 0 15 20 79 6 0 0 0 12 116 79 40 1 0 0 1 132 67 28 1 0 0 0 0 104 36 17 
54 12 3 3 11 7 7 34 28 32 12 8 28 19 60 81 83 51 13 1 0 9 31 32 9 10 15 13 0 0 1 2 53 80 60 12 7 7 7 45 46 127 112 19 19 15 13 13 67 127 127 36 0 0 2 8 5 16 66 33 1 0 0 1 59 70 46 1 0 1 50 79 127 127 38 0 0 2 30 83 32 31 54 33 10 16 53 48 0 0 29 30 16 19 7 2 39 3 0 0 3 7 40 53 127 3 0 0 2 5 35 127 12 0 0 0 2 14 118 61 0 0 0 0 0 20 69 9 
15 4 0 2 6 8 16 29 23 34 3 1 2 6 19 60 23 87 12 1 0 1 1 1 0 18 8 7 12 1 0 0 31 4 12 16 20 83 61 35 125 73 3 2 5 18 30 114 64 124 20 8 9 26 12 15 0 2 4 15 43 57 13 0 34 15 26 25 36 35 57 54 125 60 5 7 22 11 16 125 47 5 0 9 12 59 125 125 0 0 0 14 36 104 56 13 47 24 0 0 0 12 34 19 115 25 0 0 3 53 48 47 7 3 1 1 8 98 125 54 0 0 0 0 5 32 98 50 
0 0 0 0 0 35 96 18 2 0 0 0 2 60 140 33 56 21 3 1 18 10 29 59 9 14 4 9 68 15 0 0 0 0 0 0 0 46 140 23 27 0 0 0 0 68 134 83 140 1 0 3 7 0 13 140 34 26 28 34 31 0 0 6 0 0 43 9 0 4 25 2 42 39 39 1 0 7 9 9 140 58 2 0 0 0 0 49 74 7 8 2 0 0 0 12 0 0 132 22 0 0 0 0 4 65 140 3 0 0 0 0 106 140 36 0 0 0 0 1 43 13 0 0 0 0 0 1 
58 1 0 0 0 0 0 24 127 30 23 21 1 0 27 127 5 13 58 127 9 4 38 40 3 39 50 14 0 0 0 1 11 4 0 0 0 0 0 17 22 10 12 0 0 0 75 127 82 5 12 12 2 4 99 127 58 8 39 11 0 0 1 48 21 43 2 0 0 0 0 0 36 127 127 5 0 0 0 4 100 89 127 16 0 0 0 37 93 72 18 0 0 0 0 21 75 26 0 0 0 0 0 0 127 96 23 2 0 0 5 23 16 40 81 10 0 0 9 9 9 35 13 0 0 0 0 1 
0 0 0 1 25 9 2 0 12 4 0 0 0 1 5 1 138 3 0 0 0 0 0 23 138 1 0 2 0 0 0 45 0 0 2 46 48 0 0 0 10 10 2 4 0 0 0 3 138 30 5 0 0 0 0 31 138 3 1 2 0 0 0 93 0 0 13 128 60 0 0 0 16 138 18 16 22 0 0 0 48 122 58 32 48 0 0 12 138 2 0 1 7 0 0 67 2 5 9 65 117 0 0 0 92 117 5 14 30 0 1 19 28 37 20 57 96 2 1 6 138 7 5 10 7 0 0 21 
0 0 0 1 137 11 0 0 34 2 0 0 47 4 0 7 137 17 0 0 0 0 0 63 82 10 0 0 0 0 0 38 0 0 0 58 137 0 0 0 12 9 20 36 52 0 0 9 137 67 10 0 0 0 0 82 137 19 0 0 0 0 2 60 0 0 59 137 67 0 0 0 0 54 137 78 7 0 0 0 27 137 137 1 0 0 3 0 39 54 40 21 0 2 12 17 0 1 47 27 0 0 0 0 0 21 112 7 5 1 0 0 0 18 54 13 21 30 32 0 0 2 12 13 2 10 62 11 
0 0 0 0 0 25 99 20 0 0 0 0 1 59 138 25 35 22 0 0 15 19 50 53 16 16 2 3 54 14 0 1 0 0 0 0 0 35 138 22 13 0 0 0 0 66 138 64 138 3 0 0 2 0 28 138 60 10 21 27 42 2 0 13 0 0 61 10 0 3 25 2 22 41 60 2 0 6 11 8 138 87 6 0 0 0 0 38 106 8 8 3 0 0 0 12 0 0 138 23 0 0 0 0 1 53 138 6 0 0 0 0 64 138 62 0 0 0 0 0 41 23 0 0 0 0 0 0 
113 71 0 0 0 0 0 4 46 45 39 49 3 0 0 1 0 0 89 89 40 8 0 0 0 0 10 28 87 19 0 0 129 9 0 0 0 0 0 53 129 10 11 9 10 2 0 25 0 1 11 22 129 73 0 0 0 0 0 1 129 59 0 0 129 1 0 2 3 0 0 36 129 2 0 0 14 44 22 50 0 0 0 0 129 129 7 0 0 0 0 0 92 60 0 0 65 0 0 1 2 0 1 50 33 0 0 0 13 76 38 84 0 0 0 1 43 129 6 0 0 0 0 0 8 30 0 0 
50 11 0 0 0 0 0 20 98 74 38 23 0 0 0 10 0 8 44 125 42 0 0 0 0 0 0 41 23 0 2 14 125 36 0 0 0 0 0 6 125 100 10 7 2 0 0 29 10 7 11 125 90 0 0 3 0 0 0 125 58 0 0 2 111 1 0 0 0 0 0 38 125 1 0 0 0 0 6 110 22 0 0 48 32 6 37 17 0 0 0 122 125 5 4 0 52 0 0 0 0 0 0 16 125 0 0 0 0 5 40 84 4 0 0 0 1 21 125 32 0 0 0 4 81 19 27 16 
14 0 0 0 10 29 92 50 16 8 56 74 73 12 10 29 11 61 87 51 6 0 0 0 1 15 32 37 8 8 1 0 76 0 0 4 8 12 11 66 138 36 73 29 0 0 0 62 8 17 125 130 64 3 0 0 0 1 11 52 83 77 5 2 91 18 14 36 21 0 0 4 138 53 2 1 1 0 0 20 19 6 2 75 84 4 1 1 0 0 0 138 123 6 0 0 34 13 35 31 22 0 0 5 138 6 2 6 3 5 7 84 11 0 0 7 13 24 44 20 0 0 0 77 41 1 4 5 
127 0 0 0 0 0 0 42 104 14 11 10 0 0 0 20 0 11 41 23 96 15 0 0 16 5 1 6 111 22 3 4 127 64 23 1 1 0 0 19 127 18 1 0 3 6 2 28 5 1 2 2 127 127 0 2 23 1 0 0 90 102 25 24 55 28 12 0 0 9 32 48 64 3 0 0 13 24 94 127 1 0 0 4 127 127 22 21 31 4 0 2 53 34 1 11 16 0 0 0 0 35 31 20 52 26 1 0 2 19 38 104 21 15 33 49 111 14 10 20 5 28 38 21 22 0 0 0 
0 0 0 1 122 99 0 0 2 0 0 3 57 53 11 5 94 3 0 0 0 1 4 76 79 22 16 9 0 0 0 20 0 0 2 89 122 28 0 0 0 0 10 82 58 3 0 0 122 24 1 4 4 0 0 13 122 31 2 1 1 0 0 9 0 0 2 122 122 3 0 0 0 10 40 107 122 8 0 0 122 32 35 31 10 0 0 14 122 17 0 0 0 1 2 30 0 0 0 25 122 6 0 0 16 18 15 29 106 14 6 13 51 7 11 49 42 6 3 28 87 0 0 0 0 2 3 58 
0 3 3 48 94 0 0 0 44 6 1 26 67 4 9 43 96 15 5 16 16 17 17 27 122 9 0 0 0 0 0 21 0 1 2 22 122 26 0 0 10 0 0 10 122 39 31 29 122 11 0 0 1 9 41 100 122 6 0 0 0 0 1 122 1 0 0 7 122 38 2 2 5 0 0 10 122 29 1 4 65 4 0 0 0 0 8 83 122 28 0 0 0 0 2 86 0 0 0 21 81 25 15 10 0 2 5 67 91 3 0 0 62 60 11 3 1 0 0 3 122 107 0 0 0 0 0 0 
0 2 3 37 87 5 0 0 12 12 4 15 24 35 9 8 123 49 0 0 5 6 5 32 51 30 0 0 4 4 0 3 0 0 0 91 106 19 0 0 8 0 0 26 123 82 9 19 123 1 0 0 1 8 7 123 98 1 0 2 32 30 1 57 0 0 0 7 71 123 44 2 7 1 1 13 123 83 0 3 123 12 0 0 4 0 0 86 123 8 0 21 43 5 1 57 14 9 3 5 6 33 51 9 9 18 15 79 24 12 1 0 101 111 5 6 2 0 0 5 113 34 0 3 14 6 2 14 
31 0 4 9 0 0 0 16 131 7 1 29 7 0 2 93 33 42 12 93 27 0 4 14 136 74 4 0 0 0 0 0 6 6 30 62 3 0 0 5 35 2 19 31 3 0 17 136 105 23 2 15 16 1 42 136 136 71 0 0 0 0 0 7 22 13 11 50 39 1 0 6 4 2 17 40 38 7 11 47 136 10 8 13 0 0 5 103 136 27 0 0 0 0 0 39 19 0 0 13 41 8 1 17 2 0 0 14 78 9 5 18 136 3 0 0 1 0 2 64 136 4 0 0 0 0 0 24 
91 1 0 0 0 27 24 40 141 2 0 0 1 105 139 115 49 1 0 0 1 52 66 141 20 2 0 0 2 2 4 15 15 0 0 0 0 2 22 35 15 0 0 0 0 43 131 88 141 4 0 0 0 8 30 141 107 2 0 0 6 10 16 26 0 0 0 0 0 1 9 5 23 3 0 0 0 1 16 10 141 69 0 0 0 1 22 44 62 3 0 0 0 4 78 63 0 0 0 0 0 0 2 0 49 10 0 0 0 0 3 1 141 47 0 1 1 3 26 20 2 0 0 0 1 3 41 55 
0 12 10 10 42 6 0 0 35 67 70 10 1 1 2 5 26 28 55 21 3 11 47 21 21 29 7 2 2 5 14 39 82 69 8 3 22 20 10 10 82 116 116 68 21 12 2 17 11 16 58 116 83 31 23 12 31 54 51 26 8 6 12 43 116 5 0 0 0 3 13 79 116 13 1 5 34 87 66 116 31 9 2 14 116 116 28 18 101 43 13 14 22 3 3 44 31 16 23 1 0 0 3 32 14 13 37 15 6 40 91 52 83 37 5 9 13 53 40 10 86 75 3 6 6 2 0 8 
0 0 0 1 129 85 0 0 8 0 0 3 36 31 7 10 129 8 3 0 0 0 1 75 59 16 28 18 0 0 0 8 0 0 2 98 129 18 0 0 5 1 5 68 42 0 0 1 129 32 1 1 2 0 0 14 129 24 3 6 4 0 0 6 0 0 1 129 129 4 0 0 2 10 45 93 113 4 0 0 129 31 23 18 5 0 0 23 118 10 0 0 1 3 4 22 0 0 0 24 129 5 0 0 14 21 25 28 88 9 10 10 91 0 10 35 38 2 2 44 70 0 0 0 1 10 4 48 
0 11 6 35 70 0 0 0 37 3 1 39 113 2 6 27 81 11 8 12 17 20 22 29 128 10 0 0 1 1 0 17 1 3 4 14 114 15 0 0 5 0 0 15 128 41 20 17 116 5 0 0 3 11 44 84 128 7 0 0 0 0 1 123 4 0 0 4 128 29 4 6 2 0 0 10 128 42 1 1 49 1 0 0 4 1 4 69 128 19 0 0 0 0 1 95 0 0 0 8 64 18 26 20 0 0 1 65 128 8 2 0 41 37 7 7 6 0 0 3 128 95 0 0 0 0 0 1 
24 2 0 3 17 7 19 34 10 41 56 21 36 8 6 3 26 35 65 38 5 0 8 23 2 3 22 76 29 0 4 2 66 4 0 8 27 2 16 56 122 103 62 64 30 2 3 20 41 20 34 122 107 11 10 62 41 20 25 68 66 11 8 31 87 7 16 58 14 1 0 13 122 8 1 9 29 49 19 116 49 8 38 62 117 84 22 34 34 5 31 38 88 48 21 19 15 21 60 66 2 0 0 4 26 5 35 63 17 20 45 77 97 48 4 8 14 33 33 35 29 11 3 23 122 15 0 5 
118 47 1 1 11 3 4 16 24 30 26 18 102 64 9 12 25 32 46 71 29 13 16 43 9 2 0 4 11 10 54 93 73 71 22 19 42 8 20 24 122 79 25 23 58 9 38 60 27 60 35 82 122 26 2 6 10 1 0 10 94 16 15 76 51 9 5 22 38 17 40 78 122 10 13 47 38 28 35 122 32 3 2 13 122 122 47 52 38 4 6 36 70 8 1 11 37 3 2 6 7 1 14 47 3 1 3 13 21 48 63 39 38 20 11 9 13 36 47 16 10 6 14 44 26 2 1 2 
0 0 0 0 0 77 122 0 10 1 0 0 0 122 122 33 99 8 8 2 3 15 48 117 6 12 11 13 29 8 8 8 3 52 23 0 0 72 107 0 41 61 79 10 4 42 51 12 122 44 6 1 0 2 6 75 37 46 1 0 1 1 4 16 4 122 60 2 10 12 3 0 10 33 59 24 112 50 12 14 122 25 6 3 10 10 14 122 94 10 0 0 0 2 9 50 3 29 8 1 6 24 15 5 1 16 83 43 50 21 1 0 91 60 56 10 8 7 10 13 41 8 0 0 0 32 55 10 
9 3 0 11 34 17 7 16 9 3 2 64 76 6 18 41 66 2 1 74 91 1 1 7 129 1 0 0 0 0 0 18 0 1 9 23 97 58 31 18 9 25 22 18 43 26 78 112 53 8 14 47 107 33 13 18 129 17 2 2 0 0 0 39 27 13 104 97 22 2 1 4 3 99 129 55 5 1 1 7 12 39 129 129 12 4 1 4 113 101 92 12 3 1 2 26 53 11 29 9 0 0 0 5 2 17 76 31 2 0 0 0 9 13 42 39 10 1 6 9 4 16 32 10 17 15 20 12 
52 1 0 4 15 24 12 27 123 22 0 9 21 41 27 22 123 14 0 0 3 7 5 23 2 1 1 1 3 15 37 6 123 46 29 19 8 1 1 12 79 123 123 34 10 0 18 4 83 94 23 12 10 8 12 3 0 4 43 22 30 31 18 3 123 24 11 0 3 16 32 58 14 37 59 0 5 53 123 106 12 13 8 2 6 14 72 123 0 0 1 9 51 90 11 3 70 8 0 0 15 34 6 10 31 0 0 0 31 82 30 66 123 0 0 0 3 3 8 123 10 1 7 9 34 31 3 9 
103 7 0 7 53 7 1 11 98 2 0 1 10 64 91 49 27 5 2 10 66 24 80 52 31 2 0 0 4 0 0 9 52 9 2 11 57 47 7 12 31 3 0 0 47 116 57 34 116 0 0 0 3 15 73 116 96 2 1 4 9 1 0 33 7 2 3 63 73 39 5 3 2 43 73 10 56 41 2 1 116 51 109 24 0 0 0 43 116 9 2 2 9 4 0 37 20 33 7 33 104 4 0 0 33 116 108 6 10 3 2 2 41 49 93 69 50 13 2 8 59 7 3 5 12 1 0 12 
94 3 0 0 0 0 1 40 23 6 4 42 64 5 1 15 0 0 58 76 108 0 0 0 0 1 52 23 20 2 0 0 129 0 0 0 0 0 0 81 112 32 35 16 16 7 0 31 1 9 129 64 89 87 0 0 0 0 25 20 93 97 0 0 129 3 0 0 0 0 0 14 129 9 1 0 4 87 33 20 2 1 1 1 68 129 20 1 3 5 0 0 33 100 3 0 89 4 0 0 0 2 4 18 32 1 0 0 19 129 47 17 0 0 0 0 18 129 17 0 10 13 0 0 0 8 2 0 
54 2 0 0 0 0 1 23 115 63 25 47 3 0 0 15 0 7 15 137 22 0 0 0 0 0 9 65 4 0 0 0 118 26 0 1 3 0 0 7 137 89 6 31 2 1 0 20 9 7 15 137 43 7 0 1 0 0 67 137 7 0 0 0 118 10 0 2 8 0 0 18 137 6 0 0 1 36 28 97 16 1 8 19 21 95 75 58 5 4 33 78 11 4 11 30 44 0 0 1 3 0 0 15 75 0 0 0 0 64 61 66 1 0 0 0 0 59 76 117 5 1 1 0 0 1 44 86 
9 17 2 3 1 0 0 3 52 98 18 0 0 0 0 31 28 125 83 0 0 0 9 52 5 26 59 34 1 0 1 8 15 5 1 23 21 0 1 13 62 21 15 0 0 0 4 109 58 15 20 0 0 0 41 128 97 7 18 12 1 0 3 99 19 12 4 40 59 8 0 3 128 128 102 4 0 0 1 23 64 67 128 92 0 0 4 36 128 66 38 12 4 0 0 37 29 2 0 0 27 14 0 2 128 19 2 0 0 0 0 16 124 29 71 32 0 0 0 4 5 48 48 8 1 0 0 0 
3 2 0 27 53 6 2 4 43 73 16 6 8 5 8 15 23 64 25 4 0 20 38 36 11 14 7 18 52 24 22 17 40 24 11 32 49 11 2 8 99 120 86 42 21 6 2 11 23 75 90 111 60 30 16 31 22 57 27 84 61 6 7 36 48 5 0 1 12 44 43 47 120 40 1 6 31 44 28 120 62 10 1 17 120 120 27 44 120 37 4 40 58 12 3 35 10 4 8 2 0 10 19 16 40 38 19 2 1 22 47 103 65 17 25 18 22 73 37 32 89 15 0 1 21 37 23 52 
120 18 0 1 5 34 7 8 18 0 0 0 16 97 120 76 36 5 0 6 55 23 67 68 37 3 0 1 4 0 0 6 69 11 0 2 28 119 16 14 4 0 0 0 36 120 49 49 120 0 0 0 0 3 51 120 99 3 0 5 10 1 0 19 11 2 8 6 57 53 8 3 2 27 65 9 29 14 0 0 120 25 52 13 0 0 0 56 120 7 0 2 9 8 0 36 0 68 51 1 12 9 3 0 4 120 120 19 9 1 0 4 55 54 89 95 27 4 0 6 69 15 1 2 4 1 0 9 
65 27 0 0 0 7 19 47 31 35 1 8 56 76 64 37 17 4 0 1 81 85 26 30 96 21 0 0 0 0 14 84 23 9 35 12 0 2 48 76 7 7 52 18 5 91 114 32 83 88 12 7 12 42 28 7 114 114 8 0 0 0 0 4 51 39 38 15 11 10 11 6 40 40 106 75 57 21 3 3 114 21 10 39 48 12 4 59 114 48 2 0 0 0 1 114 80 16 0 0 0 2 8 26 33 11 0 3 89 55 7 10 42 19 21 3 50 21 2 34 66 6 9 0 0 0 0 114 
0 7 5 0 21 40 2 0 42 18 23 0 1 1 0 13 120 6 3 0 1 7 33 71 63 20 11 1 3 11 24 18 34 89 27 2 17 9 0 2 18 73 120 42 0 0 0 1 47 11 74 80 8 0 17 39 120 48 7 1 0 0 7 54 120 27 2 0 7 3 0 49 120 56 84 58 16 2 18 53 5 38 120 120 30 2 8 6 72 120 42 4 0 15 23 4 64 1 0 0 0 0 5 38 47 0 0 1 2 1 95 120 0 6 18 7 3 11 103 75 2 9 5 0 0 78 61 4 
22 8 2 1 66 28 4 31 44 16 52 39 48 9 7 57 14 17 17 72 117 7 1 0 114 102 2 4 1 0 0 0 20 2 0 14 135 27 19 27 50 1 0 1 28 59 135 71 69 5 0 6 68 87 104 24 135 29 0 0 0 0 5 35 0 0 0 4 135 39 7 0 0 0 0 2 31 29 61 2 60 0 0 0 0 6 28 64 132 0 0 0 0 1 20 135 0 0 10 52 114 5 0 0 0 0 49 41 11 4 0 0 5 8 24 14 0 0 1 13 68 15 3 0 0 0 0 44 
0 0 0 33 58 13 6 0 0 1 1 7 3 5 34 16 19 4 0 0 0 0 52 38 131 5 0 0 0 0 4 63 0 1 29 136 93 0 0 0 0 9 27 65 42 0 0 0 37 35 68 2 0 0 0 4 136 22 10 1 0 0 0 18 0 1 9 79 136 6 0 0 60 99 82 35 77 3 0 8 34 85 136 63 50 1 0 4 136 20 26 31 32 2 0 26 0 0 0 0 136 74 2 0 97 4 0 0 33 20 20 64 62 6 15 34 37 14 63 52 47 20 9 29 31 13 7 1 
122 76 8 15 11 17 2 8 122 122 20 3 10 12 0 10 46 16 8 9 22 50 14 49 27 6 13 10 6 1 1 26 122 80 54 8 9 14 0 22 122 27 3 4 49 48 21 89 102 16 8 18 82 91 24 59 90 8 0 1 6 10 12 63 88 48 32 2 1 6 22 51 38 13 2 4 12 7 88 122 70 57 15 22 20 4 34 62 43 25 0 0 0 10 15 24 14 5 11 8 17 33 20 19 50 13 21 9 5 6 41 122 41 1 0 0 1 3 34 101 2 0 0 0 0 1 24 85 
24 0 0 0 0 3 33 120 155 3 0 0 0 0 2 109 43 12 0 0 0 0 0 6 3 7 1 0 0 0 0 1 156 7 0 0 0 2 14 81 156 53 0 0 0 0 0 26 68 26 0 0 0 0 0 2 8 27 3 0 0 0 0 0 156 17 0 0 0 0 0 15 156 47 0 0 0 0 5 30 46 5 0 0 0 0 6 38 33 8 0 0 0 0 0 6 130 25 0 0 0 0 0 24 135 3 0 0 0 0 44 156 19 0 0 0 0 0 34 137 19 0 0 0 0 0 2 30 
25 21 43 15 5 4 0 4 21 18 123 55 0 0 7 44 31 33 44 23 16 10 4 30 26 13 7 10 9 9 1 23 123 35 20 7 13 4 0 20 86 40 123 72 6 17 5 2 4 19 82 121 99 21 8 0 1 0 0 36 77 20 25 43 123 23 0 9 17 8 4 38 92 5 1 1 14 123 90 34 9 0 1 32 60 72 110 45 0 0 3 55 123 24 10 3 67 16 0 3 6 9 2 37 29 9 0 15 86 87 18 39 88 9 6 5 12 13 13 71 14 4 16 70 40 3 0 2 
5 2 14 4 0 5 14 35 2 11 23 3 0 18 92 5 3 2 0 0 0 10 111 11 0 0 0 0 0 0 33 31 3 2 6 15 53 95 30 15 0 0 0 0 12 132 132 13 8 0 0 0 0 16 132 129 62 0 0 0 0 0 40 132 0 0 0 25 132 67 1 0 0 0 0 12 98 80 24 5 73 3 0 0 1 4 26 69 132 8 0 0 0 0 1 51 0 0 0 35 132 2 0 0 1 0 0 24 118 4 0 0 82 17 0 1 3 0 0 3 132 26 0 0 0 0 0 3 
0 0 0 10 131 2 0 0 12 0 0 4 52 1 0 4 131 0 0 0 0 0 0 70 108 1 0 0 0 0 0 70 0 0 0 78 131 0 0 0 3 6 25 65 48 0 0 1 129 85 16 2 0 0 0 17 131 49 0 0 0 0 1 29 0 0 36 131 69 0 0 0 0 32 131 101 7 0 0 0 9 131 131 3 0 0 0 0 30 99 30 21 4 2 6 9 0 0 37 40 1 0 0 0 0 27 117 9 1 0 0 0 0 27 79 0 7 14 14 0 0 6 16 16 1 6 31 2 
0 0 0 0 0 57 126 1 1 0 0 0 0 28 132 56 31 20 2 2 7 10 41 94 16 24 2 4 24 2 0 5 0 0 0 0 0 48 130 1 20 3 0 0 0 14 116 83 132 5 0 0 0 0 10 132 86 1 4 14 18 2 0 22 0 3 65 5 0 2 8 0 25 68 58 1 0 0 2 5 132 109 7 0 0 0 0 23 116 9 2 0 0 0 0 19 0 5 132 9 0 0 0 0 1 64 132 2 0 0 0 0 38 132 68 0 0 0 0 0 35 37 0 0 0 0 0 0 
29 24 27 7 5 5 0 4 9 15 113 85 0 0 2 10 49 31 60 21 1 1 2 47 11 10 13 25 13 3 0 5 124 20 7 3 14 5 0 24 124 46 124 78 2 1 0 4 5 27 124 112 23 8 1 0 2 10 14 64 88 17 0 3 124 20 4 12 17 0 0 9 124 17 3 1 6 72 21 13 0 0 4 19 23 101 102 14 0 0 0 64 107 24 22 6 86 5 0 3 8 3 0 46 63 5 0 2 34 124 27 52 26 0 0 0 17 78 63 68 13 0 4 6 28 22 12 21 
9 1 0 9 20 11 19 36 8 0 0 79 131 8 9 15 131 4 0 16 24 0 0 30 119 3 0 7 8 0 0 9 7 14 13 15 61 42 46 48 11 17 25 36 88 41 37 47 131 34 17 17 37 9 0 56 131 14 0 15 14 0 0 38 5 53 131 72 16 1 0 0 4 76 131 79 7 2 0 1 68 131 131 54 8 0 0 11 84 42 15 7 19 9 33 62 8 16 54 13 0 0 0 0 3 15 41 42 9 0 0 0 17 23 34 16 21 17 32 20 0 2 5 5 66 52 25 13 
24 49 54 1 0 0 0 1 7 42 114 108 0 0 0 0 19 11 114 52 0 0 0 0 116 33 28 4 0 0 0 5 121 54 53 0 0 0 0 64 37 110 121 87 0 0 0 8 1 20 121 121 0 0 0 0 64 47 121 28 0 0 0 2 121 58 11 0 0 0 0 73 121 41 16 2 0 0 0 39 1 8 52 31 0 0 0 0 0 5 56 19 0 0 0 0 121 30 2 0 0 0 0 83 109 24 0 0 0 0 0 25 2 2 2 4 0 0 0 0 0 0 2 5 0 0 0 0 
25 2 0 0 0 39 88 32 98 0 0 0 0 4 23 52 24 4 0 0 0 0 0 2 3 1 0 0 0 0 0 0 121 3 0 0 0 27 67 63 124 32 0 0 0 0 3 92 39 5 0 0 0 2 10 11 1 0 0 0 0 16 28 1 124 40 0 0 0 0 4 32 124 63 0 0 0 2 57 100 15 0 0 0 0 124 103 43 0 0 0 0 0 124 124 15 56 10 0 0 0 0 18 35 59 2 0 0 0 50 91 108 8 0 0 0 0 124 113 30 0 0 0 0 0 88 70 19 
6 1 1 7 28 15 5 28 7 5 21 25 24 25 31 77 23 7 5 8 25 44 31 92 21 0 1 33 21 0 2 60 0 0 0 6 31 92 52 24 0 0 0 42 54 52 113 94 60 0 0 3 18 112 92 98 126 1 5 16 1 0 2 116 8 4 1 0 5 83 75 59 2 4 3 32 71 34 67 117 126 17 0 9 59 34 36 26 126 18 0 0 0 0 0 21 56 16 5 1 5 8 5 6 19 13 14 33 48 14 18 12 126 27 0 2 18 13 9 8 126 40 0 0 0 0 0 0 
0 0 3 0 0 0 0 0 10 0 0 0 0 0 0 2 91 19 2 0 0 0 0 16 112 69 77 4 0 0 0 21 0 3 97 57 0 0 0 0 6 4 47 39 0 0 0 0 86 26 4 1 0 0 0 30 128 45 10 0 0 0 0 128 6 8 76 95 11 10 22 29 23 20 128 128 2 1 1 15 51 66 128 79 0 0 0 0 128 128 46 0 0 0 0 31 17 2 0 0 2 4 22 35 119 21 23 16 0 1 1 30 68 33 128 30 0 0 0 10 28 39 87 4 0 0 0 1 
42 0 0 0 2 131 82 46 0 0 0 0 5 132 132 47 79 0 0 0 0 13 132 132 48 1 0 0 0 12 19 41 8 0 0 0 0 107 132 27 6 0 0 0 0 74 90 16 132 29 0 0 0 7 42 88 85 5 0 0 0 62 88 32 0 0 0 0 0 11 17 0 35 7 0 0 0 3 10 4 132 72 4 2 0 17 10 31 18 7 5 8 15 56 46 9 0 0 0 0 0 2 2 0 42 1 0 0 0 0 0 4 132 39 6 3 7 6 3 30 8 10 6 10 55 34 4 4 
111 38 0 0 0 0 0 6 109 110 41 4 0 0 0 22 66 45 12 2 0 0 0 16 9 13 8 0 0 0 0 2 149 6 0 0 0 0 0 64 149 49 67 25 0 0 0 120 18 77 72 24 0 0 0 1 1 18 27 14 0 0 0 0 79 38 2 0 0 0 0 27 149 35 8 4 0 0 0 149 72 14 54 10 0 0 0 27 0 3 19 29 0 0 0 0 56 76 10 0 0 0 0 0 149 149 17 0 0 0 0 16 89 35 11 4 0 0 0 8 0 0 5 19 0 0 0 0 
127 19 0 0 0 1 0 12 127 18 0 16 18 0 0 10 1 0 0 47 134 6 0 1 8 0 0 5 48 2 3 23 134 6 0 1 3 1 0 63 134 2 0 0 16 6 4 98 2 0 0 18 134 19 4 5 0 0 1 11 88 4 7 4 134 15 0 1 6 1 0 9 134 14 0 0 7 25 16 40 1 0 0 4 134 100 23 5 0 0 0 4 100 8 4 0 111 4 0 0 2 0 0 13 98 13 2 2 59 26 2 8 0 0 0 1 83 114 16 0 0 0 0 0 25 19 1 0 
27 24 1 0 0 0 0 0 107 99 7 0 0 0 0 6 42 12 1 22 130 7 0 8 5 0 0 20 84 0 0 1 101 9 3 0 0 0 0 14 130 102 17 6 1 0 0 18 7 21 12 61 130 2 0 0 7 0 0 21 130 3 0 2 73 4 7 2 0 0 0 18 130 12 2 5 1 0 0 56 25 6 2 118 114 0 0 2 1 1 0 94 130 1 0 1 26 1 7 24 5 0 0 9 130 2 0 2 1 0 0 76 33 0 0 14 96 5 2 29 0 0 0 12 130 10 0 0 
125 25 0 0 4 0 0 18 158 90 38 14 4 0 0 5 4 7 16 19 4 0 0 0 0 0 1 5 7 3 0 0 158 13 0 7 19 1 1 47 158 48 32 65 48 12 1 71 0 1 12 77 54 15 0 0 0 0 0 12 32 5 0 0 158 4 0 2 14 2 1 38 158 5 0 1 16 32 34 143 1 0 0 10 34 41 31 12 0 0 2 15 35 2 0 1 110 2 0 2 2 0 0 14 158 0 0 0 1 11 16 79 9 0 0 0 3 14 27 61 1 0 0 5 12 1 2 9 
9 4 1 0 0 0 0 0 2 6 17 3 0 0 0 0 0 2 16 29 0 0 0 0 0 0 4 13 0 0 0 0 26 7 1 0 0 0 0 1 36 32 35 7 0 0 0 0 56 40 72 107 3 0 0 0 0 0 16 93 4 0 0 0 36 7 3 0 0 0 0 3 143 38 74 57 0 0 0 27 143 60 108 143 2 0 0 15 30 7 65 143 5 0 0 2 13 10 8 1 0 0 0 1 143 18 39 31 0 0 0 106 143 43 101 112 1 0 0 58 57 9 35 143 7 0 0 3 
40 3 0 0 0 0 0 3 142 60 0 0 0 37 13 45 142 25 0 0 0 142 87 39 51 1 0 0 55 142 20 16 65 6 0 0 0 0 0 3 142 35 0 0 0 98 100 48 142 12 0 0 4 142 122 46 40 2 0 0 37 142 34 12 38 1 0 0 0 0 3 8 30 0 0 0 0 16 53 27 34 0 0 0 1 83 68 19 0 0 0 0 2 52 16 4 8 0 0 0 0 0 0 7 2 0 0 0 0 7 8 10 0 0 0 0 0 20 12 1 0 0 0 0 0 2 4 2 
0 0 0 7 109 21 0 0 4 0 0 3 56 10 0 1 120 2 0 0 0 0 0 17 128 2 0 0 0 0 0 36 0 0 5 48 128 39 0 0 2 4 26 23 63 5 0 0 101 20 38 1 0 0 0 21 128 7 2 0 0 0 0 94 0 3 22 128 67 33 4 0 13 102 128 33 11 3 7 11 14 60 128 74 1 1 4 5 128 106 41 11 0 0 0 16 0 2 4 24 8 53 81 3 29 27 16 5 1 9 96 97 29 8 25 32 1 9 36 59 49 24 13 5 0 5 3 17 
0 0 125 57 0 0 0 0 25 71 132 69 0 0 0 0 31 70 35 61 7 9 0 4 0 0 23 132 7 0 0 1 2 5 26 5 0 0 0 0 3 9 46 37 48 13 0 0 54 8 10 10 89 110 34 67 37 2 14 48 23 8 0 27 4 3 4 7 0 0 1 0 5 3 0 12 132 13 1 0 132 5 0 29 132 85 12 76 132 4 1 1 8 12 6 42 1 0 0 2 0 14 25 19 0 0 0 10 72 14 54 20 106 33 0 93 132 3 3 7 84 12 0 2 0 3 4 11 
45 14 3 0 0 2 2 9 1 23 13 2 13 125 12 1 12 112 13 0 4 131 77 2 18 124 13 1 16 28 21 0 96 36 7 1 10 25 1 6 0 98 131 26 77 131 4 0 4 131 131 7 6 92 11 0 4 81 19 28 42 1 1 0 59 14 6 1 3 25 88 47 49 44 67 2 4 3 28 35 4 38 26 0 0 8 5 1 5 5 5 8 8 4 4 1 65 0 0 0 0 24 64 77 130 0 0 0 0 0 6 112 9 1 0 0 0 3 3 11 3 1 0 0 0 0 0 4 
3 3 6 8 83 13 1 0 132 4 2 5 120 30 0 85 88 13 53 23 0 0 0 10 1 13 30 22 0 0 0 1 8 13 9 31 132 5 1 1 132 95 15 62 132 5 0 17 132 16 1 0 4 3 0 8 0 0 1 1 3 3 5 7 24 8 0 25 37 3 13 55 79 120 32 62 54 8 11 12 46 15 0 0 3 8 43 36 0 0 0 0 3 4 22 5 11 0 0 1 0 0 18 132 8 9 0 3 32 78 43 55 0 0 0 0 18 63 132 81 0 0 0 0 0 0 108 60 
104 2 0 0 0 0 0 37 36 5 6 31 71 3 1 18 0 3 78 61 98 0 0 0 0 2 35 19 32 7 0 0 126 0 0 0 0 0 0 76 126 29 31 10 15 5 1 40 2 11 98 41 126 85 0 0 1 1 6 8 106 71 0 0 126 0 0 0 0 0 0 19 126 7 0 0 14 58 5 22 4 1 0 0 126 126 1 2 12 12 0 0 43 60 0 0 101 0 0 0 0 0 0 13 73 0 0 0 19 125 25 27 0 0 0 0 36 126 2 0 24 17 0 0 1 8 0 0 
52 5 0 0 2 0 0 11 138 77 13 45 9 0 0 10 0 8 6 138 68 0 0 0 0 0 0 42 14 0 0 0 112 24 0 3 14 0 0 2 138 61 3 28 9 0 0 19 12 3 5 138 98 4 0 1 0 0 16 138 21 0 0 0 104 3 0 4 18 0 0 15 138 1 0 1 2 25 32 87 21 1 9 45 32 58 59 44 4 0 23 138 31 0 0 7 38 1 0 2 6 0 0 10 74 0 0 0 0 43 66 66 24 0 0 0 0 32 59 138 9 1 4 18 9 2 13 56 
138 80 12 1 0 0 0 21 92 117 59 34 0 0 0 2 5 7 23 18 0 0 0 1 3 1 2 12 15 1 0 1 142 18 6 0 0 0 0 79 142 19 41 86 37 17 46 78 0 0 9 79 30 7 10 3 0 0 1 15 24 8 0 0 142 11 0 0 0 0 0 56 142 0 0 0 1 16 108 132 7 0 0 13 24 12 39 78 0 0 3 15 28 11 0 1 130 52 0 0 0 0 0 10 64 7 0 0 1 32 45 53 42 0 0 1 1 6 15 125 1 0 1 8 4 0 3 18 
0 0 8 3 0 0 0 0 8 2 1 0 0 0 0 0 79 5 0 0 0 0 0 24 129 7 0 0 0 0 0 110 0 2 96 95 1 0 0 0 3 7 48 75 0 0 0 0 75 47 10 2 0 0 0 3 129 99 12 0 0 0 0 94 17 5 40 72 30 13 16 14 40 5 129 129 0 0 0 16 64 72 129 59 0 0 0 0 129 125 49 0 0 0 0 3 28 2 0 0 2 6 17 19 129 10 34 17 0 0 0 29 42 39 129 18 0 0 0 4 23 34 64 5 0 0 0 0 
99 7 0 0 8 13 5 38 66 34 16 11 10 15 3 10 9 27 52 42 16 14 0 0 2 5 1 1 11 50 3 0 132 55 3 6 11 8 0 17 132 132 9 15 26 6 0 5 11 24 13 34 132 98 0 0 7 9 13 3 22 77 3 0 132 43 2 4 4 13 63 53 132 54 0 7 53 8 8 77 7 6 15 77 132 30 0 3 1 24 48 23 9 3 0 0 48 1 0 0 11 15 40 64 132 0 0 2 9 1 5 132 12 0 3 91 55 2 3 26 5 14 11 42 7 0 0 0 
5 0 0 0 0 0 0 1 47 3 0 0 0 0 0 6 171 102 0 0 0 0 0 31 92 20 0 0 0 0 0 8 7 0 0 0 0 0 0 2 59 0 0 0 0 0 0 10 171 19 0 0 0 0 0 148 101 6 0 0 0 1 2 42 7 1 0 0 0 0 0 0 43 9 0 0 0 0 0 2 171 129 0 0 0 0 0 108 147 20 0 0 0 2 6 72 5 0 0 0 0 0 0 1 63 5 0 0 0 0 0 6 171 127 0 0 0 0 0 49 40 26 0 0 0 0 13 20 
85 5 0 3 7 1 1 45 76 16 3 0 16 53 42 95 1 0 1 0 73 129 23 5 86 0 0 0 4 25 8 37 26 0 3 3 10 33 63 56 23 0 0 0 14 42 129 104 8 0 0 0 51 126 126 12 129 3 0 0 2 9 7 58 0 2 91 102 3 6 11 0 0 0 14 46 5 0 41 3 28 8 2 1 0 0 27 6 129 28 0 0 0 0 0 12 0 2 33 129 44 0 0 0 0 2 8 111 58 0 0 0 4 86 24 7 0 0 0 0 49 129 4 0 0 0 0 1 
43 14 19 10 1 0 0 26 117 6 0 0 3 20 14 49 111 17 7 10 37 9 13 27 0 2 14 76 117 2 1 0 35 6 12 15 24 44 14 24 102 4 0 0 4 76 40 86 103 1 0 1 11 22 65 117 26 24 52 55 29 8 22 21 8 18 35 0 3 36 23 19 19 31 75 1 0 19 33 47 95 111 28 0 0 2 19 104 117 85 10 0 1 6 4 18 6 78 85 0 0 0 0 0 0 80 117 0 0 0 0 0 8 117 117 0 0 0 0 0 19 64 8 1 16 12 0 0 
4 13 113 20 0 0 12 17 25 48 109 21 18 23 11 6 36 12 1 1 6 20 63 83 5 0 4 22 8 0 13 54 1 2 3 16 26 21 97 53 0 0 4 25 36 119 119 31 30 0 0 0 10 112 108 101 119 0 2 1 0 0 11 119 2 6 3 15 7 22 111 53 0 0 2 37 65 71 88 20 113 16 0 3 28 31 29 25 119 30 0 0 0 0 0 24 38 20 12 8 1 2 10 8 3 4 9 50 40 31 18 4 119 7 0 5 9 10 5 16 119 9 0 0 0 0 0 24 
92 5 0 0 0 0 0 28 75 35 43 26 0 0 0 3 7 50 50 22 1 0 0 0 1 9 2 5 13 3 2 0 149 5 0 0 0 0 0 49 149 90 50 12 0 0 0 18 3 20 85 127 6 0 0 0 0 0 4 66 44 2 0 0 149 1 0 0 0 0 0 73 149 37 3 3 1 1 0 88 16 9 11 88 39 2 0 0 0 0 2 54 128 4 0 0 89 2 0 0 0 0 0 20 149 16 0 0 0 0 37 106 17 2 0 4 38 30 16 35 0 0 0 3 104 23 0 0 
108 5 1 5 5 0 0 8 20 17 23 75 65 0 0 1 127 96 16 8 5 0 0 3 52 21 0 2 2 0 0 0 127 24 5 2 0 0 0 8 75 50 127 73 6 0 1 6 21 127 127 9 0 0 6 0 8 26 5 4 3 1 1 0 127 1 0 0 0 0 3 48 90 5 13 0 2 49 127 61 7 1 16 0 0 24 127 82 7 0 0 0 3 5 17 41 109 5 1 0 0 0 2 22 28 3 3 7 70 58 47 17 35 0 0 0 19 21 45 127 38 0 0 0 0 1 1 90 
0 0 0 4 64 59 9 4 74 27 1 16 60 37 6 11 117 60 49 19 4 0 0 16 7 4 19 54 116 2 0 0 5 0 3 23 71 31 45 25 103 20 58 69 39 10 4 22 117 10 5 6 7 0 4 117 7 0 0 73 117 1 3 36 60 10 5 23 47 19 12 21 116 30 67 83 18 0 1 16 31 5 11 84 58 5 27 117 51 1 2 63 33 0 5 117 52 17 3 9 20 4 0 7 102 34 3 19 18 0 0 1 20 14 4 105 73 2 2 7 91 26 2 13 0 0 0 29 
10 0 0 28 91 27 0 21 93 1 2 23 50 37 7 51 69 2 1 1 39 39 4 26 6 2 0 2 68 48 3 1 117 1 2 70 51 1 0 53 73 0 13 122 86 6 4 49 49 0 0 9 86 57 44 97 36 17 2 13 71 47 10 14 122 21 1 20 27 3 0 17 3 1 0 67 122 46 6 8 48 15 3 15 78 36 45 101 55 42 38 32 17 2 2 11 53 6 0 1 14 21 48 57 5 0 2 5 122 111 41 17 71 103 8 5 32 14 3 7 34 53 21 20 0 0 0 1 
72 3 2 2 5 6 1 18 101 15 2 16 41 19 2 14 121 19 1 1 3 7 3 15 5 1 4 3 6 18 33 7 121 18 6 2 1 6 9 18 113 110 121 40 7 0 15 10 83 113 48 10 5 5 15 3 1 2 34 26 39 24 6 2 121 7 0 0 0 0 4 35 98 28 30 0 9 45 121 98 19 10 11 2 3 17 96 121 2 0 0 7 58 76 5 9 92 13 0 0 0 4 1 6 46 2 0 0 55 73 19 30 121 0 0 0 5 11 11 121 21 0 0 5 42 29 1 19 
57 14 0 2 3 0 3 18 100 118 60 1 0 0 0 3 5 38 70 70 75 5 2 0 0 0 0 40 79 18 18 0 118 11 2 26 24 0 0 18 118 40 3 0 0 0 0 108 13 4 6 64 104 1 0 26 0 0 1 118 118 1 0 0 52 27 11 86 48 0 0 6 118 15 0 0 0 1 4 118 64 0 0 7 49 14 1 89 0 0 0 77 118 26 0 0 6 8 3 22 65 2 0 4 79 15 3 1 13 8 5 38 111 6 0 0 42 13 0 37 0 0 0 2 87 41 5 4 
63 59 5 2 0 0 0 4 56 55 4 8 75 7 0 0 5 9 3 25 128 39 2 0 30 11 2 6 7 9 4 3 128 29 0 0 0 0 0 86 64 27 5 41 81 0 0 6 0 2 3 118 128 24 0 0 68 4 1 2 33 46 11 50 128 4 1 0 0 0 0 67 115 2 0 20 27 11 11 31 0 0 0 73 128 75 1 0 59 0 0 3 100 25 3 34 97 23 22 3 1 2 5 25 45 2 0 0 9 58 118 36 0 0 0 7 103 128 37 1 13 1 1 7 40 13 0 5 
2 2 6 70 50 12 2 0 117 61 18 11 4 4 3 25 118 80 65 0 0 0 2 52 11 15 42 11 6 1 11 17 0 1 20 49 99 62 2 0 105 35 67 12 9 12 8 67 118 10 17 2 2 2 51 118 2 0 0 2 3 5 118 82 26 12 43 35 18 7 33 43 70 80 118 14 0 0 0 12 17 17 104 118 18 5 29 19 8 8 22 95 14 11 98 27 61 24 2 0 0 1 5 27 118 18 1 1 0 0 0 19 17 5 14 69 6 5 0 3 1 2 37 85 5 10 1 0 
29 13 6 1 17 17 7 11 0 2 4 7 119 63 1 0 34 108 13 9 82 19 6 8 37 72 12 10 0 0 0 2 58 0 0 0 5 65 119 77 18 5 2 4 68 119 105 10 113 119 12 4 29 15 17 23 16 50 7 4 0 6 23 6 21 8 2 3 4 30 119 59 59 9 10 11 13 80 109 36 119 11 1 0 0 18 68 95 0 0 0 0 0 31 119 16 7 70 33 15 2 1 5 4 20 54 104 55 3 0 1 1 47 36 24 11 31 39 16 15 4 0 0 2 10 32 55 18 
2 2 1 43 84 2 0 0 36 7 2 21 47 29 12 16 136 34 0 0 4 5 3 47 13 6 0 0 30 24 2 2 16 1 0 51 107 25 3 5 35 0 0 30 136 62 5 31 136 0 0 2 16 11 2 136 42 1 0 16 56 45 4 36 8 0 0 1 48 120 90 14 20 8 3 30 136 78 4 5 136 35 0 6 10 1 0 65 80 5 0 38 87 15 6 22 26 7 1 1 9 28 39 13 31 47 9 66 21 7 4 8 117 111 8 11 9 7 12 13 31 5 1 1 40 43 26 12 
23 1 5 11 9 0 0 13 111 0 0 0 0 0 12 120 62 13 0 0 0 25 47 69 108 20 0 0 0 2 5 14 8 8 33 105 25 0 0 0 78 3 2 13 7 1 28 75 140 86 0 0 0 1 14 58 113 69 0 0 0 0 0 0 8 5 6 140 86 0 0 1 79 2 0 60 59 1 2 13 140 15 0 0 0 0 0 72 89 8 0 0 0 0 14 31 6 0 0 80 80 0 0 0 24 6 5 62 112 0 0 5 140 12 3 0 0 0 1 61 50 0 0 0 0 0 13 50 
0 0 0 0 75 61 38 9 0 0 1 0 13 25 136 72 7 7 2 1 2 33 136 19 43 17 3 0 1 15 21 37 0 0 0 0 54 136 51 7 25 0 0 0 37 69 70 50 136 62 17 0 0 0 33 61 60 103 93 6 0 0 1 5 0 0 0 1 7 60 61 7 55 14 0 0 2 25 9 13 136 26 1 0 0 0 0 78 136 25 30 14 0 0 0 59 2 0 0 2 10 2 3 7 58 28 2 0 0 0 0 8 136 91 17 0 0 0 0 41 119 16 3 0 0 0 0 55 
88 17 5 0 1 1 2 51 23 22 56 28 10 2 14 16 2 4 7 91 62 6 11 8 5 0 1 26 15 5 7 15 132 32 3 0 4 1 0 8 132 47 79 77 16 4 2 9 0 2 14 132 129 4 0 0 5 0 7 85 32 1 1 9 132 1 0 2 3 0 0 62 132 1 0 7 34 49 28 53 0 0 1 80 83 50 62 20 0 0 5 132 30 0 3 6 132 8 0 0 1 0 0 29 131 17 0 19 57 7 2 27 0 0 0 46 71 11 21 37 0 0 0 27 11 1 6 38 
70 3 0 3 1 0 0 36 36 6 13 64 16 0 0 20 114 37 8 10 16 11 1 4 8 3 0 0 109 87 1 0 76 6 0 1 1 0 1 61 124 29 43 22 0 0 0 41 39 62 64 18 93 20 0 0 1 1 0 3 124 92 0 0 88 4 1 9 16 1 2 35 124 8 2 0 0 0 14 111 22 6 8 4 124 124 26 58 3 4 0 0 124 124 0 0 35 11 13 17 3 0 0 6 56 13 12 9 3 3 18 47 0 0 4 13 77 100 41 34 3 9 1 2 69 61 0 0 
122 25 0 1 4 0 0 5 79 20 11 75 10 0 0 4 0 0 17 137 61 0 0 0 1 0 0 17 50 0 0 0 137 1 0 7 25 0 0 37 137 6 4 27 11 0 0 36 0 0 2 56 137 37 0 0 3 0 0 2 107 15 0 0 128 0 0 20 41 0 0 26 137 1 0 2 36 3 0 39 4 0 0 9 137 36 0 0 2 0 0 1 90 9 0 0 71 0 0 15 37 0 0 10 137 0 0 0 15 23 4 59 2 0 0 2 137 96 1 4 0 0 0 0 47 10 0 0 
63 10 0 0 0 0 0 0 135 79 6 7 5 0 0 6 9 11 6 77 135 0 0 0 37 0 0 13 49 0 0 27 101 3 0 0 2 0 0 5 135 16 0 1 7 0 0 28 30 1 0 72 135 0 0 3 38 0 0 42 108 0 0 26 103 6 0 1 4 0 0 3 135 20 0 0 0 0 3 61 12 0 0 50 135 5 7 31 17 0 0 57 135 0 0 8 42 0 0 0 1 0 0 14 65 0 0 0 0 0 22 135 9 0 0 5 54 11 24 87 2 0 0 8 135 19 1 1 
31 29 38 8 0 0 0 3 4 10 120 90 0 0 0 2 50 38 72 23 0 0 0 29 27 25 13 3 7 1 0 9 134 21 12 1 3 1 1 39 110 38 134 79 0 0 0 8 2 29 134 84 8 3 0 0 3 18 42 64 63 10 0 0 134 8 0 5 4 0 0 17 134 14 5 2 8 15 1 14 0 1 12 17 24 83 35 1 0 0 4 68 48 18 29 2 134 11 0 2 1 0 0 27 123 6 0 0 23 85 19 30 4 0 0 0 21 134 88 26 6 0 0 0 5 13 42 36 
30 35 21 11 2 5 3 5 29 38 11 0 0 11 47 31 15 8 1 0 8 22 46 40 29 0 0 0 6 30 16 32 40 11 6 2 39 42 8 43 9 3 0 2 92 106 120 74 61 1 7 6 10 32 120 120 120 5 3 5 10 35 34 42 66 2 1 13 56 4 0 56 19 15 29 94 120 14 3 15 120 33 42 27 10 1 1 80 120 89 42 19 11 1 0 13 72 24 3 10 4 0 7 21 3 17 61 108 28 17 11 7 119 70 62 25 6 11 1 11 73 68 17 0 1 1 2 12 
4 3 16 0 0 10 22 18 2 9 9 0 0 28 101 1 0 0 0 0 0 17 104 25 2 0 0 0 0 0 12 38 4 0 5 5 34 129 37 11 0 0 0 0 3 129 129 20 39 0 0 0 0 10 129 129 93 0 0 0 0 0 6 93 0 0 0 14 129 82 2 0 4 0 0 4 55 65 24 13 129 3 0 0 0 0 11 76 129 6 0 0 0 0 0 27 0 0 0 46 129 5 0 0 7 1 0 20 68 3 0 0 129 22 0 0 0 0 0 4 129 17 0 0 0 0 0 3 
65 34 6 0 0 0 0 0 37 65 113 11 0 0 0 0 0 10 113 86 3 0 0 0 3 68 93 15 0 0 0 0 113 49 26 0 0 0 0 14 113 50 58 6 2 5 60 113 9 7 62 69 66 102 60 32 86 66 41 7 9 30 21 73 22 60 43 10 14 7 4 17 68 24 7 18 36 15 44 101 25 24 1 44 73 87 43 31 39 46 18 7 5 32 28 90 20 2 0 0 13 28 11 36 59 6 0 3 21 43 17 79 53 31 0 30 48 21 38 46 54 113 35 6 2 0 0 2 
80 33 1 0 0 0 0 31 65 22 14 20 11 38 78 82 13 4 3 36 35 99 71 23 69 7 1 1 1 2 27 99 109 100 3 0 0 0 0 3 59 82 64 87 61 37 8 6 14 21 78 90 60 33 22 16 12 17 66 19 30 23 45 58 109 23 0 0 0 0 51 79 46 7 0 3 47 109 109 55 17 14 46 28 34 84 94 29 3 3 17 37 31 60 104 7 2 0 0 0 0 0 52 33 46 3 0 0 0 8 87 54 43 9 21 16 9 18 24 41 0 0 13 39 15 18 22 0 
0 0 54 33 32 6 0 0 17 8 11 10 14 7 0 6 125 15 0 0 0 0 0 53 125 3 0 0 0 0 0 42 0 2 14 15 125 91 0 0 14 26 34 2 29 23 0 3 125 86 13 0 0 0 0 15 125 54 0 0 0 0 0 9 17 58 17 0 18 92 5 6 17 125 125 5 3 16 20 8 60 116 73 7 1 32 35 32 125 27 0 0 0 0 4 97 16 15 1 0 0 2 26 34 22 20 5 0 0 52 122 27 26 2 2 1 0 51 76 54 47 0 0 0 0 0 24 125 
0 0 0 12 64 49 5 0 16 15 2 57 111 54 6 2 116 97 74 14 2 3 2 9 40 36 104 37 6 0 0 4 0 0 0 9 66 75 53 23 33 9 45 65 88 61 9 15 116 30 24 8 0 1 4 107 50 7 9 22 28 0 15 100 18 3 3 24 53 36 32 31 116 36 94 56 4 1 7 31 45 22 89 116 33 3 17 51 17 3 2 26 17 5 60 116 28 7 4 16 34 10 0 9 116 45 5 2 0 0 0 11 26 9 6 94 35 5 0 2 17 15 17 69 18 2 2 14 
12 0 3 74 59 25 5 15 114 5 6 13 3 7 4 86 14 2 1 1 55 75 4 15 4 3 0 13 64 39 6 3 25 3 7 114 61 0 0 3 49 1 10 85 83 20 45 108 7 0 1 10 92 79 68 98 36 21 12 17 46 32 10 21 17 1 0 20 98 61 42 42 4 7 5 14 114 95 18 17 78 71 23 16 23 11 27 84 41 54 61 47 7 0 0 6 0 1 0 0 37 50 101 48 38 22 11 1 30 84 30 26 114 114 22 0 1 0 0 11 11 41 31 21 0 0 0 1 
23 36 17 8 19 14 10 37 54 120 60 6 15 9 22 44 72 57 43 16 2 3 3 12 0 1 18 31 1 0 0 0 40 120 80 5 0 0 13 33 85 120 120 13 1 0 6 21 9 27 120 84 12 3 5 6 0 1 53 54 3 0 0 0 110 11 2 2 2 0 54 120 120 12 2 0 5 10 48 120 11 0 5 14 21 27 75 49 0 0 4 14 12 29 21 0 97 10 0 1 1 0 7 55 80 4 0 0 1 4 70 114 9 0 0 0 0 8 120 44 0 0 0 0 0 8 63 12 
43 0 0 0 0 23 11 51 139 21 4 4 3 0 1 66 12 7 4 63 123 9 0 1 0 0 0 17 89 5 0 0 96 8 0 0 0 25 32 43 139 6 0 0 5 8 1 89 35 0 0 6 139 110 1 9 0 0 0 3 120 44 2 1 70 133 8 2 0 1 4 3 139 42 3 1 4 38 28 68 21 8 9 11 84 139 19 13 1 1 3 31 104 12 0 0 48 51 4 3 12 13 1 6 58 7 1 2 13 25 26 65 48 31 2 7 28 21 9 11 0 0 1 35 53 7 0 0 
9 0 0 0 0 0 0 2 11 0 0 0 0 0 0 15 122 11 0 0 0 0 6 126 136 22 0 0 0 0 2 115 13 1 0 0 0 0 0 1 15 1 0 0 0 0 0 6 136 64 0 0 0 0 0 26 136 82 0 0 0 0 12 87 17 6 0 0 0 0 0 4 26 90 60 0 0 0 0 2 136 136 84 0 0 0 0 3 133 104 3 0 0 8 28 25 34 9 0 0 0 0 0 1 135 70 14 0 0 0 0 30 116 108 25 0 0 2 8 20 6 20 1 0 0 15 17 4 
66 2 1 6 6 3 0 38 17 4 1 12 118 24 0 12 118 57 2 7 32 3 0 2 88 28 3 0 0 0 9 29 48 7 12 34 23 5 13 33 15 6 21 33 70 99 68 17 75 43 21 10 9 16 78 116 109 15 5 0 0 0 12 113 22 14 30 40 15 21 41 25 12 30 118 118 17 22 19 12 31 70 118 28 2 3 16 25 118 54 83 2 0 0 2 46 83 13 0 0 3 7 21 41 68 52 70 5 0 20 19 46 0 40 111 2 0 21 49 45 2 19 49 5 12 6 4 23 
3 0 0 0 12 32 80 21 5 0 0 0 14 116 106 12 85 3 1 0 2 46 118 63 42 6 11 6 7 26 1 21 2 7 26 2 0 5 118 50 22 8 8 16 90 109 77 42 118 27 2 4 17 20 29 81 101 2 0 24 56 38 0 46 1 16 118 16 1 11 16 3 25 34 65 108 62 16 16 6 118 115 14 29 22 12 11 35 63 4 2 17 18 52 70 57 1 5 9 2 1 41 63 1 13 32 20 7 13 35 56 3 35 41 15 23 40 25 17 16 0 1 3 12 23 42 73 11 
80 0 0 0 0 0 0 92 27 1 0 0 4 9 1 16 1 27 5 1 15 41 0 0 11 12 0 0 10 49 5 3 134 0 0 0 0 0 0 134 101 21 4 0 5 5 0 22 7 30 7 0 95 134 4 0 100 69 0 1 20 77 14 6 134 1 0 0 0 0 0 67 134 8 0 0 22 11 0 32 13 73 26 18 134 89 0 0 78 134 8 5 15 12 0 0 134 25 0 0 0 0 0 12 134 8 1 2 8 2 0 25 4 43 41 11 20 3 0 2 9 32 6 0 0 0 0 0 
32 10 7 4 8 18 46 26 73 40 31 3 5 3 2 119 41 34 34 29 28 30 0 37 16 43 29 4 2 5 0 2 122 48 23 3 0 3 8 47 103 122 112 0 0 0 0 11 33 112 105 19 1 0 0 4 0 34 97 16 2 0 0 0 122 122 14 3 3 5 5 51 122 108 6 0 0 1 1 24 60 41 11 0 0 6 27 17 2 7 17 11 19 18 36 5 100 25 8 16 20 0 5 89 122 16 3 0 1 8 27 82 8 17 5 36 30 28 54 23 1 0 0 15 11 24 92 31 
62 5 0 3 32 5 2 15 13 15 5 27 117 12 0 2 117 60 4 4 5 0 0 18 49 8 11 1 2 0 12 25 41 6 14 11 16 43 33 41 7 9 20 25 51 117 78 13 78 32 14 2 0 1 101 117 113 7 6 1 0 0 9 102 5 28 58 49 11 9 17 35 0 18 117 117 18 18 10 3 52 76 117 10 0 0 9 21 117 46 54 3 0 0 0 54 61 47 12 1 1 1 8 26 8 43 117 23 2 13 8 6 1 86 117 3 0 3 13 20 7 31 61 8 10 1 1 5 
11 3 0 3 11 25 55 10 7 1 0 0 8 101 113 7 53 1 0 0 0 52 118 42 65 8 10 1 0 5 10 28 6 4 7 0 0 14 118 64 15 2 0 2 94 118 79 32 118 9 0 0 9 22 56 68 118 3 0 3 11 20 3 80 7 23 118 16 1 2 11 13 19 27 50 117 81 13 7 8 118 118 18 15 9 2 0 16 118 25 2 13 9 5 7 40 0 2 28 6 0 14 67 6 17 14 15 39 37 41 38 8 55 54 10 8 17 35 8 24 14 1 1 1 6 26 58 53 
120 10 1 3 39 6 1 18 80 2 0 1 18 52 103 50 44 3 0 7 79 19 59 30 30 2 0 1 6 1 0 5 60 20 1 5 48 58 11 16 26 3 0 0 33 120 104 49 120 0 0 0 4 10 89 120 79 0 0 5 12 1 0 20 3 5 6 35 58 53 3 4 2 40 86 12 45 42 1 2 120 47 84 14 0 0 0 52 120 7 1 2 9 5 3 25 27 50 17 16 73 10 0 0 22 120 120 12 8 7 1 2 48 48 90 63 47 8 0 7 57 10 1 2 6 2 0 8 
0 0 0 1 136 92 0 0 14 0 0 1 23 29 10 19 136 10 6 1 0 0 0 79 48 13 40 21 1 0 0 3 0 0 4 88 136 25 0 0 13 3 5 48 31 0 0 2 136 43 0 0 0 0 0 17 112 22 3 8 6 0 0 4 0 0 4 136 136 5 0 0 10 16 51 82 88 4 0 0 136 39 15 11 3 0 0 31 89 9 0 0 2 6 5 19 2 2 0 26 136 10 0 0 16 23 24 40 69 11 5 13 119 1 5 31 30 4 0 58 58 0 0 0 0 22 6 42 
0 21 7 35 55 0 0 0 29 1 1 55 135 1 3 25 67 9 8 12 15 20 26 35 135 14 1 1 3 3 0 17 2 6 5 14 84 13 0 1 3 0 0 22 135 51 12 10 90 5 0 0 10 17 51 76 135 8 0 0 0 0 4 135 6 0 0 3 116 26 4 8 0 0 0 12 135 52 0 0 36 0 0 1 11 3 4 49 135 26 0 0 0 0 3 88 1 0 0 4 50 16 35 26 0 0 1 71 135 11 5 1 28 32 11 14 12 0 0 2 133 101 0 0 0 0 0 1 
0 2 51 35 101 38 1 0 69 41 10 11 40 28 4 15 122 35 1 0 0 0 1 108 50 14 1 0 0 0 1 35 0 1 5 46 122 61 0 0 63 46 30 46 46 11 30 45 122 40 7 1 1 1 30 122 121 23 2 1 0 0 2 88 2 13 31 47 57 29 1 0 15 73 122 82 10 3 9 11 63 112 122 19 1 1 9 35 122 77 32 1 4 0 0 20 27 22 28 3 6 2 11 32 34 59 66 12 1 0 7 26 23 28 57 16 7 6 6 22 24 32 19 0 3 0 1 13 
0 0 0 0 1 33 49 14 2 1 0 0 3 93 117 23 33 1 4 0 0 18 122 78 17 0 2 0 2 15 24 31 1 0 0 0 2 112 122 31 7 1 1 1 32 122 122 39 122 17 1 1 10 34 60 118 55 15 8 5 8 20 23 29 8 10 37 25 5 18 73 42 26 46 44 10 32 45 65 47 122 80 9 4 9 11 16 73 66 11 1 0 8 27 35 60 51 37 100 34 1 0 0 3 4 47 122 56 0 0 0 2 28 49 59 28 0 0 1 12 27 3 7 2 11 29 25 22 
2 9 11 14 49 17 3 0 2 0 0 0 85 104 60 3 132 22 0 0 24 23 6 23 64 5 0 2 26 1 0 5 0 0 2 7 132 76 0 0 7 0 0 0 132 95 28 6 132 9 0 0 1 6 12 101 84 6 0 2 29 11 2 32 0 0 0 0 132 122 0 0 8 5 10 18 101 53 0 0 132 18 3 7 1 0 1 32 102 4 0 3 18 12 18 47 1 0 0 0 131 50 0 1 22 8 6 10 25 15 2 12 132 17 3 8 4 8 5 9 42 2 0 0 0 19 32 33 
10 10 13 42 40 0 0 0 6 2 4 33 41 1 14 14 131 2 1 10 8 1 5 17 131 2 0 0 0 0 0 18 5 14 38 98 78 0 0 2 2 0 0 100 131 3 16 10 131 1 0 1 3 2 8 27 131 3 0 0 0 0 0 12 30 7 7 77 35 0 1 12 3 3 3 131 131 0 0 0 131 52 20 31 12 0 0 22 131 12 2 0 1 2 9 51 17 0 0 6 8 1 0 16 7 1 0 119 131 0 0 6 95 48 13 43 48 0 0 13 60 37 18 3 3 2 2 10 
27 7 0 1 7 3 12 42 62 123 68 3 5 1 2 7 15 73 85 59 40 5 2 0 0 0 0 49 70 23 25 0 118 10 0 20 16 0 0 15 123 82 9 0 0 0 0 72 17 14 25 59 73 0 0 23 0 0 1 123 123 1 0 0 65 20 10 88 38 0 0 8 123 14 1 0 0 0 2 123 53 0 0 6 31 7 4 114 0 0 1 82 123 22 1 0 8 11 6 47 55 0 0 1 60 15 2 1 12 7 9 45 120 4 0 0 22 7 4 58 0 0 0 0 92 40 4 0 
63 69 7 0 0 0 0 7 37 56 3 13 82 6 0 0 5 8 5 32 132 33 2 0 27 10 2 5 10 12 6 5 132 25 0 0 0 0 0 85 53 18 2 51 76 0 0 4 0 0 2 125 132 29 0 0 63 2 0 2 45 48 15 51 132 8 4 0 0 0 3 49 75 1 0 14 29 34 42 30 0 0 0 39 132 132 4 0 58 0 0 0 89 25 1 27 63 26 26 5 6 12 14 22 14 1 0 0 11 81 132 22 3 4 3 19 65 132 41 2 13 4 2 16 22 7 0 3 
69 0 1 3 3 0 0 62 53 16 66 111 11 0 0 25 15 36 62 79 12 0 0 0 2 10 29 34 15 2 0 1 133 1 0 6 3 0 0 40 136 15 36 43 1 0 0 46 4 2 50 136 82 4 0 0 2 0 12 29 59 67 14 2 126 15 9 20 24 0 0 5 136 37 1 3 4 0 0 15 9 2 1 86 124 1 0 0 0 0 0 99 136 30 2 1 60 6 25 39 14 0 0 10 136 5 0 3 2 0 1 58 6 0 0 23 39 8 5 3 0 0 0 101 76 0 0 0 
115 10 1 0 2 0 0 17 125 16 1 0 0 0 0 17 5 5 6 5 78 18 0 1 18 0 0 0 125 38 1 5 91 87 31 2 3 0 0 2 125 26 0 0 1 1 0 12 12 1 0 0 125 125 0 2 18 1 0 0 113 112 7 18 54 18 9 0 0 3 21 38 105 3 0 0 9 9 33 121 6 0 0 0 125 125 3 23 28 1 0 0 70 46 0 5 38 0 0 0 3 27 13 18 47 0 0 0 4 27 40 120 14 0 0 10 125 51 9 33 5 0 0 3 43 2 0 2 
48 7 0 0 31 90 14 14 110 30 0 0 0 22 40 49 30 13 0 1 3 62 85 56 57 2 0 0 0 0 10 70 58 68 26 5 33 19 6 7 97 83 4 8 81 89 56 28 75 110 11 0 11 77 80 55 110 49 4 0 0 0 3 80 40 19 11 9 17 29 22 20 64 52 18 2 46 59 58 43 110 110 17 1 10 13 12 53 90 50 3 0 0 0 2 25 21 15 7 8 44 16 12 2 39 20 13 0 23 54 54 36 110 15 0 0 1 11 42 102 72 11 0 0 0 0 10 54 
18 24 2 0 12 65 25 9 18 0 0 10 22 112 119 55 68 10 67 54 10 4 22 80 17 9 39 19 6 7 3 11 2 8 5 1 47 119 83 1 58 8 10 2 12 115 83 82 119 5 0 0 0 13 52 119 17 1 1 3 6 43 95 61 2 1 5 3 39 108 19 8 72 33 18 6 2 10 23 13 92 49 27 15 10 24 30 42 84 75 16 7 6 29 49 37 2 2 1 0 13 12 7 2 112 49 1 0 0 0 10 8 87 61 63 22 2 8 45 42 15 64 75 11 1 0 24 27 
0 0 13 61 12 0 0 0 16 25 8 16 1 2 0 11 88 10 2 0 4 4 4 117 84 7 2 17 10 1 2 69 13 50 53 113 38 31 3 3 9 11 39 117 23 13 2 0 115 40 35 25 9 16 4 36 117 27 7 9 4 2 0 104 7 32 5 65 88 90 17 14 55 79 91 59 9 4 8 19 14 94 117 63 1 2 0 7 90 96 58 11 2 12 26 31 2 7 32 113 19 0 0 1 78 91 58 26 1 0 0 12 16 27 45 17 23 37 8 16 1 7 28 14 21 72 38 8 
15 17 17 3 64 32 0 3 16 9 11 6 132 59 8 12 122 42 0 0 20 12 16 35 62 51 4 7 14 0 0 0 67 31 17 11 86 21 0 5 22 9 14 72 133 10 0 2 133 14 0 10 28 2 0 54 92 6 0 1 30 6 1 64 85 7 4 20 35 18 1 43 28 0 3 133 133 0 0 26 129 29 10 59 41 0 0 37 103 1 0 0 32 7 1 81 41 11 5 26 2 1 0 17 53 8 1 99 98 0 0 14 18 22 5 57 74 1 2 5 85 17 1 0 10 1 0 12 
13 1 0 10 84 19 0 0 68 3 1 7 27 25 7 42 127 2 0 8 49 9 3 87 7 1 0 13 41 17 8 17 31 11 2 71 109 0 0 0 44 0 0 34 135 31 13 45 135 0 0 22 30 1 4 135 34 16 1 39 89 9 6 19 27 7 1 51 107 12 0 1 33 4 0 36 135 22 0 9 135 15 0 1 21 13 11 56 77 29 0 5 67 31 14 9 10 0 0 0 63 66 5 6 25 21 15 37 102 41 0 0 123 72 2 11 21 11 13 9 66 38 0 3 15 17 17 7 
6 6 1 1 76 25 11 0 0 0 0 0 82 69 63 4 126 27 0 0 40 17 2 7 110 16 0 0 3 0 0 4 2 2 4 4 126 40 0 0 0 0 0 0 115 64 54 2 126 6 0 0 5 14 16 81 126 11 0 1 12 2 0 43 0 0 0 0 126 74 0 0 0 0 0 0 126 32 6 0 126 0 0 0 1 1 4 48 126 0 0 0 17 4 0 66 0 0 0 0 119 55 0 0 0 1 4 8 48 15 0 0 120 6 1 2 0 0 0 2 126 2 0 0 3 0 2 16 
0 0 0 54 110 0 0 0 4 0 0 8 28 1 6 7 128 0 0 0 0 0 1 12 128 2 0 0 0 0 0 4 7 0 0 128 128 0 0 2 3 2 4 72 70 0 0 0 128 7 6 0 0 0 0 31 128 1 0 0 0 0 2 38 18 1 0 126 76 0 0 5 8 8 6 128 128 0 0 0 96 48 48 6 3 0 0 11 128 12 8 0 7 1 2 45 9 0 0 13 42 0 0 7 8 0 0 73 128 0 0 1 116 26 24 8 21 0 0 15 64 32 32 0 1 0 0 9 
18 0 1 6 63 6 1 7 124 1 0 1 2 0 6 116 94 10 0 0 0 3 39 80 69 7 0 0 0 0 0 14 16 23 43 65 31 4 1 7 85 5 4 34 11 1 9 85 142 80 0 0 0 0 14 65 81 30 0 0 0 2 0 1 80 33 21 103 52 0 0 6 84 1 1 100 93 1 1 16 142 19 0 0 0 0 1 63 47 4 0 0 0 2 8 27 84 2 0 40 41 0 0 14 32 8 3 81 142 0 0 4 142 18 2 2 4 0 0 63 37 0 0 0 0 0 2 46 
52 33 69 19 0 0 0 16 86 12 70 63 0 0 0 67 102 9 7 17 33 1 0 43 0 0 0 17 129 11 1 1 129 10 12 10 0 0 0 45 88 33 122 92 0 0 0 10 47 67 51 27 47 2 0 4 2 0 0 48 129 5 0 2 129 26 7 5 0 0 0 14 129 19 15 6 2 0 0 7 2 9 13 14 45 52 14 1 0 0 0 25 129 76 3 0 122 25 3 3 0 0 0 10 118 11 0 6 6 0 0 4 2 0 0 42 101 39 5 0 0 0 0 16 80 53 9 0 
119 25 12 35 7 0 0 7 49 8 23 124 43 0 0 45 124 15 6 12 5 0 0 115 17 3 0 5 37 24 7 4 124 71 6 11 2 0 0 46 46 35 124 124 37 0 0 5 124 124 124 40 6 0 0 9 17 18 5 98 80 7 3 2 124 124 57 0 0 0 0 31 70 43 45 5 0 0 0 12 23 42 64 6 0 0 0 7 1 5 16 86 12 0 0 0 58 35 26 0 0 0 0 14 6 17 24 11 1 0 0 3 31 15 4 3 1 0 1 22 10 7 14 17 0 0 0 1 
1 0 0 0 5 36 58 51 0 0 0 11 32 37 110 61 31 1 0 15 20 3 37 84 41 7 7 12 1 0 0 24 25 36 6 28 35 18 16 32 7 6 4 89 96 43 72 114 115 17 2 10 5 1 24 115 115 16 3 5 2 0 0 37 33 22 9 31 30 1 2 11 8 31 86 115 99 0 0 8 115 115 104 15 1 0 0 27 115 67 9 1 0 0 0 16 23 12 2 4 5 3 5 12 50 73 107 12 3 0 0 8 16 69 115 27 0 0 0 5 50 16 37 19 0 0 0 21 
10 15 19 7 20 8 0 0 8 12 80 51 0 0 4 19 63 38 31 12 3 1 2 49 11 9 8 23 21 4 0 6 130 30 13 1 20 17 0 27 104 62 130 63 0 0 0 8 13 48 130 79 30 3 0 0 4 6 8 61 99 20 3 10 130 10 0 16 30 2 0 16 130 16 13 2 6 31 3 12 0 1 16 36 38 94 43 2 0 0 0 80 130 22 11 1 109 11 0 12 16 0 0 18 130 6 0 0 29 104 23 30 11 0 0 0 21 118 67 51 6 0 2 8 46 30 11 15 
11 40 10 30 44 1 4 5 31 89 84 16 3 13 46 6 9 13 49 53 33 76 30 3 107 36 17 2 4 4 2 27 36 17 2 16 116 65 20 39 57 46 54 14 8 116 116 64 4 13 37 38 23 116 116 36 116 52 14 1 0 0 76 66 13 32 9 2 61 61 16 14 3 37 77 15 16 74 75 11 19 1 30 12 38 32 43 10 116 42 0 0 0 0 11 71 20 15 14 22 20 3 5 13 26 44 84 31 16 43 27 14 8 3 55 43 42 28 13 1 97 12 2 1 1 0 2 40 
16 29 20 24 30 21 3 3 8 16 22 34 30 10 15 21 20 37 14 9 13 1 34 119 1 1 8 7 5 3 119 73 47 10 3 9 31 118 25 32 74 9 1 7 48 54 22 41 119 119 60 28 41 23 3 24 3 20 49 52 100 17 14 4 8 5 49 30 3 23 12 5 65 43 26 15 7 15 27 10 119 70 6 5 38 58 44 81 48 29 13 21 57 60 25 40 0 13 119 78 0 0 0 0 25 55 119 119 0 0 0 0 23 52 63 52 68 20 8 4 23 11 33 14 5 9 5 59 
80 3 0 5 33 3 1 14 31 20 9 33 114 9 5 3 114 36 5 2 0 0 12 53 29 16 15 0 0 1 4 42 65 4 5 11 18 49 21 34 8 10 15 20 49 114 61 14 114 24 10 0 0 4 96 114 114 16 12 0 0 1 5 75 5 30 65 50 11 17 15 22 0 35 114 114 20 31 7 3 82 114 114 6 0 0 2 18 114 49 32 1 0 1 4 59 33 22 3 4 5 10 18 33 17 72 91 27 8 3 4 7 4 114 86 3 1 1 7 6 6 35 31 8 23 4 3 3 
11 9 0 0 4 15 72 33 9 1 0 0 2 65 117 27 21 1 0 0 1 22 117 55 25 6 8 7 13 8 33 23 7 7 36 8 1 14 83 101 11 3 3 7 44 117 91 48 117 13 0 0 2 20 117 85 117 9 6 2 0 3 9 76 4 6 112 54 10 5 31 17 16 35 26 117 91 23 7 6 117 117 26 13 6 1 1 15 117 31 3 4 7 4 2 46 0 5 10 4 3 5 59 37 25 34 18 26 30 27 29 13 46 63 18 11 13 27 24 16 33 5 1 3 5 14 32 70 
