10 22 2 0 0 0 0 0 61 88 41 0 0 0 0 0 12 22 54 51 22 0 0 0 0 0 2 40 31 0 0 0 79 68 3 0 0 0 0 4 125 125 92 2 0 0 1 15 5 21 125 125 36 27 5 0 0 0 8 119 105 26 0 0 66 2 0 0 0 0 6 63 125 3 0 0 0 6 122 125 5 0 0 5 30 125 125 27 0 0 0 4 92 118 5 0 2 0 0 0 0 0 7 17 46 0 0 0 0 0 28 84 17 0 0 0 20 19 30 30 0 0 0 0 52 12 0 0 
11 27 2 0 0 0 0 0 49 79 48 0 0 0 0 0 7 15 61 42 12 0 0 0 0 0 4 42 21 0 0 0 87 74 3 0 0 0 0 2 120 120 105 4 0 0 0 8 7 17 120 120 25 8 0 0 0 0 16 120 90 10 0 0 97 3 0 0 0 0 3 57 120 3 0 0 0 5 82 120 9 0 1 8 28 120 120 18 0 0 0 9 102 120 7 0 3 0 0 0 0 0 9 33 24 0 0 0 0 1 67 115 9 0 0 0 7 39 74 28 0 0 0 0 35 26 3 0 
21 31 4 0 0 0 0 0 8 67 111 9 0 0 0 0 0 23 106 38 0 0 0 0 0 10 15 5 4 4 0 0 85 59 1 0 0 0 0 2 124 124 67 15 0 0 0 19 5 17 107 124 28 4 0 0 0 0 5 83 84 39 0 0 36 43 1 0 0 1 5 10 124 7 0 0 0 5 31 124 11 1 2 29 39 124 61 47 0 0 0 30 124 104 5 0 1 1 0 0 0 21 24 2 2 0 0 0 0 22 96 91 0 0 0 0 0 89 124 57 0 0 0 0 16 67 16 0 
2 14 44 11 0 0 0 0 8 118 118 16 0 0 0 0 0 17 118 118 8 0 0 0 0 0 5 47 40 0 0 0 71 32 7 0 0 0 1 26 118 118 32 12 0 2 2 13 1 5 51 118 116 79 2 0 0 0 3 74 118 24 0 0 83 1 0 0 0 0 4 87 108 3 0 0 0 51 104 118 0 0 0 2 43 118 83 4 0 0 2 45 34 26 6 1 11 0 0 0 0 0 6 41 2 0 0 0 0 21 108 44 0 0 0 0 0 29 83 14 0 0 0 1 1 1 22 15 
28 33 6 0 0 0 0 0 39 44 47 5 1 0 0 0 0 2 24 45 31 0 0 0 0 0 0 26 21 0 0 0 104 125 24 0 0 0 0 2 49 125 125 35 0 0 0 2 0 0 125 125 46 8 0 0 0 0 5 99 63 4 0 0 125 10 0 0 0 0 12 100 86 7 4 2 1 36 124 90 0 0 5 33 69 125 71 0 0 0 0 13 95 85 0 0 9 0 0 0 0 0 23 75 17 0 0 0 0 16 112 95 0 0 0 0 22 65 47 5 0 0 0 0 38 20 0 0 
18 42 5 0 0 0 0 0 38 72 68 6 0 0 0 0 1 4 46 62 22 0 0 0 0 0 1 36 19 0 0 0 117 98 7 0 0 0 0 4 106 117 117 20 0 0 0 5 1 3 104 117 64 13 0 0 0 0 3 90 92 8 0 0 117 2 0 0 0 0 5 84 117 1 0 0 0 24 114 117 1 0 0 10 67 117 80 3 0 0 0 4 98 84 0 0 6 0 0 0 0 0 11 52 25 0 0 0 0 7 83 98 3 0 0 0 21 49 44 9 0 0 0 0 41 16 0 0 
38 21 1 0 0 0 0 0 43 38 31 2 0 0 0 0 0 2 26 45 22 0 0 0 0 0 1 36 15 0 0 0 83 125 7 0 0 0 0 1 49 125 125 15 0 0 0 2 0 3 125 125 20 0 0 0 0 0 10 125 51 0 0 0 125 18 0 0 0 0 0 39 125 18 7 2 0 4 5 55 3 0 10 48 84 83 10 1 0 0 0 37 125 61 0 0 48 0 0 0 0 0 6 83 43 0 0 0 0 21 110 125 0 0 0 0 11 125 86 5 0 0 0 0 39 66 1 0 
52 94 15 0 0 0 0 0 35 100 124 24 0 0 0 0 0 2 92 124 11 0 0 0 0 0 2 75 26 0 0 0 124 26 0 0 0 0 0 15 124 21 12 6 0 2 3 12 1 0 16 84 93 53 7 0 0 0 0 54 124 38 0 0 94 0 0 0 0 0 14 124 61 0 0 0 0 33 124 124 0 0 0 0 23 124 124 1 0 0 0 0 57 114 4 0 18 0 0 0 0 0 7 39 41 0 0 0 0 3 44 56 1 0 0 0 22 28 24 4 0 0 0 0 34 16 0 0 
24 52 3 0 0 0 0 0 57 128 92 3 0 0 0 0 3 22 126 116 11 0 0 0 0 0 5 82 33 0 0 0 128 25 0 0 0 0 0 14 128 58 14 1 0 2 9 38 16 5 28 66 76 93 18 4 0 0 1 47 128 70 0 0 47 0 0 0 0 0 4 73 97 0 0 0 0 13 128 128 5 0 0 0 19 128 128 19 0 0 0 0 60 102 3 0 5 0 0 0 0 0 4 15 58 0 0 0 0 0 11 56 14 0 0 0 20 14 9 17 0 0 0 0 47 8 0 0 
93 17 0 1 5 2 3 5 88 42 64 42 1 0 0 2 1 0 45 91 72 10 4 3 22 4 0 11 33 6 7 6 146 0 2 3 2 1 5 37 146 12 11 33 24 0 0 37 5 1 4 51 146 34 0 0 68 20 0 9 69 15 0 3 96 13 25 27 1 0 0 23 146 4 0 4 24 20 1 79 12 0 0 24 146 48 5 4 82 1 0 5 73 11 0 16 41 6 11 25 16 3 0 2 146 5 0 2 40 24 5 22 1 0 0 2 126 112 21 2 11 0 0 1 27 17 8 19 
34 20 9 18 6 0 0 2 138 102 13 4 10 0 0 6 36 15 1 45 139 3 1 5 10 1 0 2 21 8 22 22 73 11 1 25 65 0 0 14 139 49 3 4 13 0 0 52 22 16 1 119 139 3 1 5 1 0 0 36 81 12 25 21 64 9 0 9 76 13 1 12 139 19 0 1 7 0 5 69 24 0 0 58 139 8 17 38 2 1 6 55 139 0 0 2 28 4 2 9 23 6 0 9 83 8 3 4 1 1 38 85 2 0 0 5 63 32 82 44 4 1 2 9 101 19 3 2 
4 5 1 0 10 14 44 33 2 0 0 0 48 101 75 43 127 7 0 0 1 16 69 125 91 14 27 21 0 0 3 15 62 3 4 4 22 27 25 54 35 1 0 14 127 44 4 27 127 32 0 0 7 10 13 59 118 10 2 1 0 23 80 77 44 14 29 35 15 6 3 17 40 6 1 9 116 55 8 16 127 29 0 0 11 11 45 71 62 19 7 0 0 22 71 85 20 17 38 87 17 1 0 1 9 3 23 111 42 14 1 2 51 4 7 12 3 2 29 29 124 39 6 0 0 0 6 27 
77 44 9 0 0 0 0 1 24 47 111 85 0 0 0 0 5 3 104 125 0 0 0 0 47 4 29 29 0 0 1 15 125 8 2 3 0 0 0 48 125 26 40 48 0 0 0 22 2 1 93 125 11 1 0 0 4 0 37 110 50 17 4 7 125 9 8 25 9 0 0 40 125 8 1 4 0 1 3 70 11 1 3 48 78 21 16 6 0 0 0 14 125 58 1 0 83 8 1 2 8 2 1 8 125 12 0 0 9 12 10 30 3 0 0 0 52 72 77 8 0 0 0 3 111 22 33 3 
69 3 0 2 16 3 6 5 146 32 21 16 0 0 0 10 1 2 31 53 63 7 0 0 11 4 0 19 87 10 0 0 90 0 0 1 4 3 10 22 146 6 3 12 2 0 0 44 21 4 3 63 146 10 0 1 47 5 0 4 138 22 0 2 52 2 9 11 4 0 0 17 146 1 1 1 2 1 0 103 44 0 0 21 146 15 0 10 47 0 0 15 146 1 0 4 18 13 11 19 2 0 0 1 146 5 2 10 5 4 0 37 42 0 0 5 94 83 4 10 12 0 0 9 95 16 2 4 
34 8 27 32 0 0 0 9 16 17 78 90 0 0 0 3 113 46 15 12 0 0 0 56 113 13 0 0 0 0 0 46 65 20 62 81 9 0 0 11 97 43 113 113 1 0 0 55 105 44 113 113 0 0 0 7 113 14 13 3 0 0 3 37 7 4 18 87 69 0 0 5 113 54 22 23 10 0 0 72 66 24 78 77 16 7 0 12 27 5 23 19 23 53 43 36 6 8 38 35 5 0 0 1 32 79 76 13 0 0 3 1 24 28 4 7 67 15 4 1 0 0 0 10 96 80 9 0 
0 1 2 1 12 62 14 0 24 6 36 32 46 58 21 11 17 80 118 13 0 1 5 3 0 38 17 15 7 2 9 1 3 0 0 0 7 130 108 7 130 6 0 0 1 72 65 59 62 11 5 0 5 100 105 18 17 0 0 3 4 15 89 70 35 0 0 0 12 128 65 19 130 4 0 0 4 57 42 73 33 28 4 0 26 130 46 16 87 53 3 0 0 9 24 49 41 3 0 0 5 14 5 4 104 6 0 0 0 41 53 43 113 44 2 0 1 37 35 32 23 55 2 0 0 1 5 9 
12 13 95 45 0 0 0 1 38 34 116 40 0 0 0 3 120 40 16 2 0 0 0 47 93 2 0 0 0 0 0 37 94 31 59 20 0 0 2 67 24 13 120 120 0 0 0 50 83 32 120 52 0 0 0 20 75 8 14 4 4 6 36 61 46 17 9 15 27 3 6 73 120 34 21 9 0 0 0 85 24 12 82 36 43 15 0 0 2 1 10 9 71 120 32 4 11 47 79 16 7 0 0 0 76 103 17 0 0 0 1 1 15 9 0 18 80 11 2 1 0 0 0 48 117 51 0 0 
0 0 0 3 17 52 21 0 11 5 40 55 48 40 12 11 4 61 129 64 0 0 0 0 0 82 58 3 1 0 0 0 5 0 0 0 1 129 129 9 129 6 3 0 0 50 47 69 66 29 30 2 0 13 49 19 0 11 15 4 2 6 67 16 48 0 0 0 2 44 116 34 129 19 0 0 5 27 16 48 32 4 0 0 24 129 96 10 22 0 0 0 0 21 126 90 71 2 0 0 1 7 8 11 129 4 0 0 3 38 51 51 11 14 9 1 30 107 38 8 32 41 19 1 1 4 9 19 
126 0 0 0 0 0 0 16 140 4 1 11 12 0 0 9 1 0 0 27 140 5 0 0 41 0 0 0 67 6 0 2 140 0 1 2 0 0 0 38 140 1 0 1 21 2 0 50 4 0 0 16 140 4 0 0 69 1 0 5 106 1 0 2 109 4 10 24 1 0 0 15 140 0 0 0 14 17 0 47 4 0 0 14 140 60 2 2 42 0 0 11 107 3 0 10 55 4 4 16 12 0 0 1 140 5 0 1 35 12 0 12 1 0 0 1 105 87 14 1 6 0 0 1 49 16 3 6 
59 20 4 5 3 0 0 3 121 72 10 2 11 0 0 6 30 4 0 35 136 1 0 4 8 0 0 3 41 4 3 25 108 3 1 15 29 0 0 25 136 55 2 3 8 0 0 32 17 11 0 92 136 0 0 0 0 0 0 30 93 3 13 19 87 1 0 11 67 0 0 18 136 2 0 0 2 0 0 55 25 1 0 77 136 0 0 4 0 0 0 68 136 0 0 1 46 2 0 8 51 0 0 4 136 2 0 0 0 0 0 48 18 0 0 18 105 1 2 22 0 0 0 33 133 0 0 0 
20 0 0 0 10 11 36 51 9 0 0 0 61 83 44 42 127 9 0 0 0 8 38 127 89 14 21 39 3 0 1 14 74 9 13 13 20 8 5 28 35 2 0 12 127 34 5 19 127 41 0 0 7 7 12 47 114 11 6 3 0 8 72 82 32 14 38 82 20 8 3 11 32 7 2 27 79 61 6 9 127 26 0 0 5 5 48 75 51 15 5 0 0 8 80 103 52 17 17 119 24 0 0 9 5 2 32 127 37 2 0 1 45 3 6 25 6 1 26 28 118 36 9 0 0 0 5 21 
0 0 0 7 27 23 24 0 0 0 1 53 76 40 24 0 88 7 3 19 19 6 6 19 69 10 0 0 0 0 0 20 0 0 4 82 33 89 101 0 1 1 14 54 15 108 115 13 115 5 6 4 6 12 63 115 115 3 0 0 0 0 0 46 0 0 7 115 57 3 1 1 1 11 82 115 35 6 7 2 91 107 115 17 0 0 2 29 115 68 9 0 0 0 0 13 0 0 4 56 19 0 1 5 0 41 87 66 14 0 0 0 1 107 105 0 0 0 0 0 13 38 26 0 0 0 0 0 
0 0 0 0 9 34 15 8 0 0 0 0 4 95 100 25 0 0 0 0 0 3 112 64 7 0 0 0 0 1 39 40 0 0 0 1 82 91 2 0 1 0 0 17 112 112 54 36 60 8 0 3 2 7 82 112 112 22 0 1 0 0 12 49 4 3 1 1 72 107 4 0 12 20 76 112 62 24 1 6 112 15 102 99 2 0 1 81 112 38 8 2 0 0 1 37 27 9 0 0 9 41 12 6 73 64 37 14 0 1 0 2 18 29 112 80 0 0 0 3 57 12 43 18 0 0 0 15 
87 45 4 1 0 0 0 1 62 92 79 7 1 0 0 1 16 14 18 37 47 12 45 15 0 0 0 22 62 18 49 8 117 25 7 45 9 0 0 16 117 21 9 7 5 0 0 63 15 1 6 105 117 5 12 7 0 0 0 27 112 17 64 16 48 31 5 25 53 3 4 10 117 9 0 0 0 2 10 116 56 1 0 104 117 0 0 19 0 0 1 117 117 0 2 1 12 2 1 4 25 11 4 4 117 6 1 2 3 14 9 63 89 1 0 16 63 1 0 26 0 0 1 69 116 1 0 0 
119 8 0 0 0 0 2 66 124 17 0 4 49 3 0 24 1 8 6 31 131 26 1 0 11 18 7 5 12 7 4 4 131 10 6 7 0 0 0 49 131 5 0 3 48 4 0 67 0 2 9 74 131 12 0 0 41 14 8 14 38 34 6 5 126 35 75 35 0 0 0 8 131 13 10 6 24 4 7 54 2 0 0 38 131 39 7 4 39 0 0 4 112 51 14 52 60 15 45 17 1 0 0 13 32 9 26 11 28 28 51 26 0 0 0 0 76 115 80 4 5 0 0 0 73 46 0 10 
130 21 11 5 0 0 0 10 34 16 70 130 0 0 0 0 37 0 48 116 15 4 5 19 6 0 0 5 34 16 14 13 130 7 6 17 2 0 0 60 130 10 14 77 31 2 0 28 0 0 8 100 130 48 2 0 19 9 1 11 57 26 13 9 130 16 1 13 15 4 5 19 130 4 0 4 37 45 26 35 0 0 0 12 130 70 30 0 62 21 0 3 53 14 2 2 101 3 0 0 0 3 5 39 65 0 0 0 43 82 45 38 0 0 0 2 83 83 72 1 39 1 0 1 22 7 5 13 
10 8 54 26 0 0 0 6 33 25 100 21 0 0 0 6 123 38 19 1 0 0 0 46 92 1 0 0 0 0 3 35 106 38 47 10 0 0 0 26 71 51 123 49 0 0 0 45 82 41 123 36 3 1 0 17 49 6 13 3 13 36 73 46 30 21 58 67 27 0 0 17 123 31 14 9 4 0 0 108 62 13 52 39 67 18 0 10 0 0 5 15 123 123 22 0 1 12 36 47 23 0 0 0 70 111 42 8 2 0 1 1 34 21 0 18 73 15 7 1 0 0 0 75 123 22 1 0 
0 0 1 7 26 42 28 0 7 5 54 92 65 25 13 8 2 72 127 64 0 0 0 0 0 92 68 16 1 0 0 0 9 0 0 0 0 115 127 16 127 10 9 2 2 35 59 67 45 34 55 4 0 32 84 13 1 11 21 14 3 5 80 32 64 0 0 0 1 29 82 30 127 3 0 0 0 47 50 77 18 9 3 0 0 127 117 15 51 20 6 0 0 8 80 79 56 5 0 0 0 6 3 7 74 4 0 0 0 40 81 38 85 33 6 0 0 34 51 35 33 58 18 0 0 0 1 8 
5 68 89 8 0 0 0 0 49 77 116 16 0 0 0 0 116 54 20 2 2 2 13 23 6 0 0 27 43 3 23 14 96 107 22 2 0 0 0 20 37 49 116 23 0 0 0 15 15 14 60 99 69 13 23 8 0 0 0 30 53 25 116 47 60 18 3 0 0 4 15 78 111 3 2 2 0 0 2 91 17 1 2 90 116 0 0 4 0 0 0 83 116 13 25 6 27 4 0 0 0 22 30 34 116 8 0 0 0 0 3 75 28 3 1 31 37 1 0 4 0 0 0 116 104 2 0 0 
119 21 1 1 0 0 0 45 119 11 0 0 3 2 0 41 2 0 0 6 119 29 0 1 0 3 14 22 95 27 1 0 119 35 60 50 0 0 0 10 119 11 1 0 10 2 2 43 3 0 0 29 119 12 2 3 0 3 31 62 78 7 4 0 47 14 77 73 5 1 0 11 69 7 17 10 15 19 84 79 0 0 0 11 54 45 104 46 0 0 0 21 110 82 13 0 26 6 7 12 44 14 0 2 0 0 1 6 96 119 60 10 0 0 0 0 5 48 119 81 0 0 0 0 14 97 56 7 
0 0 0 0 29 99 26 2 1 0 0 0 71 56 57 44 24 54 5 6 44 19 35 35 43 123 5 2 2 0 0 0 11 9 5 8 54 95 7 2 17 6 9 48 79 29 13 12 123 84 4 1 10 3 3 87 77 123 5 0 9 9 0 18 37 18 1 6 60 37 7 54 22 13 3 68 123 17 11 28 123 7 1 10 33 1 0 123 123 6 0 1 57 15 0 84 3 0 0 10 40 4 11 39 10 12 10 3 36 23 38 42 120 63 42 3 11 2 0 5 123 26 1 1 23 1 1 15 
1 0 0 32 122 36 10 1 26 8 6 5 45 49 23 9 34 21 64 60 8 0 0 14 85 5 8 24 4 0 0 25 27 0 0 122 122 0 0 13 40 1 0 122 78 1 1 38 74 8 9 29 27 13 10 122 99 19 2 23 31 7 4 7 39 10 0 89 79 33 0 6 5 0 2 122 122 47 0 3 71 12 13 30 20 1 7 54 83 79 11 2 3 1 4 8 3 2 0 0 72 72 3 0 19 4 9 12 102 104 0 10 63 24 91 38 6 1 0 11 81 53 19 6 0 0 0 6 
1 0 0 0 0 109 88 0 7 0 0 3 1 111 119 56 26 1 6 27 10 7 72 109 22 20 28 13 3 0 2 6 6 21 0 0 0 119 105 1 46 73 33 1 0 63 61 33 119 30 4 0 0 0 10 119 75 20 0 0 0 0 0 26 24 119 3 0 0 25 6 1 15 103 47 36 48 5 7 4 119 21 17 22 27 4 18 119 119 9 0 0 0 3 6 55 25 50 0 0 0 0 13 30 19 46 28 21 19 1 8 18 50 44 99 34 13 1 1 8 50 7 2 2 3 22 44 21 
1 32 28 42 6 0 1 0 1 14 8 130 51 3 2 0 99 2 3 62 24 0 0 52 130 1 0 0 0 0 0 58 1 3 4 34 81 54 28 2 9 14 10 45 51 40 88 14 76 14 20 72 78 7 2 14 130 30 4 0 0 0 0 54 16 15 105 79 39 26 6 2 8 91 130 53 8 7 14 6 14 74 130 82 13 0 0 1 108 130 42 0 0 13 9 8 39 15 41 18 0 0 0 5 0 13 92 42 0 0 0 0 2 19 61 49 9 4 0 0 7 20 5 2 11 45 34 3 
3 42 121 21 0 0 0 0 40 76 121 29 0 0 0 0 121 112 24 0 0 0 3 14 29 5 0 1 11 4 24 17 50 115 58 9 0 0 0 9 22 49 121 43 0 0 0 5 23 40 108 71 34 9 13 7 3 0 0 25 38 22 115 33 58 8 1 0 0 2 7 102 90 7 15 3 0 0 0 63 11 1 13 80 88 0 0 3 0 0 0 84 121 13 28 6 41 0 0 0 0 7 24 72 121 5 0 0 0 0 0 54 15 4 1 25 32 0 0 1 0 0 0 90 121 1 0 0 
0 3 12 7 36 14 14 0 0 41 49 24 119 22 0 0 0 119 119 7 14 1 0 0 0 106 78 0 0 0 0 0 14 0 0 0 9 21 119 71 92 80 33 8 17 5 21 39 15 82 60 0 0 6 13 1 1 17 14 0 0 5 26 4 119 9 0 0 0 0 74 96 119 22 0 0 0 5 21 68 17 1 0 0 1 81 71 8 0 0 0 0 2 95 119 2 119 11 0 0 0 0 3 32 86 9 0 0 0 6 48 116 1 0 0 0 8 98 53 16 1 0 1 12 25 69 17 0 
0 0 4 3 27 36 31 5 14 0 0 0 58 24 26 30 82 100 12 2 7 6 13 27 15 131 12 0 0 0 0 0 30 32 20 45 35 17 3 2 23 0 4 52 90 21 2 13 131 34 2 0 1 1 0 131 131 68 4 0 12 5 0 49 40 27 4 14 51 18 23 70 4 1 2 39 131 27 7 2 131 31 1 3 5 0 0 86 131 14 0 0 36 4 0 76 3 1 0 0 4 11 34 57 7 32 38 4 24 22 14 7 128 102 51 1 1 0 0 0 131 42 0 0 10 0 2 11 
98 0 0 2 2 0 1 21 147 8 9 34 16 0 0 22 4 1 3 51 147 19 0 0 28 8 0 8 39 4 0 2 87 6 19 31 12 0 0 23 147 3 2 12 42 2 0 77 21 1 0 33 147 17 0 2 78 11 0 17 63 7 0 4 37 8 25 55 30 2 0 3 147 7 2 6 27 29 1 45 22 0 0 21 147 84 6 6 68 0 0 7 61 18 2 17 17 0 1 10 40 19 2 6 147 2 0 1 52 22 2 47 4 0 0 1 126 90 9 8 7 0 0 0 16 17 7 22 
17 16 11 18 4 0 0 1 140 77 9 7 13 0 0 6 43 19 3 56 140 0 0 4 40 18 1 3 9 0 2 19 61 13 6 25 54 0 0 12 140 81 4 8 22 0 0 40 27 22 1 77 140 3 3 10 25 1 0 6 33 7 32 57 60 3 1 12 75 7 0 19 140 9 1 5 19 0 0 62 45 2 0 108 140 2 2 18 7 0 0 41 92 6 18 25 29 1 0 3 26 8 0 13 140 11 0 1 6 0 2 55 21 0 0 31 127 10 10 48 1 0 1 35 107 2 0 1 
92 24 9 66 16 0 0 6 0 77 113 72 13 0 0 0 3 108 98 81 31 0 0 3 53 28 1 30 18 0 0 9 113 14 7 22 9 5 4 59 73 110 67 18 3 4 6 32 11 55 47 113 113 0 0 2 92 54 3 93 77 4 0 2 87 10 2 18 20 16 7 78 113 10 2 3 2 16 6 113 38 1 2 51 52 3 0 30 14 53 21 77 71 2 0 1 74 32 15 13 13 0 0 2 87 23 25 15 10 0 3 60 46 0 0 2 16 10 1 61 3 2 1 7 28 16 5 16 
60 13 4 3 7 10 15 7 25 30 4 10 27 1 2 5 6 3 2 39 121 13 7 7 10 3 0 2 26 46 18 16 113 22 0 0 14 92 27 43 121 4 0 7 27 3 6 29 2 5 12 24 121 34 4 2 24 14 16 9 96 60 9 10 121 2 0 0 37 78 5 35 121 0 0 0 9 54 115 51 7 4 21 21 103 77 62 14 16 7 19 20 121 27 4 8 32 0 0 2 10 32 20 23 21 0 0 0 0 72 121 55 67 0 0 0 15 30 87 82 17 4 0 0 106 87 1 7 
0 0 0 0 0 48 89 10 0 0 0 0 0 100 125 41 32 5 6 6 4 1 47 128 10 6 9 30 25 0 0 5 0 0 0 0 0 31 128 20 11 3 0 0 0 93 86 28 128 8 0 0 0 1 17 128 86 2 8 20 3 0 0 26 1 2 89 7 0 1 16 2 9 56 97 0 0 3 7 0 128 116 23 0 0 0 0 14 126 8 0 0 0 0 0 16 0 1 128 11 0 0 0 0 0 42 128 0 0 0 0 0 30 105 92 0 0 0 0 0 38 25 1 0 0 0 0 0 
11 25 24 0 0 5 11 5 6 22 5 0 0 23 89 2 0 0 0 0 0 12 124 8 0 0 0 0 0 0 36 23 7 5 4 0 50 127 34 3 0 0 0 1 17 127 127 10 23 0 0 0 0 11 127 119 90 0 0 0 0 0 32 103 0 0 0 101 126 37 0 0 0 0 0 84 90 25 10 4 103 1 0 3 6 0 8 53 127 3 0 0 0 0 0 36 0 0 0 36 98 15 0 0 0 0 0 21 127 23 0 0 96 12 0 0 12 2 0 2 127 16 0 0 0 0 0 0 
0 0 0 0 1 14 53 20 0 0 0 0 6 84 79 22 12 4 8 15 26 8 41 56 9 10 4 24 30 5 0 3 0 0 0 0 0 41 139 42 5 0 0 0 2 139 139 50 139 2 2 6 2 15 42 139 46 21 19 48 9 0 0 12 0 0 33 14 5 21 56 8 13 30 44 0 0 33 47 7 139 68 7 0 0 3 2 58 106 3 6 2 0 0 0 19 0 1 135 32 0 0 0 0 0 50 139 3 0 0 0 0 84 134 73 0 0 0 0 1 56 15 0 0 0 0 0 2 
0 0 0 3 129 26 0 0 69 7 0 2 22 12 3 34 137 31 0 0 0 0 0 53 40 13 0 0 0 0 3 20 0 0 0 60 137 1 0 0 51 6 12 30 35 0 1 40 135 52 4 0 0 0 9 137 78 24 0 0 0 0 12 79 0 1 75 137 77 0 0 0 2 75 137 62 7 0 0 3 40 137 137 2 1 7 2 13 34 56 10 9 3 24 24 7 0 3 64 18 1 0 0 0 0 28 114 3 4 1 0 0 0 16 45 19 25 39 5 0 1 0 16 12 7 27 27 4 
87 50 6 0 2 0 0 1 28 56 74 101 10 1 1 0 20 25 100 58 7 3 3 24 8 10 38 31 9 4 0 7 124 25 1 8 5 0 0 10 124 47 75 51 1 4 1 8 0 9 124 102 12 25 9 0 0 4 42 55 60 20 1 0 124 1 0 2 11 6 0 56 124 5 0 1 3 103 59 90 0 0 0 7 10 124 124 31 0 0 1 14 51 36 39 28 73 9 0 5 5 1 0 25 65 9 0 3 67 74 30 36 18 0 0 0 39 62 45 69 20 0 0 0 4 12 11 54 
45 58 18 0 0 0 0 0 68 120 36 3 0 0 0 8 27 19 0 16 22 31 31 14 0 0 0 2 25 24 67 6 120 44 5 0 0 0 0 2 106 93 53 8 0 0 0 3 4 22 10 120 117 14 6 0 0 0 0 50 89 39 64 2 120 13 0 0 0 0 0 46 120 12 2 1 0 0 0 55 18 3 3 89 108 0 0 14 0 0 0 105 120 2 1 0 112 4 1 0 0 0 0 39 84 0 0 0 0 0 0 102 39 0 0 25 33 0 0 33 0 0 0 105 112 0 0 0 
127 5 0 0 0 0 0 19 127 0 0 3 23 0 0 25 0 0 0 46 107 0 0 0 0 0 0 18 113 17 0 0 127 13 13 2 0 0 0 20 127 0 0 2 15 3 2 46 1 0 0 23 127 23 2 2 0 0 0 9 127 29 0 0 80 34 96 17 0 0 0 13 127 15 8 0 2 26 33 59 0 0 0 0 103 100 69 2 0 0 0 0 127 97 0 0 11 15 43 20 0 0 0 1 11 12 18 8 54 64 13 6 0 0 0 0 30 115 92 0 0 0 0 0 53 58 8 0 
0 0 0 0 14 129 44 0 6 0 1 2 3 78 129 64 34 4 2 6 2 8 66 66 40 4 0 0 0 0 1 21 2 5 0 0 10 129 12 0 59 78 10 0 6 78 47 63 129 21 1 0 0 0 31 129 40 5 0 0 0 0 24 88 48 43 0 0 7 95 10 2 52 129 22 22 16 4 1 2 21 16 15 40 43 19 66 97 121 11 3 0 0 0 30 129 63 67 0 0 3 4 0 1 58 58 4 19 16 6 9 5 9 47 60 55 26 3 2 2 52 50 43 4 0 0 1 17 
13 17 5 24 6 1 5 5 1 1 2 127 65 3 5 2 85 5 2 63 23 0 0 25 127 0 0 0 0 0 0 49 3 2 1 13 55 53 59 15 10 12 3 40 63 20 77 29 57 8 11 68 101 3 3 13 127 29 2 0 0 0 0 70 0 28 99 99 38 21 7 3 11 127 127 37 7 2 9 11 9 56 127 102 23 0 1 1 104 127 47 0 0 2 1 8 0 9 72 52 0 0 0 0 0 36 87 34 2 0 0 0 4 27 57 50 6 0 0 0 18 43 8 1 2 14 20 5 
50 1 7 34 14 1 1 20 3 42 119 61 7 0 0 0 1 44 119 90 57 0 0 1 31 16 3 30 31 1 2 4 103 2 0 2 5 17 21 84 119 52 44 3 0 5 12 43 6 13 42 119 119 0 0 1 86 32 1 66 110 0 0 3 112 23 8 17 22 14 4 36 119 6 2 5 4 4 1 86 23 0 0 61 119 1 0 15 63 40 23 81 107 0 0 0 49 30 18 30 4 0 0 0 119 14 14 13 4 0 2 61 35 0 0 16 28 2 0 28 5 22 22 36 32 1 0 0 
41 3 0 0 10 53 18 25 81 5 0 4 14 0 4 19 1 1 2 23 132 13 3 2 11 1 2 2 30 24 15 27 132 3 0 0 48 93 1 29 132 5 0 3 17 0 0 19 1 2 1 11 132 29 1 4 28 9 3 4 100 65 6 28 132 0 0 0 34 45 1 19 132 0 0 0 8 13 68 51 0 5 17 24 132 60 34 2 10 21 27 34 132 11 0 0 57 0 0 4 7 14 13 24 44 0 0 0 0 29 132 67 24 2 3 5 11 18 75 68 10 3 3 9 121 5 0 4 
0 0 0 13 52 40 8 0 29 0 2 2 10 18 0 39 117 0 0 0 13 0 2 117 42 0 0 8 64 6 0 26 0 2 11 91 117 2 0 0 13 21 38 42 5 0 0 4 117 76 4 6 6 0 1 45 91 4 3 29 60 2 3 31 12 19 33 117 64 0 0 3 4 108 117 90 3 0 0 0 33 117 75 61 11 2 0 9 56 23 9 28 13 5 1 24 11 13 34 79 17 0 0 1 3 117 117 23 0 0 0 0 0 92 79 109 51 0 0 0 43 5 0 63 39 1 0 7 
6 0 0 0 33 61 4 2 121 0 0 0 16 22 35 56 30 0 0 0 0 54 121 37 10 0 0 0 1 28 73 29 39 11 3 11 53 51 5 3 30 0 1 6 34 121 88 35 28 0 0 0 0 85 121 102 104 0 0 0 3 14 70 95 67 36 2 7 113 38 0 0 4 0 0 7 121 121 10 9 33 0 0 0 1 13 46 63 121 8 0 0 7 3 16 44 11 19 5 27 85 9 1 0 0 3 0 37 121 8 0 1 27 40 10 1 5 0 3 6 121 28 1 0 1 0 0 1 
61 34 3 0 0 0 0 1 55 84 59 20 0 0 0 1 25 42 96 41 0 0 0 2 8 9 123 31 0 0 0 1 117 37 10 19 6 0 0 13 123 55 89 45 0 0 0 47 46 23 107 123 4 0 2 18 45 16 39 14 1 0 2 24 88 12 0 15 28 8 7 43 123 14 5 3 0 3 53 123 6 2 17 48 12 45 123 42 8 0 3 9 6 40 117 23 50 9 0 0 1 4 7 14 77 23 4 19 10 21 36 48 0 0 0 12 17 62 123 3 0 0 0 0 0 19 123 2 
4 3 2 34 72 4 2 2 24 37 15 21 21 8 7 12 87 14 3 13 15 6 3 32 51 19 0 0 0 0 0 18 2 0 5 27 71 123 33 5 13 4 31 13 21 74 123 42 96 22 16 2 10 41 111 123 122 26 0 0 0 0 0 71 0 1 76 123 41 34 5 0 11 42 123 96 16 11 45 5 104 118 123 22 0 0 20 25 123 58 2 1 0 0 0 22 1 1 4 27 29 1 0 1 19 10 8 61 64 4 0 28 46 36 19 2 0 0 1 31 35 20 0 0 0 0 0 19 
0 0 0 0 2 35 27 2 1 0 0 0 3 67 119 16 3 0 0 0 1 42 119 35 0 0 0 0 1 23 31 26 0 6 7 2 9 89 84 8 15 1 10 45 102 119 99 30 119 5 0 3 13 25 88 119 11 16 6 0 7 51 32 27 12 32 14 4 8 13 32 20 20 11 25 119 119 20 16 6 119 62 15 38 52 5 8 82 25 112 46 0 6 18 9 6 1 38 26 4 8 3 14 11 2 48 84 75 23 9 10 2 96 85 64 76 8 0 0 1 30 32 7 0 0 1 0 2 
3 0 0 6 51 18 4 3 31 8 0 9 66 28 30 25 39 2 0 7 48 43 37 34 69 0 0 0 0 1 3 64 0 0 3 32 73 113 12 1 1 0 37 45 45 127 127 16 50 15 46 2 6 36 127 68 127 52 1 0 0 0 7 74 0 2 33 97 50 5 0 0 11 15 127 127 52 8 3 3 51 71 127 58 5 0 6 9 127 85 21 5 0 0 0 19 2 1 1 8 20 0 0 1 23 2 2 45 110 0 0 12 49 19 12 16 16 0 1 26 44 33 3 1 0 0 0 7 
0 0 0 4 46 42 5 1 7 0 1 11 49 30 16 16 115 4 1 6 29 5 1 19 29 1 0 0 3 1 0 5 0 0 0 11 124 109 19 3 4 0 7 7 52 72 124 76 61 3 3 1 10 16 124 124 54 1 0 0 0 3 23 91 0 3 7 74 124 50 1 0 3 36 124 79 45 11 35 5 50 124 124 22 2 0 32 58 76 95 16 0 0 0 4 39 4 5 1 40 83 2 0 0 42 45 35 24 39 5 1 3 76 44 32 17 29 6 0 3 33 28 9 1 0 0 0 0 
23 1 8 28 13 1 3 11 1 23 121 72 8 0 0 0 0 37 119 82 47 0 0 0 18 4 2 35 42 2 1 10 93 3 2 0 2 15 36 54 109 46 66 8 0 0 8 26 1 6 75 110 123 0 0 0 41 14 2 67 123 0 0 9 123 9 1 10 33 23 18 37 123 3 1 1 0 0 5 63 11 1 3 51 123 0 0 4 56 11 0 79 123 0 0 4 52 15 7 46 23 0 0 3 123 7 2 7 0 0 0 46 17 0 0 17 54 1 0 12 16 8 5 65 106 0 0 0 
114 0 0 0 28 31 6 18 128 3 0 2 6 0 0 10 0 0 0 10 128 13 0 0 25 0 0 0 64 30 2 31 128 3 0 0 46 21 2 13 128 2 0 0 7 1 3 15 0 0 1 8 128 19 2 0 42 25 6 9 128 34 0 11 128 2 0 2 25 16 3 27 128 0 0 0 1 5 81 71 0 0 9 18 128 55 39 13 2 23 37 33 128 7 0 0 55 1 0 3 14 6 11 28 36 0 0 0 0 23 128 78 18 0 1 2 4 14 67 75 10 1 5 11 66 1 0 7 
1 24 32 0 0 0 0 0 0 20 117 11 0 0 0 0 13 31 77 23 0 0 0 0 75 70 3 0 0 0 0 0 74 68 33 0 0 0 0 46 41 80 124 23 0 0 0 34 4 30 124 124 2 0 0 1 52 69 40 24 11 18 14 2 94 8 0 0 0 0 0 92 124 22 18 2 0 0 0 124 31 4 49 50 52 34 0 18 1 1 12 23 116 108 7 0 83 18 0 0 0 0 0 9 124 38 0 0 0 2 19 48 22 1 0 0 40 113 23 11 0 0 0 0 76 104 0 0 
1 0 0 1 0 1 101 53 41 21 29 33 16 5 47 43 10 15 130 80 1 0 0 0 0 0 94 92 1 0 0 0 75 12 0 0 0 0 33 46 130 99 5 0 0 1 9 36 51 30 59 21 1 30 34 4 0 0 39 76 37 19 36 2 108 8 0 0 0 0 0 27 130 16 0 0 0 31 28 111 20 0 0 0 0 130 130 20 0 0 0 0 14 58 130 23 26 1 0 0 0 0 0 21 38 0 0 0 0 36 62 86 0 0 0 0 1 128 67 5 0 0 0 0 0 10 70 5 
18 0 0 10 49 38 10 16 52 0 0 2 45 73 6 41 97 0 0 0 8 9 18 117 41 0 0 1 23 18 29 39 0 0 3 55 117 24 5 3 18 16 26 17 14 21 2 14 117 56 3 2 12 1 4 74 115 17 1 12 47 4 6 24 11 12 35 117 78 0 0 8 2 117 117 43 6 0 0 0 29 117 80 67 16 0 1 14 80 59 4 15 10 1 1 14 16 24 37 62 10 0 0 2 8 117 117 14 0 0 0 0 2 57 57 117 72 0 0 0 71 41 6 34 22 0 0 1 
3 2 0 0 37 96 6 3 122 0 0 0 20 30 33 75 31 0 0 0 2 72 122 28 11 0 1 0 10 35 61 26 20 8 0 10 63 91 4 0 33 2 0 10 38 122 78 45 6 0 0 0 0 92 122 79 92 0 0 0 8 20 68 94 42 40 7 15 105 27 0 0 2 6 0 33 122 78 6 3 24 19 4 2 9 13 33 31 122 18 2 2 5 1 7 22 5 17 39 40 42 1 0 0 5 17 4 63 122 6 0 0 18 109 31 9 28 2 0 0 109 28 7 4 9 0 0 0 
1 7 79 48 16 1 2 0 0 98 126 20 0 0 0 0 0 107 126 4 0 0 0 0 0 12 124 50 0 0 0 0 41 13 28 10 3 25 36 66 121 103 52 7 1 12 16 35 25 83 105 2 0 0 0 0 1 17 112 16 2 1 0 0 42 7 1 0 0 19 58 96 126 41 0 0 0 8 22 80 69 24 3 0 0 2 25 15 8 33 15 8 10 2 0 2 20 66 37 0 0 0 2 7 126 99 6 0 1 43 46 14 66 3 0 0 0 26 82 97 49 21 9 4 0 0 1 33 
116 52 2 0 0 0 0 14 128 63 0 0 0 0 0 6 22 9 10 8 0 0 2 25 18 14 5 0 0 4 24 26 128 3 0 0 0 0 0 64 128 5 0 0 0 0 20 78 8 0 0 0 16 12 41 33 1 0 0 5 51 78 98 14 128 63 2 0 0 0 0 49 46 13 3 8 26 32 128 95 0 0 0 2 22 40 128 112 3 0 0 50 91 24 89 91 46 41 29 5 4 11 5 10 7 5 1 16 55 86 64 9 10 0 0 5 46 64 66 26 58 0 0 3 2 1 23 89 
3 2 7 18 32 12 7 9 38 1 0 1 33 17 3 16 133 99 16 0 0 0 1 23 24 133 17 0 0 0 0 1 16 24 9 79 96 5 0 0 33 0 0 26 63 9 0 18 133 12 0 0 0 0 0 133 133 33 3 0 5 1 0 58 9 8 2 12 123 47 18 28 8 3 0 18 93 14 0 1 133 28 0 0 0 0 0 86 133 11 0 0 16 2 0 69 1 3 1 0 12 30 34 26 4 18 37 5 15 12 0 0 133 89 18 1 0 0 0 0 133 49 0 0 4 0 0 10 
8 16 11 3 31 20 8 9 27 59 30 0 1 19 61 12 61 23 2 4 0 4 72 80 88 49 1 1 0 0 0 54 4 3 8 6 42 31 46 19 4 7 36 1 0 35 105 21 104 37 22 0 0 6 39 106 123 17 1 0 0 0 2 123 19 20 18 4 27 16 0 12 72 90 123 3 0 0 1 25 59 123 123 1 0 0 0 19 89 69 89 6 23 20 9 22 10 70 49 1 0 3 0 6 77 62 68 25 5 0 0 39 123 41 31 4 1 0 0 84 20 7 21 21 68 14 0 2 
12 7 1 0 5 18 56 75 0 0 0 0 1 108 132 54 59 5 3 11 13 25 132 67 34 10 57 70 7 2 2 7 12 3 0 2 67 55 44 41 17 1 0 4 52 97 84 36 132 28 0 0 0 6 56 88 81 13 16 1 0 32 96 47 46 2 3 9 60 25 11 43 50 12 0 10 87 37 5 5 132 26 0 0 0 14 86 79 48 24 13 0 0 37 108 53 2 1 25 65 15 15 6 4 16 7 51 34 18 17 3 5 41 2 3 11 1 11 39 29 106 24 6 0 0 1 6 59 
54 24 35 67 19 0 0 1 0 103 114 55 8 0 0 0 0 114 114 96 40 0 0 0 49 27 2 51 30 0 0 5 111 12 8 14 4 19 21 65 114 105 60 9 1 6 14 38 7 34 41 114 105 0 0 3 50 80 24 110 77 2 0 0 97 32 19 12 13 20 12 40 114 15 9 4 2 6 7 114 22 0 1 29 38 10 3 37 5 38 23 51 46 13 3 13 57 30 24 15 12 0 0 4 61 11 13 12 29 7 4 86 56 1 0 1 32 16 0 50 2 0 0 2 34 21 6 29 
32 16 5 17 16 7 5 1 25 61 7 10 23 1 0 0 8 11 2 39 125 22 1 1 30 19 1 7 21 13 8 11 93 14 0 0 5 67 56 47 87 15 1 11 22 1 2 20 0 3 2 39 125 37 6 2 12 12 5 7 64 77 33 36 125 1 0 0 23 65 15 58 125 0 0 1 10 33 108 42 2 7 25 20 125 79 56 7 6 22 37 30 125 26 1 4 56 0 0 2 9 27 42 36 21 0 0 0 0 59 125 62 52 1 1 1 6 26 125 84 15 1 1 3 98 87 3 11 
32 19 0 0 36 13 2 2 43 91 59 44 4 1 2 5 16 12 52 56 7 7 9 67 6 6 20 17 27 29 2 21 114 20 5 21 39 8 0 3 132 83 62 50 1 1 0 10 7 16 132 132 14 14 8 1 1 7 67 71 54 13 1 0 85 1 2 13 22 11 3 29 132 4 1 0 2 57 49 125 6 1 7 10 16 132 132 44 1 0 0 17 81 39 40 29 31 8 8 49 14 0 0 7 100 14 0 4 59 41 16 31 26 0 0 0 62 53 48 58 26 0 0 1 11 17 15 45 
100 57 4 2 0 0 2 14 131 53 0 0 0 0 0 7 21 5 5 2 0 2 6 26 10 4 0 0 0 32 46 23 131 5 0 0 0 0 1 64 131 7 0 0 0 0 16 61 7 0 0 1 32 17 48 21 0 0 0 20 88 115 58 3 131 29 0 0 0 0 0 71 70 9 1 4 15 41 117 102 0 0 0 2 19 69 131 62 7 0 1 62 61 19 99 83 94 50 6 0 1 2 2 6 25 11 4 17 60 69 33 9 9 0 0 6 62 76 46 19 69 1 0 1 1 2 20 70 
27 6 0 1 3 47 52 20 18 0 0 5 116 53 20 23 116 19 0 2 39 21 10 23 92 17 2 0 1 34 54 35 50 11 16 13 19 56 12 19 56 5 2 3 116 76 7 35 97 24 0 1 48 30 26 19 116 31 1 0 0 16 45 56 37 41 85 49 6 3 1 4 5 9 95 100 45 40 3 5 16 10 58 53 12 10 12 9 89 0 0 4 4 3 7 116 109 44 41 37 0 0 0 17 6 9 116 116 1 0 0 1 0 1 82 116 89 0 0 0 11 3 0 15 38 0 0 24 
0 0 0 0 0 60 68 1 0 0 0 0 1 58 130 42 14 6 9 11 13 4 47 95 6 9 12 25 21 0 0 2 0 0 0 0 0 67 130 8 11 4 0 0 0 90 127 48 130 9 0 0 0 0 29 130 66 2 9 24 6 0 0 22 0 6 91 0 0 3 28 3 13 74 98 0 0 5 8 2 130 126 22 0 0 0 0 18 109 8 1 0 0 0 0 14 0 5 130 1 0 0 0 0 0 56 130 0 0 0 0 0 25 106 89 0 0 0 0 0 27 23 1 0 0 0 0 0 
16 17 21 0 0 2 6 11 7 25 11 0 0 18 68 3 1 1 0 0 0 8 104 8 0 0 0 0 0 0 25 20 7 10 16 2 52 103 14 3 1 0 0 0 28 129 129 12 22 0 0 0 0 12 129 129 84 0 0 0 0 0 28 101 0 0 0 63 129 42 0 0 0 0 0 76 125 45 11 5 113 1 0 3 6 2 12 70 129 4 0 0 0 0 0 39 0 0 0 44 90 4 0 0 0 0 0 39 129 14 0 0 112 7 0 1 17 2 0 2 129 11 0 0 0 0 0 0 
0 0 0 26 126 0 0 0 44 1 0 11 51 0 0 12 126 2 0 0 0 0 0 120 40 0 0 0 0 0 2 74 0 0 0 85 126 0 0 0 9 2 14 79 69 0 0 10 124 52 11 3 0 0 0 105 126 41 0 0 0 0 3 50 0 0 21 116 88 0 0 0 0 30 126 118 21 0 0 0 29 126 126 6 0 0 0 0 40 90 12 8 13 14 9 0 0 0 29 28 2 0 0 0 0 22 111 10 0 0 0 0 0 30 58 2 10 18 2 0 0 2 4 7 14 32 23 0 
0 0 0 53 31 5 17 8 11 1 1 106 53 1 0 6 131 3 1 8 1 0 0 63 131 2 0 0 0 0 0 30 12 19 39 13 12 7 45 41 5 3 18 80 110 9 4 5 131 19 11 15 17 1 0 20 131 13 0 1 0 0 0 22 4 32 131 35 1 0 0 0 1 6 131 131 21 1 0 0 61 131 131 34 3 0 0 5 112 122 10 0 0 6 7 12 0 1 30 27 1 0 0 0 0 8 50 64 6 0 0 0 9 50 40 8 8 16 29 8 4 18 3 0 0 31 63 4 
29 1 0 0 19 60 15 7 0 0 0 0 83 86 40 16 23 32 3 0 41 18 41 42 59 113 2 1 6 0 0 0 33 10 2 2 82 77 2 2 9 7 9 43 70 52 12 1 120 40 0 10 31 9 3 65 120 120 1 1 5 5 0 27 21 9 3 10 120 54 0 13 50 27 9 52 99 16 2 37 120 1 0 35 85 4 0 80 120 4 0 1 32 8 0 108 4 0 0 8 120 11 1 12 15 0 0 5 43 20 31 80 69 22 13 9 40 11 6 6 120 21 1 1 11 0 0 24 
1 0 0 36 118 16 5 2 51 14 21 15 20 13 6 17 55 12 37 82 11 0 0 20 118 3 0 4 2 1 1 43 21 0 0 118 118 0 0 6 76 2 2 89 51 0 1 80 64 8 6 39 63 10 9 86 118 17 0 5 21 9 7 18 21 5 0 99 118 38 0 3 23 1 2 118 118 23 0 17 78 31 9 6 12 0 10 51 111 53 6 7 26 0 0 1 1 0 0 0 93 74 0 0 24 5 24 27 80 55 5 7 91 38 54 28 1 0 0 10 54 63 9 6 5 0 0 2 
0 0 0 0 81 120 25 11 5 1 1 77 68 40 11 38 36 17 2 31 17 0 3 12 6 2 5 20 13 1 2 4 0 0 0 26 94 99 52 11 6 3 17 25 36 27 36 100 18 4 5 18 35 19 30 46 20 16 32 6 2 3 10 21 13 7 3 32 45 22 38 31 76 89 125 55 6 1 6 8 33 24 125 125 1 3 4 6 125 36 69 33 3 0 0 14 23 0 29 42 3 0 7 13 125 46 38 27 0 0 0 65 56 22 123 125 1 0 0 9 43 4 56 112 15 0 3 18 
18 1 0 1 3 16 18 34 49 6 0 0 3 118 68 53 142 6 0 0 1 31 14 88 45 3 0 0 15 138 7 9 13 10 4 12 22 13 8 8 36 11 22 11 28 45 23 22 142 1 1 1 3 49 73 142 32 2 0 0 28 142 72 36 24 26 1 1 9 41 20 5 34 58 44 20 87 23 1 2 32 16 23 7 36 18 49 68 21 17 14 25 22 46 26 12 19 75 17 0 0 8 6 1 23 67 119 19 43 11 0 0 7 84 142 39 18 1 0 0 8 53 43 53 22 0 0 0 
1 0 0 12 58 4 1 3 56 6 0 18 74 13 8 23 69 1 0 10 45 26 6 38 62 0 0 0 0 0 0 44 0 0 0 7 74 108 9 1 8 0 3 9 57 119 119 28 76 6 2 0 10 49 119 106 119 23 0 0 0 0 0 69 0 0 17 105 77 24 0 0 1 9 119 119 42 30 26 0 119 77 119 20 0 0 24 24 119 57 5 1 0 0 0 19 0 0 8 25 16 0 0 0 14 9 31 79 62 0 0 5 36 38 58 20 3 0 0 9 65 31 5 0 0 0 0 9 
5 0 0 0 10 96 60 6 89 26 0 5 15 32 85 53 20 16 2 29 109 35 13 19 42 22 2 1 7 5 17 83 13 6 28 22 78 56 18 12 91 18 25 16 3 35 94 109 7 8 23 1 52 109 100 17 109 33 2 0 4 14 19 66 4 27 69 46 31 20 46 16 30 46 79 75 22 26 45 18 25 49 109 89 25 10 15 1 109 86 11 20 11 0 0 27 3 0 0 0 9 33 53 9 109 11 0 0 4 17 30 47 63 15 2 28 95 18 1 26 50 0 0 9 46 6 0 41 
115 48 2 1 0 0 0 16 119 40 3 10 0 0 0 9 36 35 34 18 0 0 4 21 22 17 0 0 19 40 9 9 119 11 0 0 0 0 0 74 113 5 0 0 0 0 33 102 10 0 0 2 29 33 68 47 1 0 0 1 48 119 119 10 119 66 25 4 1 1 3 27 31 9 1 11 49 36 119 87 4 0 0 8 51 41 119 119 6 0 0 74 73 54 40 43 19 22 24 10 32 21 7 3 3 0 0 5 56 104 70 4 54 4 0 0 14 29 45 60 70 6 0 23 8 1 2 41 
87 44 4 0 2 0 0 1 38 62 75 94 9 0 1 0 19 19 103 75 9 1 4 23 9 13 39 25 7 2 2 7 126 16 3 11 7 0 0 10 126 42 60 46 1 3 0 11 1 8 126 105 10 26 11 0 0 5 48 57 53 20 2 0 126 0 0 3 14 7 0 49 126 3 0 0 2 89 51 104 1 0 0 6 8 126 126 30 1 0 2 12 39 36 51 32 67 6 1 10 6 1 0 21 73 9 0 3 59 66 18 43 16 0 0 1 46 69 46 56 24 0 0 0 2 9 13 57 
0 0 0 0 22 52 18 1 0 0 0 0 7 83 113 58 0 0 0 0 0 0 100 116 5 0 0 0 2 1 24 37 0 0 0 3 83 116 1 0 10 0 1 36 95 99 44 68 94 14 1 2 0 0 47 116 111 19 0 3 4 0 7 49 15 14 5 7 31 83 8 1 21 25 81 116 28 4 1 11 116 38 56 87 0 0 0 66 111 46 2 1 3 0 2 16 61 25 0 1 1 9 5 10 47 66 44 42 0 0 0 0 47 20 100 116 0 0 0 8 56 13 14 9 3 0 1 12 
84 13 0 0 1 13 13 34 73 29 11 19 79 43 21 26 13 3 0 11 106 60 29 34 42 2 0 0 0 1 52 103 55 7 35 12 2 3 24 78 26 3 22 6 16 114 114 67 9 8 27 1 29 114 14 4 114 44 1 0 0 1 5 23 2 21 85 69 24 23 33 7 44 79 108 42 10 13 27 7 18 34 114 114 33 3 1 1 114 60 4 13 10 0 0 48 14 1 1 2 7 38 64 12 114 18 1 5 4 8 9 43 28 8 2 50 114 13 3 12 35 0 0 8 46 2 0 47 
23 11 0 0 98 23 1 5 47 32 30 34 51 29 5 8 107 22 2 30 66 24 3 6 125 28 0 0 0 0 2 21 25 0 0 16 125 18 10 12 46 2 0 1 27 125 76 24 125 1 0 0 23 80 7 39 125 1 0 0 0 4 25 112 1 0 0 41 125 12 4 2 1 0 22 22 34 43 16 0 73 8 5 9 0 3 0 52 125 16 0 0 9 6 4 96 0 1 13 88 85 0 0 0 0 11 98 74 15 0 0 0 14 96 60 42 3 0 0 1 79 51 12 4 4 2 0 12 
2 1 0 12 70 57 16 4 1 0 0 1 11 92 65 43 17 0 0 0 0 14 93 74 81 0 0 0 0 0 9 96 8 5 2 101 123 16 0 0 0 4 0 55 60 8 7 9 37 48 16 1 1 1 21 20 123 12 5 3 1 0 0 53 0 6 25 123 123 0 0 0 25 71 2 57 123 0 0 0 33 123 63 27 42 1 0 1 123 12 11 16 26 1 0 20 0 0 4 32 123 17 0 0 63 20 0 15 123 24 2 22 59 26 3 10 37 26 37 38 89 16 1 8 24 14 1 1 
86 0 0 17 93 1 0 12 5 0 0 17 124 7 2 15 130 2 0 3 13 7 3 33 37 3 1 22 31 0 0 4 130 0 0 15 119 3 1 27 2 0 0 31 130 13 6 4 130 1 0 2 4 9 2 44 76 1 0 23 63 4 0 13 130 0 0 7 97 4 0 38 2 0 0 47 130 8 0 3 130 4 1 3 9 3 0 17 108 3 1 17 65 2 0 7 69 0 1 2 28 12 0 27 2 1 3 52 105 15 0 3 130 8 2 9 20 1 0 15 81 0 2 11 24 0 0 13 
24 0 0 13 82 0 1 11 20 1 0 16 130 8 2 10 105 16 0 3 2 1 3 53 28 12 0 27 69 0 0 3 65 2 0 7 108 3 1 18 9 3 0 18 130 4 1 3 130 8 0 3 3 0 0 49 96 4 0 39 130 0 0 8 63 4 0 14 75 1 0 24 4 9 2 45 130 1 0 3 130 13 6 4 2 0 0 32 120 3 1 28 130 0 0 15 30 0 0 4 36 3 1 22 13 7 2 34 130 2 0 3 123 6 2 16 5 0 0 18 94 1 0 12 85 0 0 18 
59 41 3 0 0 0 3 28 60 18 6 1 1 35 30 17 97 25 7 0 0 18 35 55 84 9 0 0 0 0 20 48 23 89 16 0 2 76 20 1 13 10 1 0 1 121 121 5 62 7 0 0 0 12 121 121 121 0 0 0 0 0 59 121 6 1 0 0 7 110 46 4 4 9 5 0 4 47 27 7 80 57 9 0 0 0 13 20 121 65 8 0 0 0 0 80 0 19 19 0 0 7 15 0 9 95 67 0 0 0 4 4 17 121 105 0 0 0 2 4 9 121 58 0 0 0 0 0 
32 11 4 1 5 4 29 55 0 0 0 0 2 111 126 103 0 0 0 0 0 94 130 72 29 0 0 0 0 10 113 44 2 8 4 9 50 15 27 41 1 0 0 4 89 130 56 18 12 0 0 0 4 59 89 94 130 10 0 0 0 1 39 72 57 0 0 2 49 10 19 96 10 0 0 27 130 44 1 4 44 4 0 3 8 24 10 11 130 23 0 0 0 2 9 36 80 1 0 1 14 3 8 29 4 0 0 41 106 22 8 8 48 12 0 3 26 12 2 2 93 17 0 0 0 1 15 28 
1 0 0 0 2 32 48 30 1 0 0 0 15 110 117 46 16 0 0 0 0 21 102 99 4 0 0 0 1 9 23 45 6 17 10 7 5 28 50 14 30 8 14 77 124 75 39 32 124 12 0 4 30 20 33 119 16 3 0 0 2 27 31 49 20 18 8 7 7 7 17 31 34 13 12 85 124 35 22 20 124 59 13 23 75 12 10 70 22 98 57 0 3 20 14 11 0 38 28 6 5 3 5 5 3 44 66 113 38 5 5 5 124 112 27 69 18 0 0 2 16 35 11 0 0 3 3 1 
0 0 0 0 0 83 127 0 7 0 0 0 0 66 127 53 45 0 1 19 14 5 71 127 8 6 27 47 18 1 4 11 4 56 6 0 0 72 83 3 28 93 61 5 1 14 52 18 127 44 13 1 0 1 7 89 82 35 9 1 0 0 1 16 15 127 22 0 0 1 3 11 7 81 43 42 71 7 5 10 127 21 8 20 30 7 11 127 125 20 0 0 0 0 0 39 31 22 0 0 0 0 6 64 20 46 38 33 24 0 2 19 83 50 72 48 11 0 2 13 77 17 0 0 0 2 16 22 
4 59 38 23 0 0 0 0 2 16 15 130 31 0 0 0 79 4 3 63 12 0 0 56 130 0 0 0 0 0 0 75 2 13 17 45 45 43 24 0 4 12 7 70 47 39 78 11 51 17 24 91 70 6 1 10 130 48 6 0 0 0 0 54 2 13 98 56 63 46 9 0 7 124 130 22 9 15 28 10 5 81 130 53 16 1 0 1 72 130 48 0 0 17 12 6 16 17 75 20 0 0 0 1 0 31 118 26 0 0 0 0 1 17 78 39 11 3 0 0 4 16 6 5 21 51 25 2 
17 7 0 0 116 25 0 6 60 29 26 31 40 26 1 13 72 20 6 33 81 31 1 3 124 39 0 0 0 0 0 15 19 0 0 19 124 15 6 10 51 1 0 1 30 124 79 35 124 2 0 0 26 99 13 27 124 4 0 0 0 1 15 101 4 0 0 46 124 11 2 4 0 0 20 29 48 39 18 0 61 4 6 11 0 5 1 38 124 13 0 0 3 2 4 112 2 2 9 94 81 0 0 1 0 8 93 83 22 0 0 0 9 67 62 49 4 0 0 1 81 59 16 2 1 0 1 7 
1 0 1 7 81 60 16 2 4 0 0 1 9 67 62 49 22 0 0 0 0 8 93 83 81 0 0 1 2 1 9 94 3 2 4 113 124 13 0 0 0 5 1 38 60 4 6 11 48 39 18 0 0 0 20 29 124 11 2 4 4 0 0 46 0 1 16 102 124 4 0 0 26 99 13 28 124 2 0 0 30 124 79 35 50 1 0 1 124 15 6 10 20 0 0 20 0 0 0 15 124 38 0 0 81 31 1 3 73 20 6 33 40 25 1 13 60 29 25 32 115 24 0 6 17 7 0 0 
0 0 0 0 72 54 45 41 17 5 17 16 80 23 1 8 123 10 47 28 0 0 0 30 123 3 2 1 2 0 0 66 1 0 1 2 8 31 57 40 69 11 3 2 11 26 10 40 123 59 115 28 0 0 0 52 123 27 69 13 3 6 10 72 17 15 15 29 4 0 3 2 98 70 25 19 2 0 1 3 123 71 63 13 0 0 0 96 68 15 38 32 62 18 6 48 32 4 7 26 6 0 0 27 123 69 11 33 8 0 0 6 123 40 28 57 32 0 0 27 96 2 0 15 61 1 0 36 
13 0 0 14 124 12 1 21 81 7 8 4 22 35 12 64 124 10 5 2 10 53 15 45 46 2 6 31 20 1 2 13 6 2 21 124 124 0 0 1 60 16 26 54 51 41 41 27 124 102 0 1 6 29 22 26 81 11 6 6 6 3 14 47 0 0 13 111 95 1 0 0 72 9 18 124 124 6 3 1 124 41 7 11 21 4 3 25 106 10 4 5 10 2 2 30 0 0 3 23 40 3 0 0 10 5 15 124 50 0 0 0 98 17 13 43 9 0 0 28 36 13 9 6 1 0 0 10 
2 0 0 8 45 15 6 2 7 0 1 7 89 35 16 9 75 0 0 1 30 10 10 118 41 4 0 0 0 0 3 43 7 4 6 15 106 29 2 1 17 10 9 7 118 106 5 2 118 25 2 1 73 40 8 81 118 14 0 0 0 0 1 58 10 2 12 32 92 25 5 9 1 40 29 15 118 118 1 0 90 37 33 12 52 18 20 70 118 6 0 0 0 1 9 98 18 0 6 10 74 14 3 12 6 66 25 20 89 23 6 3 57 30 13 28 118 9 5 5 118 42 2 0 1 1 1 5 
13 23 54 0 0 0 16 25 10 30 88 14 0 0 35 36 26 20 43 32 2 1 13 13 23 6 1 3 1 2 32 38 132 118 104 1 0 0 5 25 15 59 133 22 0 1 12 23 2 24 133 133 26 4 5 3 5 2 17 127 18 5 38 23 133 29 2 0 0 0 1 120 36 19 32 18 12 29 71 56 0 0 13 63 52 48 110 18 2 2 71 91 17 3 8 23 133 24 0 0 0 0 0 15 42 15 2 25 51 16 7 12 2 6 5 25 66 12 29 17 11 8 8 2 0 0 6 47 
0 5 2 4 56 34 10 1 54 124 12 3 28 10 5 5 69 53 10 5 20 36 2 2 6 3 1 0 10 35 7 13 33 29 3 4 11 21 29 20 128 128 21 7 4 2 1 32 15 54 44 66 106 11 0 0 5 47 71 14 20 7 0 3 78 14 0 2 50 26 4 42 128 8 0 2 23 17 8 120 45 12 8 34 60 64 36 23 4 22 27 10 5 29 75 15 51 0 0 0 26 17 5 43 106 0 0 0 20 22 97 116 6 0 0 0 1 128 128 30 0 0 0 0 0 48 128 9 
58 19 0 8 8 0 0 0 75 69 65 11 0 0 0 0 0 10 91 55 29 1 0 0 13 2 2 33 59 4 1 2 115 4 0 9 28 7 6 12 138 39 27 20 0 0 0 24 4 6 27 65 138 17 0 0 41 8 0 9 135 28 0 1 94 0 0 0 3 5 12 28 138 2 2 6 3 0 0 69 27 1 2 58 138 2 0 2 51 0 0 14 138 5 0 5 33 1 7 7 0 0 0 13 138 0 1 1 1 3 0 88 33 0 0 12 132 42 0 11 16 0 0 18 118 5 0 2 
0 0 0 0 1 30 98 34 2 0 0 0 14 134 77 39 94 1 2 2 3 7 25 134 20 4 12 34 18 0 0 8 0 0 0 0 1 30 106 25 13 2 0 0 3 82 69 17 134 6 0 0 0 7 5 133 104 4 9 12 0 0 0 27 0 1 53 27 2 3 7 2 10 40 67 0 0 2 8 1 134 92 12 0 0 0 0 19 134 4 0 0 0 0 0 21 0 1 122 33 0 0 0 0 0 41 134 4 0 0 0 0 58 127 73 0 0 0 0 0 66 22 0 0 0 0 0 1 
1 0 0 26 135 8 1 0 5 0 0 7 46 18 18 3 133 0 0 1 11 6 3 90 92 0 0 0 0 0 0 78 0 1 7 29 135 25 3 0 0 1 19 21 71 19 8 0 129 54 21 1 1 3 2 30 135 33 0 0 0 0 0 32 0 0 58 135 108 1 0 0 0 31 135 76 15 3 1 0 30 135 135 5 7 5 2 2 113 62 9 0 1 0 0 3 0 0 21 47 25 2 0 0 0 11 59 28 31 50 6 2 17 6 18 3 22 24 22 21 58 4 0 0 2 0 0 5 
0 0 0 0 0 82 74 0 0 0 0 0 0 38 133 31 8 0 1 0 0 8 108 54 0 0 2 1 1 8 55 2 0 1 10 4 2 128 129 0 20 1 1 2 1 37 133 61 133 6 7 5 4 1 29 133 18 6 26 29 24 22 16 5 0 9 37 19 16 5 8 0 17 21 65 18 7 0 0 2 133 70 16 2 1 0 0 47 68 32 34 35 5 0 0 15 0 40 124 5 0 1 2 0 5 33 133 16 2 0 0 0 63 133 108 0 0 0 0 1 23 48 30 0 0 0 0 0 
1 0 0 5 58 3 0 0 23 25 23 21 17 5 18 4 30 46 6 1 0 12 63 29 26 1 0 0 0 0 22 47 1 0 0 4 112 59 9 0 6 6 2 1 30 134 134 5 15 3 1 0 0 36 134 74 108 0 0 0 0 1 59 134 0 0 0 34 134 32 0 0 1 3 2 32 131 56 20 1 69 18 8 0 0 1 19 21 134 22 3 0 0 1 6 30 0 0 0 80 84 0 0 0 10 6 2 101 134 0 0 2 42 18 19 2 7 0 0 8 134 7 1 0 1 0 0 31 
13 11 27 6 0 0 0 9 87 55 10 0 21 35 12 13 24 12 8 2 28 52 56 46 50 20 20 16 3 0 9 42 7 37 108 42 5 6 19 18 49 29 45 49 70 89 19 10 80 92 102 19 16 35 6 13 108 92 39 12 0 0 3 39 6 12 47 17 14 27 66 40 51 7 21 50 69 89 26 17 108 46 20 12 9 7 42 108 73 19 7 6 5 13 63 94 1 24 108 41 3 0 0 0 3 25 108 108 6 0 0 1 9 108 84 59 14 2 3 11 20 8 35 49 21 6 7 38 
26 5 1 0 1 36 81 41 27 4 0 5 19 76 108 40 10 19 11 34 59 94 22 9 71 68 8 1 0 6 6 26 13 3 25 26 48 71 35 15 89 10 19 16 5 37 98 105 16 11 14 8 45 108 89 38 106 33 1 0 0 6 22 108 5 0 45 42 23 8 72 20 36 33 82 71 9 10 68 25 29 48 107 77 28 21 31 4 108 100 4 3 2 1 1 26 3 0 0 0 5 23 36 10 103 16 2 1 3 7 18 71 37 11 17 29 81 26 3 22 84 8 8 4 9 2 1 54 
22 1 8 32 13 1 3 12 1 17 107 99 14 0 0 0 6 27 80 95 40 0 0 6 19 4 0 20 34 0 2 16 95 4 3 1 1 13 27 61 85 39 82 30 0 0 5 23 1 2 67 123 123 0 0 1 51 25 4 45 88 2 2 12 123 11 0 8 32 19 11 48 123 5 5 2 0 0 3 59 6 1 5 90 123 0 0 2 67 10 0 62 123 0 0 11 60 15 4 44 24 0 0 5 123 4 1 6 0 0 0 48 13 0 0 32 100 1 0 7 35 6 0 58 108 0 0 1 
92 0 0 0 47 27 0 12 131 1 0 1 4 0 0 9 2 0 0 7 131 9 0 0 29 0 0 0 77 25 0 26 131 0 0 0 66 27 1 11 131 0 0 0 3 1 5 30 2 0 0 7 131 17 4 3 40 22 3 11 131 31 0 10 122 5 0 6 33 22 4 19 131 0 0 0 0 0 64 113 0 0 6 16 106 48 48 34 2 17 30 36 131 8 0 0 35 4 1 4 26 3 3 17 41 0 0 0 0 25 98 85 22 0 1 2 2 9 57 98 9 2 4 13 64 1 0 9 
104 38 13 2 2 0 0 12 38 40 101 38 0 0 1 39 28 11 29 35 10 0 8 29 5 0 1 61 63 7 10 20 134 17 4 3 6 3 2 52 134 28 93 69 6 2 6 61 0 2 30 134 104 4 15 16 2 1 6 53 67 11 20 22 134 18 0 1 1 1 1 23 134 30 0 10 22 12 30 56 5 0 7 79 79 19 54 34 3 1 29 119 42 0 0 3 134 11 0 1 0 0 0 8 134 6 0 8 43 7 1 22 18 3 5 19 51 5 7 34 13 1 4 38 23 0 2 20 
0 0 0 2 92 104 28 12 3 1 2 66 91 59 11 30 39 16 2 36 20 1 2 10 11 2 5 21 13 1 2 3 0 0 0 31 120 93 76 10 6 0 10 21 54 40 35 104 16 3 2 20 43 20 30 55 22 12 21 7 2 2 11 22 3 3 0 38 89 22 62 32 42 69 98 42 17 5 9 11 35 21 120 120 4 4 5 11 116 39 65 27 3 0 0 14 10 0 13 36 21 0 13 15 120 52 40 23 0 0 3 48 69 30 120 120 0 0 0 8 73 8 42 102 4 0 0 21 
15 1 0 0 4 26 18 35 44 3 0 0 3 125 43 51 125 0 0 0 1 38 21 125 23 0 0 0 46 125 14 13 11 6 3 14 19 15 10 7 24 15 22 12 27 43 15 17 125 2 3 3 5 56 79 125 16 2 0 7 33 125 51 25 27 18 1 3 9 40 15 3 35 61 33 20 80 16 3 1 20 46 37 12 45 6 22 29 22 68 8 65 16 6 9 4 21 62 3 0 0 18 6 1 29 114 86 14 28 4 0 0 12 125 125 49 20 1 0 0 16 111 23 87 12 0 0 0 
1 4 0 39 46 15 4 0 56 4 0 1 18 12 2 17 104 103 47 0 0 0 0 12 3 123 52 0 0 0 0 0 3 8 4 49 139 16 1 5 65 0 0 14 50 4 0 29 139 34 8 0 0 0 0 139 91 67 25 0 2 1 0 21 1 0 0 2 76 65 29 30 20 7 2 8 41 9 0 4 139 26 0 0 0 0 0 114 139 7 0 0 20 7 0 39 4 12 12 0 2 9 10 11 12 23 62 18 2 1 0 0 139 112 10 2 0 0 0 5 137 28 0 0 13 4 0 9 
30 15 0 2 11 23 14 2 0 0 0 39 113 29 47 4 49 0 0 35 109 8 1 10 113 0 0 0 0 0 0 22 46 2 1 8 76 125 29 29 0 1 22 16 43 99 125 68 57 4 6 14 72 32 55 40 125 3 0 0 1 0 0 15 65 14 72 89 58 21 1 12 2 9 125 79 23 14 10 13 47 19 120 99 29 0 8 18 125 8 1 4 3 0 0 14 50 3 10 13 14 20 0 7 9 2 23 20 35 47 2 31 17 2 9 46 113 16 2 20 90 1 0 3 16 0 0 16 
132 9 0 0 0 0 0 20 132 28 0 3 19 1 0 4 4 0 0 12 95 62 6 0 43 0 0 1 12 27 6 13 132 2 1 2 0 0 0 35 132 8 0 2 21 3 1 49 3 0 0 46 132 15 2 4 110 3 0 11 54 9 3 30 132 11 21 10 0 0 0 14 132 1 0 0 5 17 33 66 0 0 0 15 132 35 64 11 115 2 0 12 106 5 1 59 54 10 24 33 0 0 0 1 113 5 1 1 31 43 10 15 0 0 0 1 55 63 77 24 43 0 0 1 50 14 9 25 
62 10 0 0 0 0 1 13 154 34 0 0 3 0 0 7 34 2 2 7 59 56 5 2 7 0 1 15 29 22 8 9 94 0 0 3 1 0 0 27 154 22 0 1 10 0 0 52 37 5 0 33 154 42 1 7 74 3 1 17 37 22 2 37 57 8 17 8 0 0 0 9 154 4 3 0 3 3 7 106 35 0 0 30 154 25 33 27 115 1 4 23 93 5 2 66 15 28 37 12 0 0 0 0 154 13 17 10 7 13 10 31 15 0 0 2 60 67 88 15 56 0 0 3 57 14 14 39 
1 1 0 15 60 10 1 0 28 14 1 20 48 20 17 20 124 4 0 6 15 9 8 59 31 4 0 2 11 0 0 13 0 0 0 21 88 126 9 0 6 1 13 16 43 111 126 34 126 28 5 0 3 19 68 126 96 15 0 6 14 3 0 16 0 1 21 126 70 12 0 0 10 25 126 126 33 9 12 2 126 123 100 14 0 0 4 23 94 17 5 7 5 0 0 12 0 0 3 21 30 1 0 0 22 6 13 51 71 0 1 13 78 41 14 4 0 0 0 21 45 5 0 1 2 0 0 21 
1 0 1 4 0 18 107 20 10 1 1 1 0 79 118 15 32 0 0 2 11 21 118 103 13 0 0 49 101 5 6 20 0 0 0 15 13 17 96 12 8 0 2 2 0 46 90 11 118 3 0 0 0 2 19 85 116 9 5 104 52 0 0 22 14 11 46 37 6 0 0 5 9 10 118 72 0 0 0 2 118 103 36 13 0 0 0 5 118 39 0 42 34 0 0 8 48 8 10 1 0 0 0 36 60 20 109 51 0 0 0 40 23 96 113 19 0 0 0 4 39 31 5 5 0 0 0 5 
123 19 33 6 4 6 9 67 37 12 47 51 92 123 27 22 3 1 1 18 69 84 48 25 31 12 2 18 18 11 24 24 39 10 22 70 40 33 61 75 8 1 13 64 16 123 123 34 3 1 0 2 10 74 62 14 116 18 0 0 0 4 18 31 98 61 26 74 42 9 3 8 8 7 27 123 121 15 5 0 12 25 47 67 9 1 5 4 107 67 20 2 0 0 0 9 20 27 27 14 27 22 2 4 7 2 7 37 97 68 4 11 13 28 70 58 6 2 3 14 20 23 29 11 13 17 8 14 
0 0 2 2 52 90 24 3 5 3 12 6 14 32 77 67 30 21 6 2 21 14 22 61 12 99 12 1 9 4 1 1 0 0 1 4 74 105 7 0 13 1 4 13 8 24 20 24 117 43 5 0 1 2 5 110 65 65 9 5 17 63 21 22 12 14 63 47 35 19 2 4 6 72 117 38 2 0 0 0 102 42 117 52 11 3 5 93 58 28 15 11 43 71 20 76 38 21 20 14 5 5 3 7 79 117 96 10 7 3 12 52 7 34 107 76 117 56 13 18 49 35 16 17 29 7 8 20 
16 1 12 22 7 5 7 35 51 5 5 17 16 6 46 118 3 3 14 103 46 50 56 39 30 7 5 16 2 14 28 83 6 4 8 17 34 70 43 3 5 1 1 3 5 50 120 57 114 60 15 9 2 76 120 42 69 79 117 74 6 24 19 11 4 3 14 53 68 51 3 0 6 18 7 23 14 10 10 1 120 65 7 0 0 0 4 44 120 23 35 35 7 60 34 97 1 0 27 120 24 0 0 0 12 19 37 106 8 0 1 0 54 72 19 9 4 3 15 33 29 9 5 6 4 29 34 54 
119 29 1 0 0 0 0 4 47 76 75 5 0 0 0 0 2 45 96 58 2 0 0 0 4 35 23 18 13 0 0 0 145 8 0 0 0 0 0 42 145 128 13 3 7 3 0 6 10 57 52 52 62 9 0 0 0 13 26 40 65 1 0 0 145 0 0 0 0 0 0 87 145 29 0 0 21 10 0 53 25 34 5 4 61 29 0 0 1 6 2 9 108 25 0 0 135 2 0 0 0 0 2 60 145 2 0 2 13 5 3 108 19 7 0 7 39 25 3 5 0 0 0 1 44 39 0 0 
57 0 0 0 26 29 0 29 0 0 0 0 42 115 98 25 0 0 0 13 81 30 89 67 26 0 0 8 60 5 3 2 115 1 0 0 90 62 0 41 0 0 1 1 115 115 17 17 8 1 4 0 12 12 74 100 66 2 0 1 19 6 14 20 113 21 12 34 84 11 0 34 0 16 115 81 115 11 0 0 10 27 115 51 1 0 0 5 69 14 30 24 5 0 0 5 102 21 20 20 3 1 0 5 2 7 115 37 29 17 1 4 18 7 95 59 30 10 2 16 13 1 16 52 63 0 0 0 
54 0 0 8 8 2 21 75 31 8 10 20 10 31 84 22 23 5 1 4 19 30 118 41 4 0 0 27 118 12 12 17 9 0 0 13 36 15 75 48 1 0 0 4 7 77 118 24 118 4 0 0 3 36 110 90 87 8 1 100 80 4 3 31 7 3 6 36 67 4 1 1 10 9 91 62 8 2 8 1 118 78 40 18 0 0 1 5 118 39 4 70 64 0 0 2 21 2 2 22 45 0 0 11 90 24 80 32 0 0 0 40 39 100 118 25 0 0 0 7 44 37 4 18 8 0 0 2 
2 8 52 40 15 33 7 0 29 124 52 13 3 25 32 18 48 43 8 3 6 101 82 28 23 3 2 17 5 28 61 63 10 20 34 33 21 1 5 8 10 23 18 38 110 110 68 10 46 17 2 0 10 124 93 31 86 33 25 6 0 14 10 81 1 4 12 10 29 11 13 3 0 2 5 49 124 70 6 2 66 67 26 14 40 29 12 60 124 67 24 8 12 1 0 25 10 5 2 4 16 18 11 5 7 24 46 91 106 4 2 3 6 124 124 23 15 5 0 0 26 63 18 4 11 10 15 8 
6 3 12 4 35 31 48 35 7 3 6 18 127 63 54 18 36 15 1 0 4 6 101 70 12 6 26 22 3 4 13 50 115 15 2 4 35 32 35 68 17 1 3 65 127 30 18 22 26 2 2 26 38 24 110 79 127 10 4 3 3 4 27 122 41 111 35 13 14 5 4 14 5 7 77 127 54 12 6 5 25 20 127 127 14 5 6 2 127 65 45 12 1 0 0 7 19 11 4 1 0 2 1 20 12 13 17 15 6 6 2 3 4 7 62 62 14 15 7 6 19 43 39 8 0 1 2 8 
11 17 11 2 20 69 20 3 19 2 0 0 2 125 100 43 88 5 6 5 8 13 28 97 16 21 12 4 4 2 2 2 10 0 2 28 125 70 13 10 56 24 13 52 56 71 22 25 125 44 5 1 1 1 4 77 18 5 9 3 3 7 13 13 1 6 5 82 93 22 33 8 16 125 59 34 60 15 2 0 103 122 64 11 10 30 17 42 17 2 4 6 11 26 55 43 1 22 41 90 26 4 7 9 8 125 81 28 30 21 1 7 3 30 33 27 47 125 21 4 12 50 14 0 1 19 47 27 
0 0 1 6 26 44 41 9 13 13 10 6 5 8 66 71 7 7 1 4 8 14 15 19 0 2 2 16 19 9 3 0 2 0 0 4 127 71 35 11 20 4 8 3 28 23 127 127 54 13 5 5 5 5 67 127 11 5 5 9 35 106 38 14 2 5 25 127 126 11 5 4 46 22 102 88 26 2 1 22 127 43 13 24 22 3 2 52 33 30 29 54 127 24 2 4 1 5 15 41 16 9 18 25 7 8 98 70 35 15 0 0 127 65 44 19 6 3 6 12 23 29 57 38 10 3 7 2 
30 18 0 1 40 13 2 2 44 88 54 43 4 1 2 6 19 10 40 55 8 8 9 74 7 5 13 16 29 37 2 21 107 20 2 25 43 8 1 3 132 81 60 57 1 0 0 8 9 16 132 132 10 9 3 2 3 7 66 84 43 10 0 1 81 1 2 13 22 11 2 27 132 4 2 1 1 45 45 121 8 1 10 21 13 132 132 40 0 0 1 24 88 39 31 23 31 6 9 48 16 0 0 6 107 11 0 4 51 42 20 35 22 0 0 0 55 59 61 66 21 0 0 0 15 17 18 48 
2 0 0 30 129 2 1 7 15 0 0 3 40 22 10 50 121 0 0 0 37 21 3 35 129 2 0 3 9 0 0 21 1 0 0 87 129 2 1 3 5 0 0 22 78 23 17 23 129 5 0 0 23 18 5 20 129 4 1 3 6 0 0 28 15 0 1 64 129 2 1 14 0 1 1 52 129 7 4 0 129 25 1 1 3 6 1 14 129 3 0 0 3 0 0 33 17 0 0 19 118 9 0 8 0 18 7 88 86 2 0 0 49 77 36 12 1 0 0 1 128 30 2 0 0 0 0 4 
0 0 0 2 124 33 1 0 1 0 0 0 64 77 34 13 81 1 0 0 0 21 11 76 122 12 2 2 11 0 0 16 3 0 0 18 134 4 0 0 3 6 1 8 134 28 2 0 134 8 4 0 0 1 1 40 134 3 1 12 18 0 0 45 6 0 0 17 134 12 1 2 20 23 4 15 134 12 0 0 90 25 14 22 6 0 0 19 134 3 1 4 1 0 0 68 7 0 0 14 134 3 0 2 35 28 8 21 106 1 0 0 44 19 10 48 20 0 0 4 134 3 0 5 1 0 0 21 
124 63 2 0 0 0 0 3 29 12 6 9 0 0 0 3 1 3 22 99 25 12 0 0 0 3 9 76 124 8 0 0 89 59 11 2 0 11 40 45 66 24 6 5 8 0 13 44 1 8 5 14 107 120 8 0 6 45 33 26 87 68 5 0 91 1 1 0 0 71 39 40 124 30 4 22 14 0 6 46 5 15 39 124 124 19 1 1 21 124 56 27 30 11 1 0 71 0 0 0 0 13 17 49 124 1 0 3 1 0 0 124 24 6 54 61 8 0 1 32 0 31 65 14 18 2 0 0 
60 22 16 0 5 1 6 41 35 34 79 15 0 0 4 38 28 11 13 47 29 2 11 31 3 2 4 82 79 3 4 8 128 39 11 4 18 6 1 34 128 53 128 73 15 4 8 42 2 1 30 128 76 7 21 19 4 2 10 68 91 5 9 11 128 12 0 3 8 8 1 31 128 19 4 12 34 18 31 57 12 2 22 99 49 16 30 34 3 0 15 120 103 1 1 3 128 14 0 6 3 0 0 7 128 5 2 12 36 4 0 32 13 1 8 24 27 4 7 26 1 0 0 25 77 10 10 7 
117 23 1 0 2 0 0 10 44 15 8 25 22 3 4 17 43 22 1 8 32 8 4 11 2 3 0 2 113 72 0 0 117 14 0 1 4 2 6 46 94 11 18 22 11 1 9 102 52 29 35 31 95 56 3 1 4 1 0 0 117 117 1 1 113 32 19 19 6 2 3 21 117 8 16 22 6 2 27 117 17 4 12 16 117 94 72 69 13 16 8 3 117 80 0 0 106 1 2 5 9 10 0 27 5 0 2 24 25 20 36 30 0 0 0 27 68 75 84 25 22 21 2 3 41 46 1 0 
0 0 0 0 51 110 3 0 0 0 0 0 32 107 113 28 92 3 0 0 8 51 48 51 72 10 21 53 4 0 0 18 0 0 0 0 98 127 0 0 3 0 1 3 30 112 36 18 127 20 0 0 0 4 21 72 127 20 10 11 4 2 1 20 8 3 1 1 127 80 0 0 26 20 54 59 13 13 0 3 127 19 15 39 1 0 0 65 127 8 0 0 14 3 1 56 17 1 0 0 61 33 0 7 64 13 11 29 8 10 12 44 105 38 11 37 11 11 7 6 114 17 0 0 2 2 2 15 
6 11 7 53 37 1 3 7 9 14 30 60 21 7 32 22 65 0 1 36 27 7 5 44 125 0 0 0 0 0 0 92 1 0 2 139 104 4 5 5 1 0 2 98 35 20 97 25 76 7 1 7 14 16 34 18 139 13 0 0 0 0 0 33 11 0 4 139 33 0 0 10 0 2 11 139 87 0 0 0 54 64 57 31 5 0 0 1 139 45 19 0 0 0 0 13 11 3 0 18 11 6 22 7 0 2 5 139 75 6 30 6 65 65 48 74 11 0 0 1 62 56 62 0 0 0 0 4 
14 5 0 0 17 75 15 4 0 0 0 1 50 96 48 20 8 7 3 2 48 33 42 77 22 83 10 2 20 7 0 0 14 10 6 7 91 103 2 1 16 17 17 45 68 42 9 2 125 43 5 11 40 18 3 46 78 125 17 0 0 0 0 11 30 5 0 4 125 55 9 28 54 16 11 40 117 17 17 70 125 6 0 23 95 8 0 71 125 37 2 0 12 8 0 85 3 0 0 38 108 4 0 12 10 4 2 5 33 17 30 73 79 27 23 7 26 10 4 9 125 24 1 0 8 2 0 29 
0 0 0 36 117 14 13 1 39 11 19 16 19 15 14 10 37 8 36 82 3 0 0 33 117 1 0 6 0 0 0 68 11 0 0 117 117 1 0 2 85 4 4 86 52 0 0 74 64 9 12 83 49 16 7 80 117 20 0 18 16 2 3 24 5 1 0 74 117 98 1 1 27 3 2 117 117 37 0 19 66 22 8 8 13 7 12 60 111 56 3 5 14 2 2 1 0 0 0 0 76 97 4 1 40 9 30 34 33 38 4 11 73 40 57 39 0 0 0 7 44 77 14 2 2 0 0 0 
104 39 1 2 1 0 6 14 125 37 0 0 0 0 0 6 13 0 0 0 9 20 13 18 2 0 0 0 12 117 36 7 125 2 0 0 0 0 3 53 125 2 0 0 0 1 19 50 4 0 0 11 80 25 55 13 0 0 1 63 120 89 14 0 125 13 0 0 0 0 0 74 79 6 1 3 8 71 96 87 6 0 0 4 19 103 125 58 22 1 1 72 44 11 62 64 115 31 1 0 0 0 0 8 38 16 3 30 58 60 10 12 26 1 0 11 59 62 18 21 91 7 0 4 3 0 5 45 
6 0 0 0 0 9 21 10 47 0 0 0 0 16 55 59 102 4 0 0 0 6 41 124 41 0 0 0 0 0 4 73 1 3 9 3 0 0 0 1 26 4 6 1 1 3 15 11 124 28 3 0 0 1 7 80 72 7 2 1 0 3 68 84 0 14 124 69 1 0 0 0 17 21 102 59 1 0 0 0 124 124 50 25 0 0 2 17 40 59 114 28 10 4 22 18 0 3 110 103 0 0 0 0 2 18 124 97 2 0 1 1 108 112 92 20 7 3 13 10 18 15 34 8 40 8 21 6 
0 0 0 17 34 48 16 0 33 4 0 25 78 53 47 31 106 20 18 5 5 14 90 86 8 8 12 16 48 19 53 16 0 0 0 0 42 131 77 0 13 1 0 2 25 131 131 16 62 18 0 0 0 53 131 70 131 21 9 1 3 10 71 92 0 0 2 39 97 119 25 0 1 0 1 13 21 29 38 2 85 20 0 0 0 3 3 40 131 39 0 0 0 0 0 36 0 0 10 24 19 43 17 0 1 1 1 2 11 9 3 1 59 9 0 0 0 0 1 23 131 30 0 0 0 0 0 57 
0 0 1 121 43 1 0 0 33 6 1 19 7 0 0 60 30 8 7 7 16 15 29 109 17 20 5 13 23 10 9 3 2 2 4 69 112 106 10 1 31 13 70 74 30 1 0 8 121 21 43 18 0 0 3 47 62 101 69 14 0 0 2 6 54 6 4 3 26 68 14 18 121 60 121 65 1 0 0 17 65 33 121 121 0 0 0 8 121 62 34 8 0 0 0 19 57 2 0 1 12 5 6 18 121 15 12 4 0 0 0 41 48 8 65 92 0 0 0 7 34 28 37 30 0 0 0 2 
3 0 0 6 79 77 34 27 3 0 2 42 107 83 18 28 27 13 4 45 29 0 2 16 8 3 4 17 12 0 2 5 0 0 0 47 117 82 82 13 7 0 5 15 59 69 30 74 12 1 3 18 49 23 27 61 21 13 20 4 2 1 11 25 0 0 0 42 110 37 72 39 39 61 61 41 27 9 7 13 26 31 117 117 4 4 5 8 117 34 52 27 2 0 0 10 1 0 8 59 52 3 9 12 117 43 24 15 2 0 4 46 105 50 110 117 0 0 0 11 55 11 46 117 1 0 0 12 
4 0 0 10 89 14 25 92 1 0 0 1 63 44 84 126 0 0 2 28 126 68 33 24 42 0 6 12 8 0 9 53 2 0 0 5 103 45 55 25 2 6 7 9 27 26 93 126 27 7 8 11 40 69 78 48 109 21 72 48 2 0 0 27 3 2 11 29 17 8 14 6 52 23 28 71 12 2 3 18 53 79 33 68 11 0 7 13 126 86 87 18 0 0 0 33 15 1 1 4 11 7 1 14 48 1 0 17 20 16 4 48 98 124 35 25 4 0 1 26 67 76 35 43 4 0 0 11 
0 0 0 0 13 126 23 3 0 0 0 0 6 94 126 78 32 0 0 0 2 74 96 89 42 1 4 24 36 10 9 53 0 0 0 1 34 126 17 0 1 0 4 9 2 75 73 37 126 17 0 0 0 7 51 74 126 27 17 44 4 0 0 18 24 10 4 2 62 57 2 3 35 20 64 103 4 4 2 9 126 25 12 52 3 0 0 66 126 29 0 1 3 2 0 55 21 1 0 0 14 13 1 24 39 5 8 31 8 8 31 77 90 48 13 36 13 7 13 8 126 29 0 0 1 0 0 24 
13 7 37 68 2 0 0 12 28 57 72 62 4 0 0 9 51 41 67 65 8 0 0 13 24 28 33 21 2 1 1 15 28 7 27 23 15 10 22 115 38 67 71 64 32 0 7 85 28 25 23 115 89 9 5 41 35 68 30 3 2 4 6 28 33 11 0 0 4 2 47 115 115 48 2 14 10 0 19 115 55 57 68 115 35 3 3 16 10 103 59 4 0 2 20 5 68 48 28 0 0 0 1 24 115 115 4 0 0 2 0 11 37 22 3 5 33 97 33 4 1 3 1 1 3 50 115 7 
10 9 6 11 35 58 5 7 8 5 12 10 30 65 53 46 26 15 9 8 7 16 34 61 31 78 15 3 2 4 6 4 13 8 3 17 101 113 2 4 10 1 8 17 29 63 17 20 116 34 11 4 1 4 9 95 81 70 16 0 12 30 21 45 30 7 16 40 39 67 8 13 16 65 116 65 5 1 0 2 115 42 116 76 13 7 7 74 87 54 6 5 15 40 25 59 58 12 5 1 1 11 0 27 84 78 47 10 10 9 21 83 23 31 46 96 116 42 39 57 86 62 2 9 19 10 6 26 
4 0 0 0 26 63 32 6 0 0 0 33 84 45 98 30 62 1 0 25 105 10 8 7 116 1 0 0 0 0 0 13 30 0 0 4 121 121 16 17 3 1 15 4 40 56 121 76 81 5 3 2 33 15 38 39 121 10 0 0 0 0 0 15 36 11 82 76 94 16 0 10 4 35 121 57 15 3 2 4 72 17 101 75 21 0 0 10 121 5 0 2 3 0 0 16 30 8 40 22 18 7 1 0 22 7 58 24 42 24 5 18 30 1 17 69 121 3 0 12 102 0 0 3 13 0 0 19 
26 0 0 33 81 0 0 11 110 2 1 20 18 2 21 85 52 12 3 21 10 13 72 19 12 2 0 5 45 10 50 23 4 0 0 40 120 2 1 5 22 0 0 15 57 21 120 71 22 1 2 5 4 59 120 38 117 18 0 20 32 14 65 71 0 0 0 32 120 6 0 0 32 12 34 41 87 5 3 4 49 54 120 74 3 1 12 2 120 120 22 24 18 0 0 2 0 0 0 26 96 1 0 0 78 6 4 20 76 0 0 28 100 37 77 24 0 0 0 54 25 58 31 4 1 0 0 3 
57 63 19 22 4 0 0 7 56 41 0 20 15 0 0 8 0 0 0 122 113 0 0 0 2 1 1 52 48 0 0 2 40 19 5 5 1 7 36 68 102 21 4 3 7 5 8 48 1 3 2 74 122 59 7 0 0 5 20 46 122 12 0 0 117 4 0 1 1 8 38 56 122 35 8 19 61 8 2 16 0 11 19 42 122 96 17 0 0 18 52 52 99 20 1 0 96 0 0 1 5 3 3 46 122 3 1 25 25 0 0 76 6 25 63 100 53 0 0 2 0 26 30 23 122 12 0 0 
117 39 0 0 0 15 23 18 68 9 0 0 0 31 68 81 50 1 0 24 117 10 2 38 2 1 1 29 117 3 0 0 89 40 0 0 0 9 43 41 117 117 27 0 0 9 16 29 80 20 1 3 117 78 3 15 2 4 23 38 117 27 0 0 117 26 0 0 0 2 13 38 117 64 9 0 1 4 2 55 4 6 8 36 117 38 4 2 0 6 41 66 51 13 2 2 77 0 0 0 2 0 0 50 117 0 0 0 0 1 0 90 6 0 0 11 58 78 5 6 11 0 1 10 24 52 14 26 
15 0 0 0 1 11 64 81 24 0 0 10 23 9 10 58 0 0 0 119 119 4 0 0 6 6 6 85 75 0 0 0 119 2 0 2 41 30 27 71 119 1 0 0 2 20 12 58 0 0 0 49 119 45 20 0 5 11 28 92 119 6 0 0 119 40 2 7 37 4 0 18 119 15 0 0 3 50 49 25 17 3 1 2 28 119 79 9 26 16 46 48 32 23 15 6 62 64 3 0 7 3 0 5 25 24 0 0 31 119 25 3 66 28 6 0 24 119 20 13 77 13 7 5 0 0 2 25 
1 0 1 9 42 20 12 22 5 96 28 23 85 46 5 0 12 120 49 3 6 13 3 0 10 31 2 1 28 87 3 0 59 26 8 3 8 16 36 60 29 120 109 10 11 7 1 2 0 54 65 20 92 32 0 0 18 6 4 8 109 102 2 3 120 7 0 0 3 10 16 52 120 39 24 1 0 0 0 19 0 17 17 30 120 31 0 0 47 36 7 34 120 27 0 2 120 0 0 0 1 2 1 82 120 11 2 1 0 0 0 73 6 7 13 79 74 0 0 1 4 23 52 67 26 0 0 0 
10 2 0 3 20 32 47 28 91 27 0 2 19 23 7 44 11 6 1 0 96 120 4 5 53 26 7 0 18 12 0 16 48 31 11 18 28 22 16 35 52 25 27 43 25 32 36 79 24 52 14 11 68 63 36 29 39 120 29 0 1 1 0 2 69 55 77 36 9 0 1 9 91 54 69 120 18 3 7 13 102 36 24 120 11 2 3 65 105 89 51 5 0 0 0 56 13 11 8 0 0 5 35 61 25 12 2 33 0 1 91 109 44 9 47 120 0 0 10 60 80 26 21 28 0 0 0 32 
7 0 0 0 10 53 36 28 0 0 0 0 7 116 116 0 86 0 0 0 1 69 73 68 91 0 0 0 0 3 2 35 51 13 13 45 41 36 10 98 6 12 76 116 40 54 65 1 116 116 29 11 1 11 27 25 116 25 0 3 13 21 10 17 57 116 50 15 0 0 0 12 10 32 116 116 32 0 0 0 93 96 49 71 21 0 0 21 65 39 10 27 13 2 1 9 1 42 14 0 0 14 10 7 8 5 8 55 43 7 15 35 35 22 67 54 25 0 0 10 52 26 13 1 0 0 0 4 
6 0 0 5 101 13 3 8 15 25 21 18 41 26 3 6 135 8 5 7 10 5 2 67 36 2 0 0 27 12 0 9 1 6 45 65 129 8 1 0 14 22 26 18 52 105 18 7 135 6 0 5 23 59 5 58 87 3 0 2 61 28 4 12 0 0 35 95 121 2 0 0 1 12 8 34 135 55 3 0 135 40 2 1 2 15 2 14 95 13 2 19 67 3 0 7 0 0 0 19 116 1 0 0 0 3 4 42 135 6 1 0 135 5 3 3 5 4 2 34 79 0 0 4 32 5 0 15 
33 3 0 26 92 0 0 4 7 6 2 42 133 3 4 6 133 4 0 0 0 2 4 61 95 0 0 0 0 0 1 25 58 1 0 12 106 8 2 24 3 16 1 23 133 29 2 2 133 50 2 0 1 12 7 49 104 1 0 0 0 0 46 104 66 28 0 17 80 2 1 6 24 53 5 79 133 3 0 6 52 106 14 12 14 26 22 23 123 9 0 1 1 10 40 68 35 12 0 8 28 1 0 0 10 3 3 88 133 5 3 7 34 24 2 12 19 21 20 29 84 14 1 12 4 1 0 10 
38 91 42 0 0 0 0 4 59 53 42 8 1 4 12 59 60 22 4 2 5 11 22 31 63 36 0 0 2 6 1 7 56 85 30 0 0 0 1 44 56 58 113 80 0 3 10 18 113 60 113 49 1 3 15 25 71 27 5 0 36 105 4 3 45 77 45 0 4 10 32 16 62 35 18 6 8 34 113 63 46 14 62 13 10 3 66 113 10 4 6 38 113 74 0 7 2 0 0 27 26 24 58 9 24 0 0 0 9 54 97 57 113 0 0 0 1 2 13 113 17 0 0 30 86 5 6 24 
16 9 5 40 25 17 13 20 7 4 3 53 117 30 16 6 54 1 0 0 5 22 101 53 120 5 0 0 0 0 13 49 96 26 1 4 29 80 52 50 0 9 9 12 120 120 12 0 120 56 7 0 10 15 3 17 120 65 0 0 0 0 1 52 14 34 18 4 3 54 82 32 14 120 113 28 15 58 15 0 43 31 51 75 31 1 1 43 57 3 0 0 2 0 8 120 30 24 20 20 11 11 3 5 95 50 20 17 27 3 4 17 1 6 12 54 120 4 1 4 23 45 3 2 8 0 2 37 
5 1 1 7 36 18 7 9 16 0 0 4 17 45 34 79 25 0 1 4 31 21 33 116 8 9 6 7 14 8 14 17 6 1 0 4 37 87 70 22 2 0 0 1 26 130 84 39 94 5 3 3 3 11 86 130 70 39 22 7 2 0 3 42 2 3 0 0 1 53 130 33 22 21 18 11 19 115 56 14 130 82 9 3 3 6 14 59 94 15 0 0 2 13 71 56 16 61 10 0 0 0 13 9 10 130 101 13 0 0 3 1 106 96 80 14 4 1 0 0 13 6 2 20 40 25 30 5 
92 1 2 0 0 0 1 49 91 6 2 0 0 5 45 118 7 8 2 0 3 41 66 27 50 20 0 0 0 5 20 21 27 6 54 52 7 1 0 31 24 8 4 2 6 4 101 118 103 48 0 0 0 4 70 118 77 118 0 0 0 7 29 16 0 7 84 118 81 2 0 0 13 116 118 16 25 5 11 11 118 118 65 3 2 1 0 14 48 46 12 8 9 25 27 8 0 8 46 46 24 11 3 0 23 49 98 3 2 16 26 34 44 85 46 7 2 0 0 16 1 8 25 21 13 1 0 0 
1 1 3 33 122 13 0 0 63 61 13 15 31 6 4 7 86 11 1 0 0 9 14 102 74 1 0 1 3 0 0 31 5 2 1 7 122 41 0 0 68 11 6 5 53 42 12 7 122 6 0 0 22 54 35 99 122 4 0 2 8 0 0 65 1 7 26 92 122 5 2 5 3 26 76 93 35 10 1 0 122 122 49 41 23 10 0 5 122 47 0 0 8 1 0 11 13 3 35 57 4 3 0 3 0 7 76 107 5 10 6 0 28 108 44 31 1 1 1 5 36 42 1 0 1 0 0 7 
0 0 0 10 106 29 3 0 56 47 6 11 44 9 19 39 18 31 50 26 0 0 65 56 14 11 31 15 1 0 9 19 0 0 0 4 72 132 48 0 8 0 0 6 20 96 132 36 35 0 2 1 0 10 132 132 71 0 2 4 6 2 27 132 0 0 0 0 102 132 4 0 20 27 15 6 15 52 32 3 117 16 40 26 5 4 21 37 132 2 0 0 0 0 0 52 0 5 25 2 23 54 0 0 51 70 32 8 1 6 0 1 51 34 20 62 19 1 1 4 132 20 3 2 0 0 0 13 
6 3 0 14 28 9 27 14 5 1 0 33 76 32 13 1 125 4 0 2 4 4 1 39 127 10 0 0 0 0 0 49 0 0 1 127 35 9 36 23 6 12 3 33 45 38 34 12 94 117 1 3 8 2 0 14 127 65 0 0 0 0 2 44 0 0 15 127 20 0 1 0 3 94 127 127 8 8 8 0 18 127 125 23 5 0 1 2 40 26 16 28 15 0 9 96 6 4 25 37 1 0 2 11 0 37 127 34 3 15 7 3 0 46 65 17 25 52 29 0 1 0 3 16 73 28 5 12 
58 2 0 11 21 4 1 29 54 12 3 20 120 15 3 5 123 107 6 2 0 0 1 16 17 48 22 6 0 0 2 14 23 1 1 40 42 36 38 37 39 15 45 39 53 37 56 67 123 44 28 4 0 0 31 123 84 13 9 2 0 0 10 66 76 26 7 15 62 31 21 32 88 77 123 33 5 2 18 42 75 85 123 13 1 2 21 73 65 38 24 3 5 12 15 33 37 35 25 38 16 4 3 12 66 29 2 0 1 63 81 39 53 29 16 0 3 23 54 123 11 4 5 2 25 19 18 23 
83 5 10 26 35 10 16 52 56 1 2 16 71 121 74 56 2 0 0 10 61 93 57 25 65 20 1 7 12 7 19 27 45 5 17 75 100 29 36 32 8 1 10 116 40 121 91 22 12 2 0 7 8 40 38 22 121 18 0 3 5 2 7 32 88 64 13 65 73 7 0 7 21 16 8 121 121 13 1 2 24 19 29 68 22 0 2 3 121 56 6 2 2 1 0 10 17 15 22 51 26 15 2 3 7 2 5 39 102 70 5 9 13 29 61 68 7 2 4 11 46 35 18 17 5 5 4 23 
2 2 4 8 70 57 11 8 8 1 6 5 20 34 62 67 55 68 1 7 10 4 5 43 39 56 1 4 6 5 9 23 4 1 1 2 115 87 2 2 24 0 1 5 22 28 15 41 115 27 0 1 8 12 6 115 66 19 0 4 51 86 23 39 3 2 18 22 115 36 0 1 12 44 55 31 5 2 0 4 82 75 101 21 9 8 7 115 108 39 21 10 48 37 9 58 24 11 24 23 20 15 5 7 70 115 64 22 1 1 0 7 27 109 115 69 106 8 1 9 77 31 12 20 41 5 3 23 
0 0 0 5 25 56 9 1 6 0 0 0 11 43 93 97 13 0 6 15 11 5 87 125 24 16 27 12 1 0 0 24 0 0 0 0 28 125 76 0 10 0 0 3 25 95 109 29 125 20 0 0 0 0 52 125 113 11 7 0 0 0 20 88 10 20 1 0 1 26 86 9 34 50 63 35 10 16 11 7 125 59 39 13 0 0 1 18 77 15 0 6 21 31 34 23 23 93 13 0 0 0 0 1 24 125 101 13 0 0 0 0 53 67 125 22 0 0 0 2 19 18 20 22 17 3 0 3 
13 4 33 38 0 0 0 1 88 4 4 3 0 0 8 94 21 0 0 0 0 2 70 123 7 19 1 0 0 7 25 39 0 0 49 123 42 2 0 0 15 11 31 34 51 22 20 25 119 32 8 0 0 2 35 92 123 107 0 0 0 2 10 27 0 3 52 89 123 7 0 0 1 64 123 41 65 9 0 0 52 123 123 5 0 0 0 1 86 123 16 2 15 17 5 2 0 4 21 39 35 9 1 0 12 29 85 10 3 14 30 21 39 90 77 4 0 0 1 14 1 28 25 17 16 2 0 0 
34 0 0 31 44 0 0 20 132 7 5 38 5 0 0 46 6 3 5 132 62 0 0 0 0 0 0 25 49 1 0 0 28 3 0 40 77 13 4 15 132 28 2 12 11 0 0 18 37 9 1 113 132 0 0 0 0 0 0 47 130 1 0 0 42 14 0 0 16 22 34 27 132 75 0 1 5 0 0 12 33 3 0 84 132 0 0 7 0 0 0 114 132 0 0 0 60 4 0 0 0 0 3 24 132 10 0 0 0 0 0 87 17 0 0 29 36 0 2 41 0 0 0 88 82 0 0 0 
116 0 0 0 0 0 0 32 130 0 0 7 9 0 0 25 2 0 0 49 107 10 0 0 0 0 0 15 105 13 0 0 130 3 0 0 0 0 0 17 130 1 0 0 17 7 0 17 7 1 0 4 130 130 0 0 0 7 18 22 69 53 0 0 130 19 0 0 0 0 0 7 130 6 0 0 45 27 8 29 20 3 0 0 130 130 3 3 56 31 23 18 19 10 0 4 56 4 0 0 0 0 0 44 80 0 0 0 37 11 6 92 22 0 0 6 130 25 2 8 89 6 0 4 9 0 0 9 
4 2 8 0 17 51 51 22 8 1 5 30 128 57 27 24 37 21 1 4 14 12 70 80 19 6 16 13 0 4 13 66 90 1 0 2 60 64 42 60 51 0 0 58 128 28 17 38 24 1 0 32 88 25 85 67 128 9 1 6 4 6 18 112 56 84 25 17 74 4 4 14 30 31 83 108 69 18 12 13 27 15 120 128 37 4 2 2 128 49 41 17 1 0 0 11 16 31 13 8 6 2 1 14 18 13 18 17 2 8 3 12 6 6 61 79 10 10 3 3 30 40 45 15 0 1 2 6 
1 1 4 7 20 36 40 15 12 9 4 2 6 5 60 61 5 6 7 14 20 17 23 10 12 1 1 12 18 35 17 10 0 0 0 24 127 46 58 18 30 3 1 2 22 14 127 127 68 19 11 19 32 37 91 91 83 3 5 23 60 66 22 20 5 4 20 105 127 7 2 6 71 31 87 63 27 2 1 42 127 25 16 41 43 0 0 89 56 67 53 73 79 0 0 5 3 4 17 71 14 8 18 10 7 11 76 85 39 19 2 3 127 49 36 20 9 4 4 37 35 38 45 17 1 3 10 4 
2 0 0 40 133 0 0 1 7 3 1 22 50 5 1 1 133 3 0 0 3 2 0 25 85 2 0 13 36 0 0 9 16 0 0 41 133 31 0 12 6 4 2 73 112 5 0 0 133 11 2 1 4 2 0 54 133 1 7 14 25 0 0 33 23 25 18 44 45 26 0 7 1 13 24 133 115 0 0 0 133 14 31 20 3 0 0 36 133 0 0 3 10 0 0 37 16 16 19 18 16 1 0 0 5 14 46 110 74 0 0 0 80 15 39 71 26 0 0 9 133 3 0 0 2 0 0 17 
8 3 2 19 71 9 1 3 43 10 14 16 41 16 15 21 134 7 0 4 9 6 2 57 22 3 0 3 14 1 0 8 1 0 1 20 99 134 23 4 15 3 15 8 26 85 134 57 134 29 3 0 2 14 42 134 72 13 1 8 19 3 0 14 0 0 38 134 74 19 1 0 16 40 134 102 17 8 20 7 134 125 85 6 0 0 3 30 70 17 7 9 8 0 0 12 0 0 3 34 37 1 0 0 25 14 17 41 52 5 0 17 84 43 14 2 0 0 0 26 37 3 0 1 3 0 0 25 
2 0 0 0 6 51 46 30 3 0 0 3 9 121 121 17 121 0 0 0 1 29 33 118 22 0 0 8 3 8 9 6 44 26 25 55 31 47 28 86 24 38 91 121 20 55 77 8 121 109 15 6 4 10 12 48 40 9 2 16 16 41 38 14 43 121 55 21 1 2 3 9 13 36 107 121 55 2 3 5 121 80 44 35 20 0 0 32 32 37 45 40 10 3 1 2 6 24 5 0 1 30 32 17 36 12 31 53 21 11 17 44 35 41 88 23 3 0 0 3 17 14 8 0 0 0 0 1 
3 1 0 0 0 0 0 0 64 10 2 0 0 0 0 24 131 89 14 0 0 0 0 42 101 32 0 0 0 0 0 6 1 3 9 2 0 0 0 0 43 5 11 3 0 0 0 41 131 37 1 0 0 0 0 131 104 8 0 0 0 0 14 74 9 18 45 22 0 0 0 0 18 52 131 21 0 0 0 2 131 78 131 21 0 0 0 128 115 31 3 0 0 0 9 131 21 32 18 4 0 0 0 1 34 131 43 3 0 0 0 1 23 83 123 16 0 0 4 4 27 33 13 1 0 0 4 8 
15 0 0 2 108 36 0 14 80 2 0 0 78 16 0 9 132 3 0 0 0 0 0 66 55 0 0 0 0 0 0 21 63 8 0 40 132 5 0 3 84 12 10 40 84 3 0 9 132 12 2 0 0 0 0 90 114 0 0 0 0 0 0 34 57 21 0 69 109 0 0 1 20 65 41 55 70 0 0 1 132 39 43 21 0 0 0 93 132 0 0 0 0 0 0 74 31 2 0 41 44 7 3 4 39 57 21 54 35 2 0 0 69 35 32 64 6 0 0 4 124 7 3 2 0 0 0 16 
100 117 5 0 0 0 4 7 39 28 3 0 0 0 3 10 1 9 14 19 5 32 3 0 0 2 10 24 77 58 4 0 66 53 7 1 0 30 61 41 122 52 11 8 6 0 15 41 1 13 16 43 122 85 8 0 3 89 25 13 35 78 16 0 122 7 0 0 0 50 28 29 122 43 4 12 6 0 1 48 10 12 86 122 80 1 0 5 2 104 122 27 26 4 0 0 78 0 0 0 0 2 8 82 122 0 0 0 0 0 0 122 34 5 26 9 0 28 26 42 0 3 23 3 16 39 42 0 
51 0 0 16 70 1 0 24 110 14 0 31 100 2 1 4 119 80 2 0 0 0 17 25 22 23 16 4 0 0 19 15 51 2 3 19 43 31 33 44 70 17 10 34 73 53 45 48 119 25 4 0 0 0 60 119 92 15 0 0 0 0 14 60 25 23 11 20 21 39 39 32 15 105 119 38 9 14 19 16 89 119 119 0 0 0 12 51 64 67 12 0 5 7 8 29 92 28 1 0 7 8 5 44 64 62 51 0 3 33 28 46 14 43 44 0 3 21 40 119 5 10 6 1 20 23 8 21 
2 0 0 39 131 7 2 2 11 1 0 7 43 28 16 8 131 0 0 0 2 3 2 131 69 0 0 1 3 0 0 45 1 2 14 71 131 2 1 1 3 4 28 42 88 3 0 0 131 71 19 1 1 0 0 26 131 16 0 0 2 0 0 18 10 3 32 131 104 1 0 0 1 26 131 108 19 2 1 0 59 131 131 8 5 6 3 2 97 25 2 1 2 0 0 8 2 0 9 36 34 1 0 0 1 4 48 43 30 28 5 1 23 1 11 9 22 21 19 17 59 1 0 0 1 0 0 8 
0 0 0 3 55 4 0 0 19 17 15 13 33 3 10 6 34 39 9 3 2 5 39 31 32 3 0 0 1 0 12 35 3 0 0 2 95 35 2 0 7 4 3 3 59 130 130 12 21 2 2 1 1 18 130 118 113 3 0 0 7 1 26 130 2 1 0 12 130 24 0 0 1 0 0 11 130 71 20 1 100 5 0 0 1 2 31 42 130 7 2 0 2 4 17 62 1 0 0 47 92 0 0 0 3 6 4 105 130 0 0 0 62 28 20 6 5 1 0 8 130 14 4 1 1 0 0 20 
0 0 0 0 67 57 0 0 0 0 0 0 69 105 76 4 116 5 0 0 9 34 35 36 91 7 15 9 0 1 0 14 0 0 0 0 124 124 0 0 2 0 0 1 93 124 17 8 124 14 0 0 0 5 14 70 124 15 0 0 17 4 1 24 1 0 0 0 124 79 0 0 15 14 35 31 50 33 0 0 124 14 21 28 1 0 0 48 124 5 0 1 15 1 3 53 5 0 0 0 124 32 0 0 75 14 14 18 23 9 3 17 97 24 17 38 11 9 3 6 102 12 0 0 2 3 5 11 
7 4 4 51 54 1 2 8 11 7 7 48 36 7 32 24 102 1 0 18 26 4 4 57 115 0 0 0 0 0 0 66 2 2 1 129 126 1 3 4 0 0 0 77 62 13 66 22 129 5 0 2 9 8 19 21 129 5 0 0 0 0 0 30 12 2 0 129 46 0 0 14 0 2 5 129 115 0 0 0 123 39 25 21 5 0 0 3 129 16 2 0 0 0 0 12 16 5 1 15 15 0 4 7 2 3 2 129 107 1 7 0 59 66 37 42 13 0 0 2 80 37 27 0 0 0 0 12 
14 11 1 0 66 26 2 6 39 30 62 60 20 7 2 7 2 6 25 93 55 7 0 0 27 99 2 3 2 0 0 0 23 0 0 16 121 13 11 16 61 4 5 9 19 77 121 48 44 8 2 14 61 108 58 8 121 86 0 0 2 0 1 11 0 0 6 95 121 8 5 1 0 0 34 48 20 24 51 2 59 1 5 16 0 9 17 21 121 3 0 0 0 0 1 121 0 0 42 121 46 0 0 0 0 0 121 121 8 0 0 0 6 13 88 82 8 0 0 5 53 40 32 0 0 0 0 34 
0 0 0 47 121 20 3 0 10 0 0 10 48 17 51 25 52 0 0 0 0 0 49 121 26 0 0 0 0 0 50 121 0 0 0 25 121 103 0 0 3 3 33 11 85 24 0 5 19 6 38 3 0 0 20 66 121 10 1 0 0 0 13 85 17 6 1 0 62 121 24 2 71 101 121 12 18 10 3 11 16 29 121 80 52 17 2 2 121 60 8 9 6 1 0 3 17 0 0 0 3 15 9 17 71 11 1 0 4 7 28 115 16 19 6 9 66 37 32 21 88 66 2 1 6 1 0 0 
2 0 0 0 8 58 34 20 0 0 0 0 7 115 115 0 100 0 0 0 2 68 47 86 77 0 0 0 0 7 2 31 28 6 12 37 58 49 11 98 5 17 79 99 46 68 65 2 115 115 24 6 0 13 20 31 114 21 0 8 20 26 8 19 76 115 42 18 2 0 0 25 12 35 115 115 25 0 0 0 96 89 53 62 20 0 0 31 71 32 13 24 10 1 0 11 3 66 14 0 2 8 7 3 7 8 7 60 38 5 17 28 31 26 63 59 22 0 0 11 53 26 13 0 0 0 0 4 
64 1 1 11 26 5 0 37 59 11 1 27 116 6 0 6 120 93 4 0 0 0 2 16 19 40 19 3 0 0 2 14 32 1 1 46 39 24 19 32 50 8 17 21 61 64 38 46 120 33 10 1 0 0 36 120 90 12 4 0 0 0 9 63 41 11 0 14 78 69 22 19 71 96 120 19 14 8 18 31 84 120 120 0 2 0 16 60 67 39 14 0 5 19 15 26 49 24 8 33 43 9 0 11 115 36 14 0 0 39 51 39 32 24 23 0 2 25 75 120 12 4 4 1 26 28 13 26 
15 49 58 35 34 18 0 0 16 57 35 56 61 9 0 6 37 99 44 20 13 6 5 14 0 1 14 54 59 7 1 0 54 35 22 13 36 55 32 27 15 121 107 25 39 22 2 2 2 121 85 70 103 11 0 0 0 1 58 121 88 0 0 0 92 20 3 0 0 2 66 53 121 113 12 2 3 33 27 77 16 26 10 16 50 121 34 16 23 13 64 64 9 3 4 8 41 22 0 0 0 0 12 27 96 3 0 0 3 32 28 85 38 22 4 0 8 85 22 17 42 6 3 0 1 8 24 20 
17 0 3 2 4 5 52 45 63 56 54 41 6 2 5 20 2 60 126 73 0 0 0 0 2 82 94 0 0 0 0 0 48 38 77 65 6 0 2 16 126 75 30 27 2 0 0 25 48 45 82 105 59 8 2 7 10 35 17 3 14 11 23 48 37 43 31 69 55 14 14 33 126 63 14 13 11 13 37 102 42 2 0 28 116 40 72 76 10 3 0 16 67 19 25 41 3 1 0 0 3 18 53 72 15 1 0 0 1 56 71 77 6 0 0 1 7 15 110 110 28 6 0 1 25 28 31 20 
11 0 0 0 0 7 14 13 48 1 0 0 0 23 45 63 126 6 0 0 0 5 10 126 30 0 0 0 0 6 21 44 1 2 5 3 0 0 0 1 58 5 4 0 1 2 10 14 126 26 6 1 0 1 24 119 68 16 4 1 0 2 74 67 0 7 113 35 0 0 0 0 35 26 84 34 1 0 0 1 126 126 62 15 0 0 3 14 46 70 91 24 30 24 16 11 0 5 126 87 0 0 0 0 6 27 126 87 0 0 0 0 126 106 75 12 2 1 13 9 16 13 13 27 68 16 18 5 
0 0 0 60 92 2 0 0 6 3 1 19 27 9 2 0 127 6 0 0 2 1 0 47 127 0 0 2 3 0 0 45 4 11 2 95 94 23 0 0 0 19 12 92 71 1 0 0 127 21 22 7 0 0 0 42 127 0 0 1 3 0 0 68 24 53 22 78 51 4 0 0 0 55 35 127 98 0 0 0 81 43 50 76 23 0 0 17 127 1 1 3 2 0 0 58 40 10 7 27 22 0 1 2 3 52 48 103 50 0 0 0 23 38 24 118 59 0 0 0 127 19 4 11 4 0 0 7 
0 1 0 0 101 49 0 0 81 0 0 0 82 77 8 30 100 0 0 0 0 25 74 52 62 0 0 0 7 12 16 19 1 2 0 0 126 65 0 0 37 0 0 0 124 54 32 41 126 0 0 0 0 38 80 62 126 1 0 0 9 39 22 31 2 0 0 0 126 71 0 0 2 0 0 0 103 44 26 9 126 1 0 0 0 6 18 39 84 37 1 0 2 45 15 35 0 0 0 0 126 59 0 0 5 13 1 0 48 27 1 0 126 7 1 0 0 0 1 12 86 64 1 0 0 1 0 7 
1 2 0 0 2 40 39 14 3 3 2 2 0 97 118 21 28 2 1 0 0 11 99 117 4 1 4 4 3 22 25 21 0 0 0 0 19 118 68 6 29 2 0 3 52 118 80 40 118 42 0 0 2 13 26 118 48 19 8 9 12 7 17 38 3 2 11 10 17 73 89 29 54 48 15 15 51 33 46 33 118 79 6 4 2 2 1 107 49 6 1 16 28 30 36 52 2 9 118 80 4 5 11 4 40 102 118 20 0 1 7 8 37 74 57 3 0 0 0 7 32 12 9 16 9 0 1 26 
1 3 5 6 114 94 1 1 73 58 5 5 30 34 8 34 85 19 1 0 0 0 11 114 42 12 1 0 0 0 4 43 0 5 31 88 114 31 0 0 25 46 52 71 27 19 41 38 92 33 29 3 0 4 46 114 114 30 5 1 2 1 0 72 0 14 50 49 50 9 0 0 0 100 114 110 8 4 1 3 36 114 114 68 3 0 2 16 114 97 34 3 3 1 0 14 11 19 27 6 6 30 25 8 57 41 44 14 2 7 24 20 11 35 60 19 11 12 8 7 28 31 12 1 0 1 1 9 
7 7 33 81 11 0 0 5 11 28 64 116 36 0 0 0 25 110 50 7 11 8 0 5 0 11 10 4 28 61 0 1 51 3 7 44 4 0 4 118 8 31 117 118 12 11 10 10 8 57 70 43 88 37 28 0 0 1 17 57 92 41 1 0 118 9 0 1 0 0 2 118 49 3 12 48 71 88 41 17 1 12 21 33 35 88 118 22 0 0 7 42 59 96 13 3 118 50 0 0 0 0 0 3 40 15 2 53 96 0 0 0 7 12 26 44 46 8 0 2 1 1 10 45 50 40 0 0 
57 72 16 0 0 0 0 26 31 28 11 9 4 6 27 52 117 25 0 0 3 6 9 21 25 11 0 0 36 71 0 2 63 93 20 2 0 0 4 27 42 57 117 57 2 1 13 16 109 77 88 11 21 10 6 27 12 3 0 8 117 117 0 5 74 82 17 0 3 5 13 25 56 26 23 0 8 37 117 57 40 9 26 14 32 5 50 107 4 0 1 117 117 24 0 4 2 15 5 5 10 28 54 4 26 1 0 1 13 68 80 37 108 0 0 1 3 3 19 117 6 0 0 41 64 13 7 21 
85 24 0 0 0 17 39 46 50 2 0 0 0 54 122 122 15 0 0 0 1 122 122 61 72 7 0 0 1 22 39 64 36 8 0 0 0 31 72 20 30 0 0 0 0 115 122 57 122 67 0 0 0 88 73 30 122 103 0 0 3 4 2 34 0 0 0 0 0 3 14 3 12 8 0 0 0 11 17 2 122 87 0 0 0 0 1 28 122 24 0 0 1 7 1 76 0 0 0 0 0 0 1 0 20 15 0 0 0 0 1 4 94 32 0 0 0 0 4 41 84 1 0 0 0 0 0 53 
0 0 0 2 1 18 123 31 6 0 0 0 0 63 123 19 52 0 0 1 8 10 123 115 19 0 0 47 96 6 5 22 0 0 11 32 12 6 42 7 14 0 12 7 0 14 47 9 123 16 0 0 0 0 7 57 117 16 6 97 55 0 0 12 38 19 65 37 1 0 0 16 18 21 123 123 0 0 0 3 123 123 64 21 0 0 0 2 111 44 1 43 36 0 0 6 68 3 2 0 0 0 0 46 62 15 72 42 0 0 0 66 14 68 94 13 0 0 0 9 27 26 5 5 2 0 0 4 
90 17 0 0 0 2 33 46 108 7 0 0 0 63 104 61 5 0 0 0 1 94 124 41 33 0 0 0 1 11 34 48 95 20 0 0 0 25 49 36 22 2 0 0 0 124 124 20 92 0 0 0 0 49 116 98 124 0 0 0 0 0 5 84 5 0 0 0 0 20 38 13 4 0 0 0 0 35 22 3 107 10 0 0 0 0 1 45 124 53 0 0 0 0 0 73 0 0 0 0 0 2 4 0 6 2 0 0 0 1 1 1 85 108 0 0 0 0 0 6 100 124 0 0 0 0 0 4 
0 0 0 3 0 0 0 0 12 4 0 0 0 0 0 2 37 19 32 4 0 0 0 3 80 22 33 24 0 0 0 9 0 2 29 57 0 0 0 0 17 3 10 11 0 0 0 5 130 30 58 8 0 0 0 65 107 122 113 15 0 0 0 15 0 17 130 93 0 0 0 0 1 5 111 130 1 0 0 0 130 49 75 11 0 0 0 62 130 76 34 0 0 0 1 59 2 13 72 7 0 0 0 4 1 7 106 130 0 0 2 4 29 58 130 42 0 0 0 2 85 36 26 0 0 0 2 32 
44 21 0 0 0 20 83 39 64 1 0 0 0 48 117 120 14 0 0 0 4 120 120 51 47 0 0 0 1 16 39 57 48 2 0 0 0 21 64 26 49 2 0 0 0 120 120 37 85 20 0 0 0 82 95 67 120 68 0 0 1 1 4 76 3 0 0 0 0 5 17 6 6 2 0 0 0 16 21 3 120 120 0 0 0 0 0 12 120 101 0 0 2 3 0 30 0 0 0 0 0 0 1 0 17 16 0 0 0 0 0 0 120 45 0 0 0 0 1 29 83 1 0 0 0 0 0 50 
5 0 9 20 0 0 25 82 19 7 120 79 0 0 2 31 1 14 120 101 0 0 0 0 0 33 120 16 0 0 0 0 28 6 16 48 10 0 15 104 120 31 22 11 0 0 1 120 46 31 114 98 1 0 4 4 0 77 108 12 3 2 0 0 10 78 35 94 74 0 0 2 120 120 12 0 9 19 4 10 79 19 10 3 11 40 39 41 26 14 9 5 34 9 0 7 5 65 25 24 27 2 5 2 14 88 4 1 33 39 38 6 96 7 0 1 39 36 7 34 44 0 0 5 15 0 0 13 
63 2 3 0 0 0 4 89 12 7 27 1 1 4 10 51 0 11 9 0 8 62 39 1 0 2 4 5 10 75 29 0 120 13 0 0 0 0 4 116 116 18 0 6 6 17 31 54 2 5 47 42 29 54 89 11 0 15 78 33 20 17 29 10 120 12 0 0 0 3 3 39 68 10 0 0 13 120 90 18 4 5 4 2 3 97 120 86 12 16 7 6 10 4 87 118 101 23 0 0 7 7 1 12 13 4 0 0 88 120 4 7 59 93 3 0 12 35 16 21 26 116 25 0 0 0 5 23 
3 8 3 21 112 4 0 2 33 108 31 9 14 2 32 19 20 31 67 3 1 2 57 26 7 3 3 4 14 12 8 7 3 0 0 9 122 122 10 4 18 6 4 2 18 122 122 41 110 2 3 0 0 21 122 122 51 1 2 12 18 4 7 40 1 0 0 0 120 122 8 0 30 41 25 9 13 74 25 3 122 25 27 17 1 3 5 68 122 9 6 4 4 1 0 26 2 13 14 2 57 52 0 0 61 64 25 12 3 8 4 1 96 55 19 25 0 4 6 15 75 16 0 0 0 0 9 16 
7 9 12 51 19 5 6 3 6 4 1 35 79 29 17 5 127 3 0 9 17 7 0 45 127 9 0 0 0 0 0 43 0 1 7 127 92 9 9 2 2 6 4 105 57 33 39 10 121 123 8 9 15 10 4 10 127 40 3 1 0 0 1 92 3 1 2 126 22 4 10 2 2 44 100 127 20 3 1 0 19 127 112 30 18 8 1 1 20 16 19 23 47 17 7 87 15 1 1 5 0 1 16 17 12 20 61 27 4 6 5 13 0 35 40 20 35 75 11 0 0 0 0 5 71 56 6 9 
0 0 0 0 52 67 46 42 23 4 12 12 71 33 2 5 54 6 33 64 0 0 0 11 129 3 3 4 0 0 0 46 1 0 2 5 5 26 49 41 60 5 1 1 7 25 13 37 129 23 74 74 0 0 0 65 129 29 87 50 0 0 0 53 14 13 19 43 7 0 2 1 61 48 12 16 5 0 2 5 129 61 50 8 0 0 0 63 129 36 95 66 0 0 0 41 34 8 8 47 19 0 0 11 115 61 8 38 18 0 0 0 129 68 74 52 5 0 0 29 106 4 13 18 3 0 0 82 
68 0 0 0 3 7 9 84 3 0 1 15 116 119 7 11 0 10 55 23 89 101 2 0 0 44 86 2 4 6 1 0 126 51 3 0 2 1 5 91 30 38 123 73 60 11 3 14 0 79 126 48 31 7 0 0 0 66 126 19 43 22 6 2 126 20 0 2 3 0 0 55 82 16 29 7 13 24 2 26 0 2 30 9 18 83 30 2 0 0 2 9 62 72 17 0 126 23 0 0 1 0 0 38 91 16 12 13 12 11 1 22 0 2 66 46 16 31 7 0 0 0 12 52 23 15 3 0 
84 2 5 7 1 0 0 39 127 18 44 20 6 2 0 66 2 7 63 72 17 0 0 0 11 52 24 17 4 0 0 0 52 24 89 109 1 0 0 8 127 51 32 7 0 0 0 74 31 9 17 82 32 2 0 2 65 48 16 31 9 0 0 2 1 14 111 120 7 12 4 0 121 74 59 12 3 14 30 39 28 7 13 25 2 24 82 15 12 14 12 11 1 19 88 16 0 0 2 7 8 83 73 0 3 0 1 1 4 86 127 53 0 2 3 0 0 51 127 20 0 0 1 0 0 36 127 27 
3 50 125 16 0 0 0 0 29 125 77 4 2 0 0 0 2 48 74 54 58 25 5 0 1 3 24 25 18 33 19 2 81 36 87 11 0 3 6 40 24 107 47 7 31 3 4 6 1 9 4 44 125 70 14 0 0 0 26 38 60 90 33 0 125 33 0 2 28 35 27 44 112 4 1 10 21 11 24 69 5 0 43 125 99 1 0 1 0 14 125 83 9 1 0 0 45 23 1 6 84 20 5 11 105 1 2 2 17 6 21 115 5 0 9 18 6 6 46 26 17 13 30 8 1 2 6 5 
17 14 20 49 21 1 2 2 50 47 60 78 20 0 0 1 125 66 4 0 0 0 1 33 16 6 1 6 9 11 13 12 60 56 63 31 4 0 1 35 8 66 125 57 11 0 1 6 48 125 74 0 0 4 6 0 6 13 4 9 56 34 8 0 60 3 6 0 0 0 42 125 37 8 37 2 3 6 34 111 1 11 19 17 18 93 89 5 0 4 30 9 19 121 99 0 125 5 0 0 0 0 5 80 114 8 0 1 4 38 52 48 2 0 18 34 19 63 125 18 0 9 70 13 2 5 62 27 
0 0 2 53 60 10 0 0 9 3 20 57 55 19 6 27 45 5 10 10 6 3 8 109 27 3 0 0 0 3 23 53 0 1 4 107 109 11 0 0 9 0 5 89 89 67 17 15 59 16 4 6 16 48 26 109 95 30 0 0 0 1 2 55 0 0 0 35 57 101 28 0 4 4 9 74 109 109 15 3 62 108 56 12 26 14 5 43 108 98 17 0 0 0 0 37 0 0 0 24 106 48 12 0 62 19 4 4 61 76 13 6 109 107 75 0 0 0 2 4 18 45 27 3 1 0 2 0 
0 1 1 0 14 47 25 4 0 0 2 2 95 109 105 1 35 58 16 4 81 39 12 2 109 53 13 0 0 0 0 12 0 0 0 40 109 83 23 0 23 13 5 49 61 105 63 11 109 109 23 1 6 4 13 47 55 109 42 0 0 0 0 19 0 1 5 45 91 33 3 0 15 46 31 103 59 20 2 12 109 60 23 12 10 1 2 79 109 16 2 0 0 0 3 75 0 2 13 73 33 1 0 0 9 3 5 108 59 3 14 23 73 27 5 16 8 1 14 52 65 11 0 0 0 0 3 48 
0 0 0 0 11 126 22 1 0 0 0 0 6 97 126 77 39 0 0 0 1 66 90 91 52 2 4 28 32 8 6 52 0 0 1 1 58 126 12 0 2 0 9 13 6 66 51 31 126 17 0 1 0 3 39 80 126 26 14 45 2 0 0 18 25 8 2 1 70 58 1 5 46 26 56 105 6 2 2 12 126 23 12 70 6 0 0 59 126 25 0 1 3 2 0 56 16 0 0 0 21 13 0 20 40 4 3 23 8 6 31 89 87 42 12 35 12 8 16 11 126 30 0 0 1 0 0 22 
58 7 1 0 0 0 7 35 53 18 4 29 95 53 9 24 31 56 45 5 30 12 8 38 111 28 13 0 0 0 6 52 27 83 76 4 0 0 3 12 77 31 31 39 88 58 9 29 111 111 78 17 14 15 19 65 44 48 33 12 1 55 45 45 11 82 70 7 7 33 49 6 21 3 31 48 111 90 12 18 84 16 5 3 23 9 80 111 11 16 17 30 9 65 66 22 2 22 6 0 2 32 71 3 0 30 89 42 24 42 15 0 59 111 67 17 3 0 0 9 28 62 49 59 2 0 0 0 
17 0 0 0 1 27 28 21 39 0 0 0 0 18 86 106 72 3 0 0 0 2 40 127 20 0 0 0 0 1 10 57 4 3 5 2 0 1 8 6 54 6 4 0 0 8 27 21 127 26 6 1 0 0 15 110 45 8 4 1 0 7 81 79 0 11 121 39 0 0 0 0 46 38 94 46 0 0 0 2 127 127 79 14 0 0 5 18 25 57 124 27 17 9 24 12 0 2 127 73 1 0 1 0 6 36 127 52 6 1 1 2 95 99 64 11 11 7 33 19 5 9 20 14 36 14 35 10 
0 0 0 5 29 46 9 0 18 1 0 13 92 52 33 25 113 21 27 7 8 4 30 80 4 8 13 14 68 15 20 9 0 0 0 0 44 128 53 0 10 1 0 1 28 128 128 19 56 8 0 0 2 20 128 124 96 19 16 7 20 11 91 92 0 0 0 26 120 128 22 0 1 0 0 16 31 37 61 1 88 20 0 0 0 5 33 33 128 27 0 0 1 1 1 52 0 0 4 38 17 49 17 0 1 0 0 7 17 13 5 2 76 7 0 0 0 0 0 17 128 33 0 0 0 0 0 13 
67 16 19 2 1 0 4 100 77 5 6 104 60 0 3 77 15 10 36 128 30 4 8 53 93 43 12 3 0 0 1 39 87 33 35 24 28 2 1 28 128 35 10 23 2 0 1 56 45 28 128 128 0 0 0 4 44 128 86 19 0 0 0 0 60 27 22 61 46 2 2 36 128 32 10 18 4 0 0 73 90 16 16 5 0 0 0 17 16 30 16 2 0 9 13 10 10 37 35 40 7 2 0 0 110 24 11 23 12 3 27 45 28 2 0 0 0 10 106 36 1 0 0 0 0 40 84 7 
23 26 3 0 0 0 0 5 5 46 68 1 0 0 0 2 10 83 62 1 0 0 0 0 2 30 39 11 2 0 0 0 121 90 4 0 0 0 0 9 43 126 126 5 2 1 0 0 0 87 126 35 9 3 0 0 0 30 54 25 62 8 0 0 126 16 0 0 0 0 0 82 126 87 9 2 11 16 25 44 1 28 23 10 30 84 6 3 0 1 3 3 75 72 3 0 59 0 0 0 0 0 34 118 47 1 0 0 0 4 126 126 13 0 0 0 7 97 99 61 10 0 0 0 20 37 7 5 
25 1 0 0 0 0 1 35 116 38 10 1 0 0 0 14 28 15 51 69 4 0 0 0 0 0 18 80 7 0 1 0 73 27 0 0 0 0 2 14 128 98 16 2 0 0 0 10 50 23 23 65 19 0 0 12 0 0 1 73 67 6 10 3 70 12 0 0 0 0 5 75 128 17 4 3 0 0 29 128 19 3 7 35 26 43 79 90 0 0 0 22 91 128 53 4 3 0 0 0 0 1 24 66 3 0 0 0 0 1 128 128 0 0 0 0 7 84 128 63 0 0 0 0 12 128 63 0 
28 12 3 0 3 6 32 58 51 10 2 0 0 6 47 98 61 8 0 0 0 5 43 113 21 4 2 3 6 0 5 68 89 36 20 22 28 12 8 38 41 18 12 2 19 54 113 47 86 49 6 0 0 16 67 113 113 26 3 2 2 0 3 113 5 28 75 98 27 5 4 2 32 113 113 20 15 17 14 6 85 113 111 36 0 0 4 6 95 94 9 3 0 0 3 18 5 6 22 50 17 0 0 0 41 103 64 14 0 2 2 1 65 60 30 33 0 1 4 9 16 19 14 16 16 1 4 7 
0 0 0 0 31 14 57 114 0 0 0 9 111 59 114 114 2 1 7 33 114 36 27 23 39 2 10 12 0 0 12 80 2 4 5 20 42 18 24 18 7 14 23 29 8 20 101 73 39 24 15 20 16 29 41 31 101 41 81 50 0 0 0 36 15 4 10 28 13 7 2 9 45 18 26 84 15 4 3 77 72 114 52 70 6 0 1 14 114 84 107 37 0 0 0 45 8 1 0 2 25 9 1 9 80 11 1 5 18 8 3 50 114 114 18 9 0 0 0 13 43 58 20 63 6 0 0 9 
70 4 4 10 9 2 1 32 4 2 21 86 79 8 9 8 109 26 23 18 7 0 5 67 121 10 7 4 0 0 0 47 121 67 8 6 0 0 0 2 74 44 121 121 9 0 0 0 29 90 121 93 0 0 0 2 104 53 35 8 1 0 3 34 121 101 0 0 0 0 0 33 103 66 18 13 2 0 0 3 3 7 87 46 21 13 33 3 3 4 28 31 32 22 55 12 121 5 0 0 0 0 0 78 48 12 0 1 2 2 29 62 0 0 0 27 52 17 49 8 0 0 0 28 47 24 50 1 
5 0 0 0 9 22 39 22 2 0 3 18 119 34 15 16 58 16 33 31 58 31 6 11 119 39 2 0 0 0 8 61 9 1 0 62 56 23 22 48 11 3 4 44 115 45 29 69 43 15 35 54 60 84 8 32 96 24 9 0 0 1 27 119 7 7 3 94 106 2 1 5 73 81 37 78 48 1 7 45 18 79 119 116 15 0 1 7 31 75 107 66 14 0 1 6 2 2 1 26 73 5 0 0 65 42 7 15 31 3 4 41 86 44 30 16 6 1 5 50 5 18 28 63 19 2 0 5 
26 2 0 1 2 22 41 59 14 1 3 37 74 43 46 26 18 5 6 34 72 51 12 8 72 13 0 0 6 4 2 18 14 0 2 14 38 71 92 53 21 1 0 5 14 57 118 118 48 4 5 36 69 86 46 76 118 6 0 4 9 9 5 63 0 3 19 118 118 23 4 1 72 94 16 21 45 13 28 43 107 46 25 75 15 6 4 33 73 20 9 39 11 1 0 63 0 2 4 32 118 68 2 3 85 40 8 4 31 15 28 32 118 49 15 32 5 0 1 6 11 27 37 24 6 0 0 0 
47 20 22 17 2 2 2 15 45 20 97 109 24 1 0 11 8 17 63 115 103 1 1 1 30 61 20 5 8 4 5 7 73 23 11 7 8 9 1 28 93 15 0 9 40 21 13 25 4 25 70 104 114 17 10 8 8 73 63 10 19 59 37 9 68 36 3 1 0 1 2 22 29 9 0 0 16 115 41 24 29 1 13 5 63 68 59 115 7 1 5 5 115 81 29 16 22 16 0 0 13 5 1 0 11 2 0 0 115 115 12 8 115 8 0 6 45 44 17 68 18 0 0 19 115 13 1 8 
87 1 1 39 49 0 0 44 90 52 21 87 101 2 0 6 113 63 4 3 6 3 0 7 0 0 0 11 60 15 0 0 113 21 11 31 10 0 1 58 65 79 87 113 15 1 5 7 42 90 26 24 39 8 0 0 2 0 1 46 62 22 7 2 78 88 50 8 5 47 25 5 71 19 9 11 2 53 84 107 45 21 7 48 58 6 2 41 11 3 11 52 70 15 16 6 1 3 7 9 57 75 13 1 51 4 4 3 13 47 41 113 34 0 0 8 12 16 113 113 0 0 3 20 52 21 50 21 
8 1 5 26 51 19 1 5 14 6 27 34 34 28 5 20 83 15 1 4 14 6 10 71 47 19 0 0 0 0 2 20 6 0 5 113 100 4 1 6 9 1 3 46 102 80 12 20 74 31 1 4 24 21 41 113 113 40 1 1 2 0 8 81 0 0 4 97 78 42 1 0 3 7 10 92 113 56 1 0 113 108 46 12 19 1 0 8 113 89 6 1 1 0 0 8 0 0 0 1 63 80 10 0 31 9 1 2 102 84 7 14 113 113 34 0 1 0 2 34 23 49 16 2 0 1 0 2 
0 2 0 11 39 58 8 0 12 4 2 70 116 81 10 1 116 73 2 9 8 2 0 6 63 53 3 0 0 0 0 3 1 0 0 22 116 83 6 1 26 1 0 18 111 109 33 14 116 27 0 1 3 4 18 116 57 14 0 0 0 0 15 116 1 0 10 79 112 45 0 2 22 12 60 116 82 30 2 5 116 63 16 22 9 1 5 38 65 8 1 12 9 0 5 116 0 1 5 33 40 10 0 0 4 3 23 88 87 7 1 1 32 20 9 32 19 5 27 33 33 11 0 9 6 1 19 22 
63 3 2 11 13 0 0 15 28 15 15 67 49 0 0 1 126 61 6 3 0 0 0 8 55 10 0 0 1 1 0 2 126 27 10 6 0 0 0 8 28 73 126 61 5 2 17 3 39 126 75 3 0 3 39 10 14 24 1 2 9 2 5 6 126 6 0 0 0 2 7 46 35 17 15 0 18 115 126 34 14 7 6 0 2 35 126 126 11 0 0 0 0 0 9 111 86 29 0 0 6 4 2 9 12 4 0 0 99 79 9 5 12 0 0 0 16 27 25 126 29 0 0 0 0 0 2 126 
0 0 0 0 0 16 22 0 14 0 0 0 0 5 18 17 130 0 0 0 0 0 1 89 122 2 2 2 0 0 0 44 0 0 46 20 0 0 0 0 13 3 22 8 0 0 0 4 130 19 1 0 0 0 0 26 130 29 0 2 0 0 0 10 22 17 130 68 0 0 0 23 5 10 130 130 0 0 0 0 119 130 111 23 0 0 0 0 130 75 6 0 0 0 0 22 78 4 13 4 0 0 0 70 30 10 109 55 0 0 1 31 3 79 129 15 0 0 0 2 8 31 21 3 0 0 0 1 
14 0 0 6 67 30 10 8 34 1 0 6 40 38 57 30 102 0 0 1 13 17 6 93 39 3 0 0 1 0 0 22 0 0 7 43 88 132 36 3 9 6 42 15 8 56 132 45 132 50 8 0 0 11 39 130 104 28 0 1 6 2 0 11 0 0 59 132 53 5 0 0 16 45 132 89 13 2 6 5 132 121 90 20 1 0 0 21 86 20 5 5 2 0 0 19 2 0 3 29 48 0 0 0 43 11 12 32 49 0 1 19 60 53 13 7 1 0 0 11 49 8 0 1 1 0 0 17 
93 29 0 3 1 4 14 46 15 11 0 17 114 77 29 16 39 17 2 1 38 23 26 105 40 11 0 0 0 0 14 114 21 1 26 44 7 8 68 81 1 1 39 12 15 114 113 19 45 17 9 3 7 33 25 40 114 29 0 0 0 0 7 67 36 26 28 40 26 14 39 8 32 50 114 101 17 2 4 0 55 61 39 78 31 0 0 10 114 114 0 0 0 0 0 24 92 7 0 0 0 0 12 32 75 18 5 22 65 11 4 34 33 1 0 22 114 14 1 26 101 7 0 0 0 0 0 84 
86 16 0 0 0 2 32 47 125 10 0 0 0 36 81 65 6 0 0 0 5 73 125 34 22 0 0 0 2 11 19 27 112 29 0 0 0 19 39 34 36 6 0 0 0 125 125 24 112 0 0 0 0 47 125 122 125 0 0 0 0 0 5 55 10 0 0 0 0 23 41 19 6 0 0 0 0 51 33 6 125 1 0 0 0 1 3 55 125 10 0 0 1 0 0 59 0 0 0 0 0 3 6 0 6 1 0 0 0 2 1 2 103 82 0 0 0 0 0 17 114 92 0 0 0 0 0 10 
2 0 0 38 103 19 0 3 15 2 1 50 69 3 0 0 129 3 0 1 2 0 0 62 59 0 4 14 30 0 0 22 23 26 19 60 51 18 0 7 4 12 17 129 114 0 0 0 129 15 21 15 0 0 0 73 129 1 4 9 16 0 0 42 52 21 24 40 27 0 0 0 9 13 55 129 112 0 0 0 129 14 54 98 25 0 0 34 129 0 0 2 12 0 0 45 26 9 5 16 12 1 1 1 12 4 38 71 29 1 2 3 52 12 27 116 67 0 0 3 122 15 2 7 1 0 0 8 
10 3 0 0 66 22 0 0 82 0 0 0 105 86 4 31 95 0 0 1 1 1 28 67 15 2 3 4 5 13 2 10 17 5 0 2 131 28 0 1 43 0 0 0 131 60 30 44 131 0 0 0 2 6 64 112 58 6 0 0 19 40 4 22 17 3 0 0 131 31 3 7 14 0 0 0 131 50 19 18 131 1 0 0 0 8 26 73 44 13 0 1 22 45 32 36 14 3 0 0 131 36 0 0 17 6 0 0 131 40 1 1 131 19 0 0 0 2 2 22 38 57 5 1 32 9 2 4 
4 0 0 0 3 53 28 9 0 0 0 0 5 117 105 0 45 0 0 0 7 113 44 43 115 0 0 0 0 0 3 43 14 0 1 24 78 65 17 64 0 2 15 53 41 104 97 0 117 58 8 4 0 35 45 29 117 23 0 0 4 7 1 31 90 46 27 42 15 0 4 65 10 15 117 117 11 0 0 0 58 117 90 51 3 0 0 6 96 75 0 5 12 1 0 11 27 104 15 0 0 0 0 0 9 25 33 63 34 2 0 0 24 6 23 54 61 7 1 23 64 6 3 3 2 0 0 30 
51 0 0 0 2 10 18 81 3 1 2 28 114 87 8 9 0 17 71 46 114 57 0 0 0 49 126 8 10 3 0 0 126 82 2 0 0 1 11 79 31 53 118 66 30 10 4 9 0 70 126 55 18 14 1 0 0 66 126 6 28 17 0 0 126 26 0 0 0 0 0 69 73 23 25 7 5 24 5 31 1 2 29 7 13 86 22 0 0 1 4 2 19 69 38 0 126 15 0 0 0 0 0 72 90 17 6 10 7 11 1 38 0 3 66 35 26 44 9 0 0 6 47 24 7 14 12 0 
129 9 12 4 0 0 0 38 129 8 23 16 0 0 0 64 4 2 20 66 40 0 0 1 44 26 7 15 15 0 0 4 66 44 117 69 0 0 0 12 129 60 21 14 1 0 0 58 31 7 12 83 26 0 1 1 67 36 25 45 11 0 0 2 2 25 106 87 10 12 5 1 115 66 30 9 4 10 32 55 25 7 5 25 5 27 74 21 6 12 9 13 0 32 83 19 0 0 1 8 16 88 57 0 3 0 0 0 8 74 129 91 0 0 0 0 0 61 129 25 0 0 0 0 0 64 129 19 
0 0 0 0 0 29 107 35 10 0 0 0 0 33 120 45 94 0 0 0 2 22 38 119 30 0 0 0 2 20 24 37 8 1 0 0 0 27 102 41 95 0 0 0 0 13 64 69 120 4 0 0 12 20 30 110 120 13 0 0 12 17 10 19 10 26 63 9 0 2 7 4 70 81 46 0 0 5 13 19 120 120 4 0 1 2 7 28 120 51 1 0 1 0 0 4 0 32 120 10 0 0 0 0 1 100 120 1 0 0 0 0 8 120 42 0 0 0 0 0 25 47 7 0 0 0 0 0 
61 18 0 0 51 15 0 3 135 50 0 0 0 33 27 25 24 2 0 0 0 135 123 19 46 5 1 0 0 17 69 44 43 1 0 0 85 36 31 36 59 1 0 0 0 109 135 65 60 0 0 0 0 135 135 52 135 6 0 0 0 2 9 82 0 0 0 0 49 71 26 1 2 7 0 0 1 22 64 3 91 55 3 0 0 4 16 14 135 13 0 0 0 0 0 66 0 0 0 0 0 12 6 0 20 16 0 0 0 1 1 11 41 73 4 0 0 0 0 28 97 30 1 0 0 0 0 20 
62 1 0 0 0 1 4 108 51 3 0 2 82 28 16 63 134 0 0 1 11 6 6 126 24 0 0 0 2 10 3 10 134 43 1 2 0 0 0 43 121 12 2 27 117 4 5 45 134 21 1 12 24 3 3 40 36 0 0 0 2 26 21 17 30 134 42 35 5 0 0 7 63 34 19 29 24 1 7 41 134 79 13 4 7 3 10 20 13 1 0 0 6 49 41 18 0 66 46 78 39 0 0 0 85 25 2 77 48 0 0 8 78 94 5 2 35 26 1 1 0 1 0 0 25 94 23 1 
41 0 0 5 16 7 5 24 46 13 7 31 54 18 5 4 129 33 2 0 0 0 1 11 46 5 0 0 0 4 0 2 129 30 13 9 2 0 0 13 30 93 129 57 10 2 19 2 84 129 55 0 0 1 33 11 17 18 3 5 17 8 3 5 129 19 1 0 1 4 9 38 28 29 32 0 17 113 129 38 3 15 9 0 0 19 129 129 6 0 2 2 1 2 13 107 56 36 0 0 6 15 6 6 6 2 0 0 80 99 18 8 41 0 0 0 8 16 26 129 67 0 0 0 0 0 2 102 
0 0 0 0 0 24 109 40 9 0 0 0 0 22 118 53 118 0 0 0 1 22 39 108 33 0 0 0 1 35 16 38 13 4 3 2 0 13 72 31 104 5 0 0 0 13 44 57 118 6 0 0 10 35 13 101 118 20 0 0 10 35 4 25 7 25 118 24 0 0 1 0 39 92 97 4 0 4 10 11 118 118 19 0 1 4 4 20 101 63 3 0 1 2 0 4 0 25 118 13 0 0 0 0 0 60 118 17 0 0 0 0 1 118 67 0 0 0 0 0 17 44 12 0 0 0 0 0 
0 0 0 20 23 26 51 2 0 0 0 47 28 20 108 29 1 0 0 6 0 3 87 88 7 0 0 0 0 0 18 55 0 0 0 3 62 105 114 2 0 0 0 26 22 43 122 16 32 0 0 6 4 12 121 122 88 1 0 0 0 0 2 87 0 0 0 7 122 82 10 0 2 0 0 4 35 46 108 19 122 18 0 2 7 7 29 93 122 36 0 0 0 0 0 52 0 0 0 7 77 72 4 0 16 11 0 1 38 21 13 9 122 58 0 0 0 0 2 10 122 37 0 0 0 0 0 6 
2 0 1 2 13 36 44 21 26 11 0 3 9 13 37 77 79 91 8 4 10 12 5 14 18 8 2 2 9 20 32 44 0 0 3 4 38 33 10 1 61 8 12 4 2 2 11 104 111 14 10 2 42 39 23 119 102 26 6 4 52 53 16 36 8 20 52 23 16 5 0 0 16 119 119 12 1 0 0 7 21 74 119 88 52 8 16 86 119 59 21 11 17 6 8 40 26 24 24 15 5 2 1 7 115 119 36 7 10 6 36 56 10 28 35 53 119 50 53 23 37 7 3 7 32 8 31 72 
24 18 23 43 7 0 0 16 3 9 53 126 41 0 0 0 27 102 60 22 8 1 0 1 2 23 14 6 25 44 0 1 75 2 3 13 0 0 15 126 21 8 72 123 13 10 5 39 6 53 99 35 46 35 38 2 0 1 13 56 107 35 6 0 126 11 0 0 0 1 4 120 124 7 5 35 60 52 15 35 0 6 22 44 48 91 120 16 0 2 9 33 46 70 30 8 126 62 0 0 0 0 0 4 89 28 4 29 66 1 0 1 4 7 18 55 72 4 0 1 2 3 13 36 30 27 0 0 
39 62 24 3 0 0 0 22 36 17 13 9 7 5 28 43 121 40 0 0 3 8 3 12 13 9 0 0 35 97 0 1 77 67 29 9 0 0 1 21 42 50 121 70 0 2 12 13 114 58 52 10 43 37 2 13 4 0 0 1 121 121 0 1 70 61 15 0 3 21 37 18 39 16 20 3 2 27 121 87 37 10 15 31 103 11 10 67 0 1 4 98 121 52 0 0 0 2 2 1 4 38 68 3 76 1 0 0 2 29 52 74 87 0 0 6 29 9 12 88 0 0 4 77 91 11 4 1 
0 0 0 0 77 105 1 0 99 7 0 0 39 72 12 43 120 48 2 0 0 0 0 26 16 13 11 4 0 0 0 10 0 1 1 26 120 113 0 0 120 51 3 9 36 34 1 29 120 21 1 12 0 0 5 120 27 7 6 9 0 0 1 64 1 4 11 84 72 26 12 5 43 120 74 73 9 1 3 6 82 34 46 82 2 0 11 120 91 21 9 3 0 0 0 84 6 14 15 39 14 4 5 3 84 67 22 22 0 0 1 12 43 34 72 95 0 0 0 12 37 24 13 5 0 0 3 24 
1 0 0 48 118 4 2 1 45 0 0 3 39 13 14 34 136 0 0 0 1 0 2 120 22 0 0 6 7 0 0 10 8 6 11 95 136 4 1 2 27 8 35 46 74 10 6 10 136 40 9 0 0 0 1 86 76 3 0 2 9 1 0 14 22 5 28 136 98 1 0 0 3 26 136 136 17 2 3 0 136 127 92 15 3 2 1 6 67 8 0 1 6 0 0 4 3 0 8 40 27 2 0 0 1 2 26 36 55 52 15 1 66 2 5 3 8 13 18 20 39 1 1 0 0 0 1 6 
7 2 0 5 93 12 4 7 11 31 21 13 40 27 4 6 128 7 9 5 16 14 1 66 54 2 0 0 21 12 0 15 0 6 51 81 109 5 0 0 7 19 23 20 65 102 25 9 128 10 1 2 26 60 5 42 118 6 0 4 61 19 0 15 0 1 29 81 128 3 0 0 0 15 8 41 128 48 3 0 128 38 7 0 1 15 2 21 120 10 3 11 57 1 0 12 0 0 0 15 116 3 0 0 0 1 10 40 128 11 1 0 128 0 7 3 11 6 1 31 100 0 0 1 29 4 0 17 
22 1 0 33 106 0 0 1 15 7 1 38 114 3 7 10 129 7 1 0 0 1 7 65 94 1 0 0 0 0 1 24 49 0 0 24 129 5 2 17 3 14 2 36 129 28 8 1 129 44 3 0 2 12 10 61 109 2 0 0 0 1 43 99 67 13 0 20 109 4 0 9 29 55 3 61 129 6 2 1 69 106 18 15 7 18 27 16 106 4 0 2 1 9 52 76 29 13 0 15 40 2 0 0 16 11 5 86 129 5 8 2 41 25 2 10 15 24 32 13 74 12 2 12 6 1 0 12 
0 0 4 26 60 1 0 0 0 0 9 53 119 15 2 0 119 0 0 3 74 26 12 47 94 3 0 2 8 1 0 21 0 0 3 20 50 33 0 0 0 0 6 39 119 119 0 0 119 3 1 23 119 11 0 37 119 2 0 4 12 0 0 41 0 0 0 2 92 78 0 0 2 29 20 31 119 119 0 0 94 22 35 90 36 3 0 12 119 5 1 1 14 0 0 36 1 3 14 9 45 16 3 0 0 78 78 37 54 7 0 0 19 17 27 98 53 1 0 0 104 10 2 5 7 0 0 5 
9 0 0 9 101 7 2 12 46 3 0 1 12 23 32 106 56 8 0 0 1 83 70 40 43 19 3 0 0 4 6 12 10 0 0 56 119 6 2 3 30 3 0 17 76 26 42 99 119 118 0 0 4 25 17 30 91 71 0 0 0 0 0 3 14 0 0 57 119 1 0 5 110 7 0 56 119 2 0 36 119 118 0 0 0 0 8 52 52 24 0 0 0 0 5 29 11 2 0 25 76 1 0 5 57 21 10 66 119 0 0 5 119 15 3 0 0 0 8 62 56 1 0 0 0 0 5 38 
3 16 22 13 18 10 3 0 15 41 24 5 21 26 12 3 51 4 5 5 19 13 0 33 116 3 0 0 0 0 1 99 0 22 66 65 46 8 0 0 1 42 29 16 59 84 4 0 35 21 18 4 18 31 3 13 116 7 12 1 0 0 26 116 1 22 75 40 78 64 0 0 3 34 105 103 84 27 0 0 45 116 116 38 13 22 4 4 24 23 96 48 47 63 8 33 30 56 33 10 24 24 21 9 23 46 52 76 112 11 25 14 80 95 19 39 57 65 10 12 18 11 3 27 62 95 4 0 
10 9 10 9 9 1 6 15 2 0 3 7 3 2 94 94 3 6 1 0 0 32 109 109 4 8 8 8 2 21 106 27 40 18 16 13 20 8 15 9 13 6 24 40 63 5 5 4 109 92 21 2 7 3 15 32 48 78 59 92 104 5 8 23 24 50 45 24 4 3 4 1 20 47 74 85 44 5 2 0 109 99 107 33 3 0 8 49 87 18 55 68 66 14 35 89 9 49 51 24 11 0 0 0 31 67 55 64 47 3 0 5 60 82 73 64 8 26 12 15 43 4 18 65 11 17 8 44 
65 50 2 4 18 9 11 76 48 21 5 28 95 54 16 71 47 10 37 4 21 76 76 79 78 37 3 1 22 41 18 20 102 87 6 8 27 50 93 37 11 17 2 11 95 112 89 29 92 22 0 0 1 30 112 74 57 25 0 0 0 22 100 43 3 0 58 112 37 16 42 3 17 16 2 29 31 43 22 3 66 58 5 0 5 42 26 13 41 6 2 0 6 37 59 25 0 0 26 112 99 0 0 0 7 2 4 109 67 0 0 3 31 22 8 2 12 28 19 11 5 15 10 0 12 24 11 1 
1 0 0 39 114 1 2 2 10 1 0 6 16 16 15 7 133 0 0 0 2 2 0 62 90 0 0 16 23 0 0 21 0 0 1 76 133 25 0 0 5 3 1 41 49 12 1 1 133 10 0 0 4 4 0 31 133 9 0 14 40 0 0 18 1 21 28 99 56 14 0 0 1 3 19 124 97 2 0 0 133 17 19 6 1 0 0 43 133 1 0 8 22 0 0 48 12 13 13 46 31 0 0 0 0 2 71 133 69 0 0 0 97 4 47 59 13 0 0 16 133 0 0 1 0 0 0 29 
53 11 0 0 60 21 0 6 133 42 0 0 0 29 28 32 22 2 0 0 0 130 128 26 29 4 4 2 5 11 57 42 29 0 0 0 105 38 22 37 48 0 0 0 0 74 133 78 73 0 0 0 0 133 133 64 133 11 5 0 0 0 7 72 0 0 0 0 42 66 34 1 2 4 0 0 2 17 56 4 127 33 2 0 0 2 18 21 133 6 0 0 0 0 0 52 0 0 0 0 0 7 6 0 20 18 0 0 0 1 1 6 52 77 4 0 0 0 0 12 121 18 0 0 0 0 0 34 
9 0 0 0 2 42 38 63 92 1 1 0 3 28 23 68 16 0 4 6 60 40 1 3 2 0 0 1 120 50 0 3 51 25 5 3 2 30 12 62 120 70 6 5 4 17 6 25 22 4 14 18 120 53 2 5 21 1 1 3 120 58 0 4 120 39 4 0 1 23 16 34 97 84 4 1 1 36 107 75 16 1 9 15 120 41 27 57 27 7 31 59 120 23 0 0 80 7 0 0 8 11 6 22 69 2 0 0 41 50 30 82 104 8 14 15 26 6 6 79 7 5 18 33 115 4 0 0 
59 0 0 13 20 4 18 42 15 9 19 121 78 3 6 4 52 52 38 76 51 1 0 5 2 12 9 47 57 1 0 0 121 2 0 2 13 4 57 103 106 22 62 81 10 1 8 29 4 46 86 63 121 75 5 0 5 14 20 52 78 35 5 0 121 1 0 7 34 1 8 41 121 17 3 4 11 1 19 40 14 11 8 95 121 26 9 3 24 35 47 77 37 9 4 0 121 5 4 18 9 0 0 8 121 28 0 0 1 0 2 19 10 11 17 68 44 1 4 3 16 36 38 39 5 0 0 1 
25 20 17 5 11 1 1 9 38 28 7 4 6 32 33 11 60 10 0 0 0 10 38 55 36 4 0 1 37 6 2 15 13 12 4 3 20 107 71 12 5 7 2 0 3 138 138 21 138 0 0 0 0 21 138 138 58 0 0 1 53 33 57 62 0 0 0 0 95 138 21 0 27 0 0 0 1 48 59 21 138 6 0 0 0 1 9 53 91 21 11 24 44 11 23 13 0 0 0 7 97 8 0 0 23 19 6 0 2 0 0 1 138 18 2 0 0 0 0 34 114 28 3 16 5 0 1 16 
72 0 0 1 29 22 0 83 2 4 24 23 124 124 10 9 1 38 106 4 14 26 66 11 8 15 75 11 1 2 20 11 124 30 10 21 25 5 0 50 28 43 124 75 67 14 0 6 14 82 124 15 39 22 3 20 10 16 94 72 68 5 2 16 124 10 2 20 46 4 0 35 69 6 21 24 42 62 7 14 23 3 4 18 85 74 13 32 26 5 0 19 77 28 7 37 124 32 2 10 21 2 0 11 64 10 13 53 25 7 0 8 21 5 7 98 53 7 1 2 35 7 2 24 24 0 0 7 
19 0 0 9 38 6 4 24 47 7 0 2 16 3 8 108 20 6 1 11 79 9 15 46 32 1 0 15 122 24 0 11 67 27 7 37 30 3 2 22 88 73 10 31 21 2 5 23 44 57 4 19 72 6 23 23 44 2 0 46 122 9 2 27 69 6 2 19 9 14 82 72 40 20 3 26 11 93 122 14 70 10 0 5 26 47 122 70 28 4 2 64 122 21 12 21 1 2 14 8 8 18 75 15 11 19 64 8 1 50 105 4 122 122 15 6 0 7 24 23 38 22 4 81 59 0 0 1 
26 34 13 1 4 54 28 31 84 31 6 16 47 16 19 68 12 24 19 34 56 16 25 21 4 12 3 59 93 37 2 8 119 73 24 1 4 22 22 21 25 35 14 3 16 119 85 11 27 20 8 9 11 80 119 119 22 12 7 92 95 26 18 54 54 17 5 4 22 70 90 41 19 13 24 25 26 119 56 15 119 83 37 6 3 23 16 57 112 34 29 39 8 2 2 31 9 0 1 9 21 11 22 20 34 18 22 12 5 3 16 65 81 52 65 7 0 1 7 32 73 23 24 3 0 0 0 13 
7 18 42 16 5 2 1 3 54 30 35 15 6 9 12 19 76 57 61 64 17 1 2 24 14 11 29 75 11 0 0 4 4 18 56 62 66 30 0 0 79 13 22 32 52 44 20 54 117 33 17 30 23 1 0 106 30 13 52 97 100 4 3 14 0 0 73 117 44 23 2 0 38 79 117 117 51 3 3 6 117 117 52 14 13 6 22 33 22 7 73 44 9 3 42 57 0 0 6 15 35 41 15 3 17 35 48 28 11 31 88 67 12 31 32 26 39 19 96 55 20 25 22 7 8 4 17 33 
95 4 9 9 5 1 0 31 75 6 10 12 3 9 13 47 63 5 0 0 2 7 18 114 34 4 0 0 1 0 1 89 81 43 37 15 37 16 16 21 29 5 3 8 19 76 96 64 82 13 1 0 6 16 44 114 114 2 0 1 2 0 2 114 0 8 55 91 55 5 5 1 17 80 114 36 18 21 15 12 85 114 113 26 0 0 5 17 114 92 21 1 0 0 0 23 0 1 26 47 22 0 1 0 67 73 63 19 6 0 0 0 73 72 46 67 14 0 0 1 44 50 15 6 1 0 0 3 
33 36 9 2 6 2 8 31 9 21 79 67 28 4 5 17 86 34 65 22 1 0 1 73 109 28 0 0 0 0 0 28 118 80 20 1 4 3 2 24 60 39 118 80 0 2 15 26 47 45 118 80 0 0 2 13 93 62 46 3 1 0 0 14 101 118 18 2 1 15 5 18 77 14 6 2 0 94 64 83 118 19 61 9 9 9 12 93 5 14 28 2 17 30 17 14 14 12 0 0 0 37 56 19 72 45 0 0 0 82 42 27 118 24 0 3 13 12 4 61 2 0 0 7 24 29 14 11 
6 0 0 0 2 8 30 55 0 3 17 32 109 83 14 4 6 58 70 32 54 67 30 5 9 68 70 9 2 0 12 7 119 28 1 0 0 6 72 61 69 71 126 81 16 12 9 4 0 94 129 83 6 0 0 0 0 73 100 37 5 0 0 0 129 37 0 0 0 1 9 51 129 40 25 18 0 0 0 20 2 13 79 50 3 0 0 0 0 16 59 24 5 0 0 0 129 2 0 0 0 0 2 83 129 9 2 2 1 0 0 80 8 10 12 21 8 0 0 5 0 20 9 2 10 1 0 0 
9 12 0 61 49 0 0 0 35 55 18 29 19 3 0 6 122 0 3 12 14 4 1 117 51 0 0 1 34 20 0 50 11 7 5 99 60 23 6 8 49 21 6 43 58 72 8 12 122 25 0 3 36 34 0 70 122 36 1 26 57 3 0 39 36 9 8 57 23 6 4 45 13 13 39 122 61 20 2 2 122 61 37 31 8 5 0 23 122 29 0 28 39 0 0 40 54 37 22 35 14 0 0 4 36 26 87 114 8 0 0 1 53 23 81 122 6 0 0 14 118 33 6 7 3 0 0 23 
49 47 12 16 5 2 0 0 13 26 50 93 32 9 0 0 117 91 19 5 1 0 0 7 28 12 1 5 8 7 9 9 117 48 27 13 0 0 1 72 7 31 117 70 4 2 2 20 25 117 96 3 0 3 6 1 5 14 4 5 60 38 4 0 113 3 0 0 0 0 7 117 70 6 11 2 5 8 15 117 1 6 14 11 22 74 110 6 0 0 12 7 30 117 79 4 117 18 0 0 0 0 1 31 104 15 0 3 7 32 66 24 1 0 39 42 26 36 117 38 0 1 73 33 6 10 23 19 
0 0 0 3 14 9 115 111 0 0 0 48 115 77 99 39 11 3 24 37 77 17 11 17 56 12 42 8 0 0 2 43 1 1 0 15 74 23 85 44 4 5 13 11 18 61 115 45 56 35 18 7 17 33 16 41 115 58 106 9 0 0 0 67 8 7 15 27 25 12 10 2 55 15 43 62 4 1 6 41 115 105 43 56 1 0 3 12 115 83 78 37 0 0 0 49 6 2 3 7 11 4 1 10 30 0 1 12 23 13 5 56 115 85 12 9 0 0 2 38 82 50 10 23 0 0 0 1 
