55 29 0 0 0 0 0 14 58 65 37 6 1 1 2 39 16 26 46 20 6 1 2 21 10 9 14 12 11 10 27 45 125 125 1 0 0 0 0 8 66 125 125 51 5 10 5 11 5 37 125 99 25 17 2 0 0 4 26 72 44 11 2 0 125 16 0 0 0 0 19 116 96 20 1 4 5 52 125 125 33 1 2 12 40 77 75 38 0 0 2 8 45 73 29 5 47 1 0 0 0 0 9 40 85 19 0 0 0 5 56 72 46 7 0 0 15 47 52 47 0 0 0 0 31 56 14 0 
34 18 0 0 0 0 0 3 63 85 22 0 0 0 0 30 28 22 42 14 3 1 5 19 3 13 26 10 4 0 1 8 113 82 0 0 0 0 0 3 120 132 89 3 0 0 0 10 4 54 132 117 12 6 1 3 2 32 73 57 13 2 0 0 132 9 0 0 0 0 0 58 132 32 3 0 0 9 112 132 11 3 8 16 16 61 132 44 5 0 7 16 28 39 13 10 33 0 0 0 0 0 1 34 58 9 0 0 0 3 83 97 71 22 0 0 0 6 80 59 24 0 0 0 13 32 10 24 
8 42 24 0 0 0 0 0 28 122 122 24 0 0 0 0 0 22 122 122 3 0 0 0 0 37 73 18 2 0 0 0 50 100 57 2 0 0 0 0 122 122 76 22 5 4 1 71 23 17 66 122 122 19 2 22 1 27 30 50 36 4 3 1 102 36 16 0 0 0 5 41 83 49 24 0 0 5 58 98 10 0 0 30 98 75 41 35 17 36 26 40 34 17 4 18 12 0 0 0 0 0 9 58 45 0 0 0 1 1 49 87 20 0 0 5 37 41 32 19 21 5 1 8 26 17 9 76 
69 29 1 0 0 0 0 6 73 57 49 5 1 1 0 25 26 36 45 14 3 2 3 26 13 15 13 11 3 47 32 23 122 122 5 0 0 0 1 23 59 122 122 42 4 15 47 25 2 25 109 99 32 29 13 2 0 0 28 70 28 29 12 2 122 10 0 0 0 0 29 122 93 17 0 4 1 26 122 122 28 1 0 9 36 122 58 43 0 0 2 8 22 61 65 12 48 4 1 0 0 0 1 23 59 9 3 0 0 0 42 87 11 1 0 0 7 65 87 27 0 0 0 0 7 46 23 1 
24 28 0 0 0 0 0 0 45 128 36 0 0 0 0 5 17 55 101 28 0 0 2 9 8 12 20 24 1 0 4 7 121 78 0 0 0 0 0 7 128 128 58 0 0 0 0 18 6 64 128 83 7 8 1 2 4 18 72 101 9 5 0 0 128 1 0 0 0 0 0 52 128 9 0 0 0 3 82 128 10 2 0 4 6 46 128 36 4 0 4 10 11 33 35 16 29 2 0 0 0 0 0 34 35 12 0 0 0 2 75 107 40 21 1 0 0 5 113 46 52 4 0 0 1 1 14 31 
7 46 23 3 0 0 0 0 35 122 122 42 1 0 0 0 0 33 122 101 7 0 0 0 0 18 69 31 6 0 0 0 57 120 36 12 6 0 0 0 122 122 51 43 34 12 3 42 13 19 53 122 122 18 3 9 0 12 50 61 38 1 0 0 93 31 3 1 1 0 7 53 74 31 4 0 8 20 68 122 15 8 12 22 84 82 39 42 13 19 66 37 11 6 10 39 8 0 2 4 0 0 5 35 73 1 0 0 2 10 21 75 15 0 0 6 54 44 23 34 13 0 0 3 10 7 14 85 
80 23 5 0 0 0 0 14 45 54 56 6 0 0 0 18 63 64 26 3 4 14 14 25 2 6 14 3 14 66 24 5 122 122 12 0 0 0 1 24 46 122 122 29 8 7 21 24 16 27 85 91 36 39 22 14 1 1 58 46 22 59 24 2 122 31 1 0 0 0 41 122 74 24 22 11 8 29 122 122 8 0 8 25 57 122 62 31 0 0 9 20 19 41 85 12 36 12 3 0 0 0 3 26 45 12 10 1 1 2 51 97 4 0 0 0 10 62 87 21 2 3 0 0 4 27 21 2 
0 25 40 14 0 0 0 0 52 128 118 19 0 0 0 0 9 37 128 116 9 0 0 0 0 12 75 39 4 0 0 0 36 59 35 29 17 2 6 3 128 128 32 15 11 5 6 35 62 21 52 128 128 26 8 17 1 10 86 86 23 1 0 0 48 7 6 7 4 1 4 27 101 22 0 0 0 6 47 128 32 6 7 7 80 79 57 81 16 10 51 22 17 16 24 72 1 0 9 19 1 0 0 4 62 2 2 6 0 3 9 58 30 0 0 2 36 50 37 33 5 0 0 0 11 8 26 67 
63 40 4 0 0 0 0 16 99 70 13 3 0 1 3 20 33 14 21 25 25 100 9 11 0 3 13 11 26 51 0 0 126 103 9 0 0 0 4 48 44 126 126 24 8 22 42 21 4 8 90 69 51 93 24 5 0 3 30 50 26 48 27 0 126 28 1 0 0 0 64 126 24 25 13 3 6 46 126 126 0 0 1 4 61 126 96 22 4 8 0 0 7 67 41 1 27 5 0 0 0 0 3 33 30 44 7 2 4 4 36 79 5 7 5 2 6 28 46 8 14 15 0 0 0 4 1 0 
23 27 0 0 0 0 0 0 46 126 36 0 0 0 0 5 20 48 89 29 0 0 1 10 8 10 15 23 2 1 3 8 120 75 0 0 0 0 0 8 126 126 63 0 0 0 0 16 6 59 126 99 7 5 0 2 5 21 70 106 7 3 0 1 126 1 0 0 0 0 0 49 126 10 0 0 0 1 68 126 10 2 1 6 8 41 126 36 2 0 7 16 13 32 25 12 31 1 0 0 0 0 0 34 36 11 0 0 0 1 77 119 36 17 0 0 0 4 126 55 45 4 0 0 1 2 16 30 
15 32 2 0 0 3 26 10 5 85 66 6 1 11 18 2 0 10 75 59 1 0 0 0 0 0 10 36 2 0 0 0 118 78 1 0 0 0 0 5 105 118 87 12 0 0 0 6 5 21 118 118 35 2 0 1 0 0 9 114 53 1 0 0 118 4 0 0 0 0 0 60 118 25 0 0 0 10 39 118 3 4 2 27 51 118 111 28 0 0 0 25 89 78 16 2 54 0 0 0 0 0 3 64 33 0 0 0 0 38 96 74 2 1 0 0 0 95 93 4 2 1 0 0 0 18 15 6 
15 53 55 2 0 0 0 0 2 25 123 21 0 0 0 0 0 1 123 83 1 0 0 0 1 3 18 55 4 0 0 0 123 41 11 1 0 0 0 26 79 100 123 34 0 0 0 6 0 4 82 123 73 13 0 0 18 7 5 88 83 5 0 0 123 7 1 2 0 0 1 47 123 19 3 6 2 38 88 102 0 0 1 29 86 123 45 0 5 0 0 20 76 51 3 2 16 6 3 0 1 0 5 18 9 0 0 0 1 32 118 43 0 0 0 0 1 93 65 0 0 0 0 0 10 43 7 0 
20 20 0 0 0 0 30 45 9 83 50 1 4 31 77 21 0 23 103 55 7 9 2 0 0 0 20 43 1 0 0 0 124 54 0 0 0 0 0 9 124 124 62 2 0 0 1 21 7 41 124 124 37 20 7 5 0 0 12 111 72 12 0 0 124 1 0 0 0 0 0 56 124 10 0 0 0 20 91 124 5 2 0 9 27 124 124 25 3 2 2 9 54 71 29 7 47 0 0 0 0 0 0 39 33 4 0 0 0 12 62 63 6 6 0 0 1 28 51 3 3 1 0 0 4 7 11 13 
1 25 54 4 0 0 0 0 0 41 125 3 0 0 0 0 0 1 125 57 0 0 0 0 4 21 28 30 0 0 0 0 63 45 23 8 0 0 0 9 115 115 125 14 0 0 0 14 1 13 125 125 61 2 0 0 67 35 16 84 51 1 0 10 63 4 3 5 0 0 1 21 125 23 6 3 1 14 34 123 6 3 6 44 123 125 36 10 19 0 1 26 91 49 8 20 11 19 9 2 0 0 1 5 28 4 1 1 3 17 73 62 0 0 0 0 7 119 72 6 0 0 0 0 19 47 4 0 
29 15 0 1 0 1 7 3 6 47 68 15 4 8 3 1 0 10 89 87 14 5 0 0 0 11 6 21 4 0 0 1 100 23 0 0 0 0 7 36 123 123 56 8 0 0 0 37 7 26 65 123 116 53 1 7 14 43 11 49 58 15 0 0 111 5 0 0 0 0 15 83 87 8 0 0 0 26 123 123 10 0 0 4 50 123 117 28 101 47 0 0 22 40 1 7 8 0 0 0 0 0 18 46 0 0 0 0 0 8 123 54 15 0 0 0 0 25 75 29 90 7 0 0 0 0 1 36 
42 6 0 0 0 0 16 86 26 51 25 3 16 56 126 66 1 21 96 36 44 46 16 0 0 2 32 30 0 0 0 0 100 39 0 0 0 0 2 13 126 126 51 0 0 0 15 25 12 72 126 126 27 40 26 8 0 2 20 102 54 24 2 0 106 3 0 0 0 0 0 49 126 13 0 0 0 21 96 126 10 4 1 7 14 126 126 24 10 8 2 6 29 55 32 19 43 4 0 0 0 0 0 16 59 11 1 0 0 3 29 41 7 5 1 1 3 17 25 3 5 0 0 0 5 11 7 18 
0 6 47 19 0 0 0 0 0 35 125 6 0 0 0 0 0 2 96 52 0 0 0 0 1 31 43 13 0 0 0 0 28 22 37 21 2 1 0 3 116 117 127 19 0 0 0 11 4 17 127 127 59 0 0 0 92 117 41 53 24 0 1 15 34 5 2 4 0 0 3 17 127 29 10 6 3 13 25 105 16 9 11 72 127 127 28 17 62 9 3 18 67 31 40 79 8 28 20 4 1 0 1 5 33 8 7 6 8 15 51 50 0 0 0 0 18 118 57 11 0 0 0 1 24 33 11 3 
24 83 13 0 0 0 1 1 5 77 120 36 0 0 1 0 0 1 45 105 8 0 0 0 0 1 9 25 3 0 0 0 124 86 3 0 0 0 0 17 75 112 83 51 3 1 1 19 0 2 43 124 123 16 1 0 0 2 9 46 48 2 0 0 124 2 0 0 0 0 3 91 63 6 0 0 1 66 122 117 0 0 0 13 89 124 113 4 4 3 4 8 42 28 6 4 47 0 0 0 0 0 19 76 9 1 0 0 0 69 102 31 5 4 0 0 1 45 44 3 6 1 0 0 1 3 8 16 
29 42 24 1 0 0 0 2 26 57 125 26 0 0 0 2 0 4 125 90 0 0 0 0 0 0 27 94 10 0 0 0 104 8 3 4 1 0 0 20 125 93 52 5 0 0 2 32 2 21 75 125 41 31 4 1 0 0 6 109 125 31 0 0 63 12 6 3 0 0 0 15 125 6 0 0 0 7 113 125 2 0 0 5 26 125 125 15 0 0 0 8 54 112 17 0 2 4 9 10 4 2 0 2 2 0 0 0 5 10 59 21 0 0 0 0 5 46 72 1 0 0 0 0 2 35 17 0 
57 20 28 15 1 0 0 7 59 18 120 122 0 0 0 17 127 8 19 48 0 0 0 113 66 5 0 0 0 0 0 23 83 104 89 50 0 0 0 12 127 100 83 127 1 0 0 9 114 27 83 127 2 0 0 71 127 17 13 7 0 0 0 48 84 48 71 28 0 0 0 50 69 53 13 8 0 0 0 20 16 10 52 97 1 0 0 8 29 19 31 17 0 0 0 2 36 8 18 9 0 0 0 14 24 0 0 0 0 0 0 39 17 0 2 5 1 0 0 24 2 1 3 6 1 0 0 4 
18 9 2 0 0 10 7 4 3 45 65 12 8 13 4 2 0 12 75 90 10 3 0 0 1 29 7 14 1 0 0 0 96 25 1 0 0 0 4 24 124 125 64 13 2 1 0 26 4 27 61 125 125 54 0 5 33 53 8 28 42 11 0 2 119 6 0 0 0 0 17 73 108 14 0 0 2 47 101 125 11 0 0 3 79 125 72 23 125 43 0 0 19 24 1 17 20 0 0 0 0 0 21 52 3 0 0 0 0 27 125 46 13 0 0 0 0 47 72 22 69 1 0 0 0 0 1 56 
0 0 6 26 61 6 0 0 3 2 1 6 28 2 0 0 28 17 12 2 0 0 0 0 117 54 39 0 0 0 0 9 1 0 10 134 78 6 0 1 7 1 31 80 21 2 0 3 93 46 26 5 0 0 0 29 134 134 42 0 0 0 0 20 14 2 26 90 5 0 0 13 13 5 123 134 1 0 0 5 95 61 134 67 0 0 0 37 134 88 57 1 0 0 0 82 17 0 0 0 0 0 0 8 59 10 39 37 0 0 0 17 37 44 134 26 0 0 0 15 28 19 81 20 0 0 0 9 
2 0 0 0 1 115 108 25 3 0 0 0 15 132 108 58 73 0 0 0 5 61 42 132 6 0 0 0 5 48 11 17 10 0 0 0 0 118 118 45 12 0 0 0 11 132 99 57 132 26 0 0 4 26 18 132 59 5 0 0 1 59 21 31 4 0 0 0 0 8 26 7 22 8 3 0 0 21 15 3 132 56 1 0 1 4 0 33 47 6 0 0 6 31 2 13 2 13 2 0 0 0 1 0 10 75 28 0 0 0 0 1 122 121 12 0 1 3 1 3 14 3 0 0 4 18 1 1 
1 7 21 45 27 0 0 0 1 1 0 21 38 0 0 0 24 24 7 0 0 0 0 1 63 58 65 2 0 0 0 8 2 1 17 135 69 1 1 5 4 1 38 122 56 3 0 1 96 66 18 9 0 0 0 19 135 135 50 2 0 0 0 14 17 1 11 55 3 0 0 19 20 6 135 135 1 0 0 10 87 69 135 108 0 0 0 30 135 95 65 5 0 0 0 61 15 0 0 0 0 0 0 10 61 12 15 9 0 0 0 18 49 48 107 19 0 0 0 28 18 17 60 15 1 0 0 11 
38 0 0 0 1 75 101 67 6 0 0 0 6 134 134 44 85 0 0 0 3 66 44 134 3 1 0 0 6 53 9 10 10 0 0 0 1 60 134 56 26 1 0 0 0 112 134 51 134 22 0 0 0 38 25 134 24 1 0 0 0 60 36 16 1 4 0 0 0 4 16 7 45 33 12 0 0 8 14 3 134 72 3 0 1 11 2 14 15 0 0 0 2 37 6 3 7 24 1 0 0 0 0 0 35 111 20 0 0 0 1 7 85 105 5 0 4 11 0 2 1 0 0 0 3 17 1 0 
33 11 24 5 0 0 0 4 22 9 119 50 0 0 0 8 110 5 31 31 0 0 0 76 112 6 0 0 0 0 0 59 103 48 23 15 3 0 0 19 125 68 125 92 0 0 0 35 36 10 125 125 0 0 0 26 125 27 31 38 0 0 0 85 67 78 125 26 0 0 0 3 125 105 20 4 0 0 0 12 15 4 47 113 3 0 0 6 37 35 69 49 0 0 0 4 30 13 38 4 0 0 0 16 39 17 9 0 0 0 0 17 10 1 3 5 0 1 0 14 2 1 6 7 1 0 0 3 
1 1 0 0 4 95 23 2 82 5 0 0 0 59 64 47 31 8 0 0 1 7 2 6 0 1 0 0 6 14 3 0 39 2 0 0 53 145 24 11 145 66 0 0 3 48 16 45 40 12 0 0 3 37 31 5 0 0 0 0 9 41 22 4 69 3 0 0 30 104 20 14 145 23 0 0 0 77 41 131 21 0 0 0 0 145 145 44 45 0 0 0 2 40 81 73 19 0 0 0 7 11 2 13 68 0 0 0 0 80 71 58 28 8 0 0 0 74 86 28 80 3 0 0 0 24 25 56 
56 49 40 45 18 2 0 0 117 117 117 96 0 0 0 0 8 117 85 78 1 0 0 0 19 22 23 58 5 0 0 1 110 53 56 60 47 1 0 16 117 62 48 63 0 0 0 74 8 16 51 117 29 0 0 9 8 6 9 47 29 0 0 0 65 11 29 84 10 0 0 16 117 3 8 11 0 0 0 117 75 1 0 50 117 2 0 58 1 1 3 29 57 1 0 0 36 1 12 45 15 1 0 13 50 13 19 23 9 0 0 31 64 2 5 15 66 5 2 76 1 0 1 10 36 3 0 0 
17 4 0 0 2 4 9 6 53 71 1 0 10 4 0 1 18 36 3 2 124 46 3 9 14 5 0 0 5 12 19 13 63 9 0 0 1 8 3 9 127 66 0 2 36 19 4 16 12 13 1 6 127 55 2 5 48 4 1 0 16 21 15 28 52 1 0 0 0 24 54 44 109 5 2 3 27 41 34 127 9 0 4 7 127 127 22 19 67 15 2 1 28 74 23 31 8 0 0 0 0 53 91 34 44 0 0 0 4 119 85 127 20 5 0 0 17 127 83 64 93 68 3 0 3 35 12 19 
48 18 35 4 0 0 0 5 18 33 129 38 0 0 0 1 6 19 126 87 0 0 0 4 25 3 23 19 0 0 0 18 129 14 22 1 0 0 0 54 129 42 129 49 0 0 0 79 6 34 129 129 0 0 0 0 11 17 123 129 0 0 0 2 127 59 64 3 0 0 0 17 129 65 41 1 0 0 0 40 31 4 18 25 1 0 0 11 0 4 50 66 2 0 0 0 82 45 59 7 0 0 0 7 90 41 23 0 0 0 0 12 14 2 3 4 0 0 0 16 1 0 3 8 1 0 0 2 
80 5 0 0 1 32 31 35 128 20 0 0 0 0 5 22 9 10 0 0 1 5 0 0 2 1 0 0 2 11 1 0 128 27 0 0 1 11 4 29 128 44 0 0 0 4 11 53 12 4 0 0 2 57 36 6 3 0 0 0 1 36 41 14 128 7 0 0 0 5 6 92 128 5 0 0 0 101 43 128 12 0 0 0 0 128 128 52 13 0 0 0 0 89 128 78 37 0 0 0 0 0 2 38 60 0 0 0 0 110 85 56 4 2 0 0 0 115 54 26 20 5 0 0 0 21 43 22 
76 22 57 10 0 0 0 16 19 27 125 71 0 0 0 5 33 9 95 114 0 0 0 33 125 12 10 5 0 0 0 98 125 59 27 3 0 0 0 49 125 42 119 45 0 0 0 38 2 9 125 125 1 0 0 0 89 74 92 54 0 0 0 16 125 110 70 2 0 0 0 4 125 63 10 1 0 0 0 18 6 1 17 28 4 0 0 8 6 10 40 19 0 0 0 1 29 27 56 1 0 0 0 3 41 12 4 0 1 0 0 19 7 1 3 5 2 0 0 19 2 0 2 10 2 0 0 4 
9 0 0 0 0 75 75 18 59 2 0 0 0 5 36 36 13 8 0 0 1 7 2 2 1 2 1 0 2 15 2 0 124 13 0 0 5 124 48 36 124 46 0 0 0 1 9 31 10 9 0 0 3 24 6 2 0 2 3 1 6 30 10 3 124 21 0 0 4 21 4 54 124 28 0 0 0 59 35 111 4 0 0 0 0 124 124 33 13 0 0 0 0 55 100 46 64 0 0 0 0 2 4 59 71 0 0 0 0 124 90 84 3 2 0 0 0 117 124 49 38 1 0 0 0 19 52 83 
74 27 6 36 7 0 0 0 136 125 106 10 0 0 0 0 37 89 85 20 0 0 0 0 11 17 3 12 5 0 0 0 86 43 47 99 16 1 2 7 136 85 60 18 0 0 0 13 16 20 95 110 6 0 0 5 0 4 9 44 19 0 0 0 84 34 47 83 58 0 0 35 136 40 40 7 0 0 0 105 40 3 5 43 40 1 1 75 0 0 0 36 67 2 0 0 61 5 3 59 44 0 0 19 65 3 5 14 6 0 0 68 74 2 1 10 28 0 0 113 3 0 0 15 59 1 0 4 
7 0 1 0 0 0 3 18 46 7 3 0 0 0 0 31 127 36 0 0 0 0 2 103 58 44 0 0 0 0 0 8 11 15 59 10 0 0 0 5 24 16 26 2 0 0 0 16 127 24 7 0 0 0 0 127 127 15 2 1 0 0 0 62 2 59 127 124 0 0 0 0 0 28 127 106 0 0 0 0 91 127 97 13 0 0 0 6 122 83 1 0 1 0 0 13 7 19 38 37 0 0 0 0 0 5 127 75 0 0 0 0 16 77 113 20 0 0 0 0 15 25 3 0 0 0 0 1 
1 0 0 0 0 16 28 8 2 1 0 0 0 92 120 8 1 0 1 0 0 9 129 73 12 1 0 0 0 1 20 21 0 0 0 0 6 129 129 19 5 0 0 0 2 129 129 24 97 7 0 0 0 6 95 129 129 5 0 0 0 0 14 55 1 0 0 0 5 89 52 3 10 0 0 0 3 35 20 14 129 42 0 0 0 0 3 64 129 46 0 0 0 0 3 16 3 0 0 0 2 15 5 2 12 0 0 0 2 20 14 10 129 35 0 0 0 0 5 82 60 24 0 0 0 0 21 71 
0 0 0 39 32 9 14 2 1 0 0 11 8 2 3 3 58 0 0 1 0 0 5 87 126 1 0 0 0 0 2 135 4 8 54 30 12 11 40 13 2 16 47 60 12 3 4 4 42 30 6 21 4 1 6 17 135 134 2 0 0 0 2 76 21 32 135 51 1 2 0 4 4 28 135 135 4 0 0 8 36 118 135 77 4 0 0 5 135 135 57 0 0 0 1 11 3 2 0 1 1 6 10 7 5 2 12 1 0 3 8 38 43 33 47 4 0 0 0 62 18 31 14 0 0 0 3 42 
0 0 0 0 23 144 111 12 1 0 0 0 5 60 144 105 60 0 1 0 4 22 132 144 4 0 0 0 8 57 18 16 0 0 0 1 19 140 57 1 16 21 2 1 8 14 70 30 144 54 1 0 0 7 41 128 30 0 0 0 4 68 28 21 1 7 3 2 3 6 2 0 42 49 10 3 4 2 3 14 144 84 1 0 3 7 4 40 18 2 2 5 14 27 2 0 1 42 18 5 2 0 0 0 24 26 18 17 46 6 3 6 144 24 2 0 4 4 22 39 8 2 4 3 6 9 12 8 
3 6 19 30 8 0 0 0 0 0 0 17 12 2 3 2 24 5 1 0 0 0 2 20 127 5 3 0 0 0 0 81 2 3 49 127 41 0 0 3 3 2 17 85 60 1 0 0 52 62 14 2 0 0 0 1 127 120 109 1 0 0 0 52 14 0 14 73 12 0 0 18 14 8 127 127 9 0 0 5 116 85 127 83 0 0 0 8 127 127 56 3 0 0 0 18 12 0 0 0 0 0 0 16 58 16 27 17 0 0 0 19 48 37 127 29 0 0 0 21 35 18 52 12 1 0 0 13 
19 0 0 0 8 135 64 58 24 0 0 0 1 67 135 96 63 0 0 0 2 48 122 133 18 0 0 0 8 39 7 25 0 0 0 0 6 107 52 21 4 0 0 0 0 20 135 59 135 23 0 0 0 19 68 135 56 4 0 0 0 55 38 36 0 2 1 3 6 11 3 1 17 47 13 0 0 1 8 5 135 128 7 0 0 6 5 12 31 3 0 0 1 40 10 9 3 10 5 2 3 0 0 0 59 78 7 0 0 0 3 10 91 108 4 0 4 10 0 7 2 0 0 0 4 19 1 0 
0 0 0 8 19 5 0 0 13 6 2 3 1 0 0 3 39 20 16 7 0 0 0 3 126 45 33 1 0 0 0 22 0 0 47 126 16 1 0 0 26 4 13 49 6 0 0 12 102 67 68 3 0 0 0 57 126 126 52 1 0 0 0 15 16 2 37 126 7 0 0 11 7 7 126 126 16 0 0 4 126 64 126 16 0 0 0 87 126 56 31 0 0 0 0 75 29 5 1 6 0 0 0 8 41 20 98 52 0 0 0 17 19 27 126 51 0 0 0 11 38 18 36 15 0 0 0 14 
2 0 0 0 0 79 115 16 0 0 0 0 7 121 87 61 77 3 0 0 4 114 55 80 43 6 0 0 4 18 4 16 17 2 0 0 0 98 119 48 19 0 0 0 6 121 102 95 121 8 0 0 2 87 21 121 89 8 0 0 3 37 21 85 9 2 0 0 0 13 28 9 11 6 0 0 4 47 31 6 121 121 0 0 1 5 4 26 87 44 0 0 1 42 21 12 2 2 1 0 0 2 4 1 19 13 6 1 0 2 1 2 121 69 0 0 0 2 0 6 23 4 0 0 2 13 2 3 
94 39 12 12 1 0 0 0 125 74 125 34 0 0 0 1 5 65 120 65 0 0 0 0 19 55 9 2 0 0 0 0 99 68 84 50 1 0 0 10 125 80 37 42 2 0 0 14 20 19 97 125 7 0 0 8 3 19 34 61 4 0 0 1 110 28 56 40 8 0 0 33 125 18 15 19 7 0 4 121 42 4 3 44 21 1 7 83 9 1 2 78 47 4 0 8 78 2 2 15 6 0 0 25 19 1 1 16 9 0 0 66 59 3 0 2 3 0 2 122 18 2 0 16 58 1 0 10 
64 35 36 36 2 0 0 7 79 33 76 134 1 0 0 16 134 8 9 67 2 0 0 107 64 7 0 0 0 0 0 13 79 76 94 77 0 0 0 32 109 96 45 134 13 0 0 8 134 11 34 134 28 0 0 90 126 7 7 6 0 0 0 56 78 19 33 39 0 0 0 43 60 21 6 10 2 0 0 30 27 8 45 134 11 0 0 13 58 14 33 24 0 0 0 9 12 2 12 26 6 0 0 3 26 0 0 0 0 0 0 35 21 0 4 6 1 0 0 24 1 0 7 7 1 0 0 1 
0 0 0 0 3 15 3 0 21 3 0 0 2 25 33 23 11 4 0 0 18 15 2 5 0 0 0 0 23 17 0 0 5 0 0 0 74 123 14 1 140 27 0 0 41 111 47 48 38 5 0 0 32 34 2 2 4 0 0 0 30 26 3 0 37 2 0 0 111 140 5 2 140 34 0 0 41 89 26 58 24 0 0 0 11 95 92 31 25 1 0 0 27 69 17 27 21 0 0 0 38 119 3 9 140 0 0 0 6 87 51 87 49 0 0 0 7 98 95 95 55 0 0 0 23 85 18 36 
26 25 19 1 0 0 0 0 12 27 104 53 0 0 0 0 0 51 105 25 0 0 0 0 0 8 65 51 0 0 0 0 129 12 4 0 0 0 0 32 129 49 129 86 0 0 0 67 9 100 129 98 0 0 0 4 8 41 100 129 0 0 0 0 97 8 31 6 0 0 0 30 129 15 6 4 0 0 0 114 74 17 51 36 0 0 0 23 12 11 33 48 0 0 0 1 48 33 72 8 0 0 0 6 129 59 63 2 0 0 0 5 67 8 1 0 0 0 0 11 1 0 0 6 0 0 0 3 
131 43 0 0 0 0 1 21 100 33 0 0 0 2 23 28 14 6 0 0 1 8 5 4 0 0 0 0 1 20 6 1 129 15 0 0 0 0 17 115 131 12 0 0 0 10 39 125 33 3 0 0 3 123 63 7 9 0 0 0 0 78 114 30 68 1 0 0 0 0 11 72 131 4 0 0 0 85 55 98 10 0 0 0 2 131 84 6 42 0 0 0 0 89 86 62 29 0 0 0 0 0 3 23 39 0 0 0 0 54 90 38 1 0 0 0 3 104 41 2 18 0 0 0 0 16 17 16 
56 17 20 4 0 0 0 8 34 29 129 76 0 0 0 4 1 36 129 68 0 0 0 0 4 4 42 57 0 0 0 1 125 8 18 1 0 0 0 46 129 26 89 62 0 0 0 112 18 61 129 116 0 0 0 6 1 10 100 129 0 0 0 0 99 42 81 9 0 0 0 16 129 66 60 4 0 0 0 47 72 12 19 14 0 0 0 14 1 3 20 63 1 1 0 0 97 42 36 2 0 0 0 14 86 43 52 2 0 0 0 14 24 3 6 2 0 0 0 18 1 0 0 5 2 0 0 3 
123 26 0 0 0 0 0 13 122 31 0 0 0 0 1 11 4 5 0 0 2 9 0 0 3 0 0 0 2 10 2 1 123 39 0 0 0 1 9 65 123 20 0 0 0 17 21 82 10 0 0 0 1 90 71 10 9 0 0 0 0 42 41 32 116 1 0 0 0 0 5 112 123 5 0 0 2 123 37 92 18 0 0 0 2 123 116 42 29 0 0 0 0 85 106 83 53 0 0 0 0 0 7 28 47 0 0 0 1 119 82 32 11 0 0 0 1 96 31 22 13 0 0 0 0 26 40 20 
31 57 23 2 0 0 0 0 7 29 126 57 0 0 0 0 3 77 125 38 0 0 0 0 8 120 26 0 0 0 0 0 126 63 6 0 0 0 0 34 117 66 126 37 0 0 0 33 2 29 126 109 0 0 0 0 29 74 67 47 0 0 0 0 126 38 0 0 0 0 0 49 126 18 7 1 0 0 0 126 23 11 30 17 0 0 0 36 2 18 60 29 0 0 0 0 99 6 0 0 0 0 0 45 126 26 0 0 0 0 0 56 73 17 0 0 0 0 0 26 7 5 1 0 0 0 0 0 
4 0 0 0 0 1 47 83 83 21 0 0 0 1 29 45 25 3 0 0 0 2 8 15 0 0 0 0 0 7 23 1 94 3 0 0 0 0 33 131 131 29 0 0 0 0 7 55 18 2 0 0 5 83 14 10 0 0 0 0 1 69 83 8 131 7 0 0 0 0 4 36 131 2 0 0 0 35 68 82 10 0 0 0 3 131 120 8 0 0 0 0 0 131 110 3 52 3 0 0 0 0 19 35 25 0 0 0 0 35 131 56 1 0 0 0 0 109 130 8 0 0 0 0 0 54 60 2 
22 42 25 3 0 0 0 0 5 24 126 58 0 0 0 0 4 101 68 15 0 0 0 0 0 107 50 3 0 0 0 0 126 47 7 0 0 0 0 28 118 58 126 66 0 0 0 42 5 70 126 116 0 0 0 0 31 118 43 16 0 0 0 1 126 12 0 0 0 0 0 50 126 12 10 2 0 0 0 126 35 8 56 35 0 0 0 38 7 18 64 22 0 0 0 1 89 2 0 0 0 0 0 31 126 23 0 0 0 0 0 51 80 17 0 0 0 0 0 17 5 1 2 2 1 0 0 1 
30 36 16 1 0 0 0 0 15 34 126 69 0 0 0 0 0 60 103 33 0 0 0 0 0 46 98 24 0 0 0 0 126 18 1 0 0 0 0 31 126 38 120 56 0 0 0 84 9 47 126 126 0 0 0 13 11 100 89 40 0 0 0 0 103 8 12 4 0 0 0 39 126 15 2 0 0 0 0 119 87 14 29 19 0 0 0 41 7 12 43 23 0 0 0 0 23 23 98 14 0 0 0 1 126 62 42 2 0 0 0 5 74 18 0 0 0 0 0 8 3 0 0 2 0 0 1 3 
88 25 0 0 0 0 10 78 62 10 0 0 0 2 26 61 21 4 0 0 0 5 10 4 0 0 0 0 1 13 8 0 77 2 0 0 0 0 7 129 129 30 0 0 0 20 7 76 17 1 0 0 1 97 90 4 4 0 0 0 0 34 129 10 129 15 0 0 0 0 5 36 129 13 0 0 0 117 88 48 1 0 0 0 1 129 129 1 43 0 0 0 0 60 129 45 36 3 0 0 0 0 14 34 17 0 0 0 0 59 120 30 1 0 0 0 0 91 60 1 50 1 0 0 0 11 12 16 
0 0 0 5 21 7 0 0 15 8 2 2 1 0 0 3 47 30 20 6 0 0 0 3 124 53 9 1 0 0 0 21 0 0 41 124 16 2 0 0 31 5 12 35 4 0 0 14 124 92 72 0 0 0 0 69 124 124 38 0 0 0 0 14 13 5 44 124 6 0 0 7 6 22 124 124 14 0 0 2 124 83 124 7 0 0 0 83 116 41 15 0 0 0 0 66 30 5 2 9 0 0 0 9 33 37 103 42 0 0 0 17 16 35 124 40 0 0 0 9 30 15 24 10 0 0 0 6 
12 2 3 3 0 0 0 2 56 5 2 1 1 2 1 37 74 42 19 0 0 11 30 64 1 54 43 0 0 22 17 0 3 3 21 88 6 0 0 0 31 6 20 21 8 2 5 18 130 70 15 1 0 0 2 87 48 116 47 4 0 0 1 6 0 0 113 130 3 0 0 0 4 30 130 97 0 0 0 0 130 130 106 9 0 0 0 24 130 27 19 8 0 0 0 13 0 2 42 85 0 0 0 0 1 31 130 73 0 0 0 0 13 79 130 7 0 0 0 1 28 19 16 1 0 0 0 2 
12 0 1 3 1 0 23 100 18 2 0 0 0 42 67 37 11 0 0 0 0 56 105 59 11 0 0 0 0 0 6 43 8 3 4 32 16 43 40 89 2 1 0 0 0 125 125 51 101 0 0 0 0 48 110 125 97 4 0 0 0 0 10 111 2 1 0 9 10 125 44 19 9 12 4 3 6 80 27 6 125 14 0 0 0 1 5 63 125 43 0 0 0 0 1 46 1 1 0 0 0 10 13 5 11 9 1 1 0 6 9 3 125 103 0 0 0 0 0 10 119 74 0 0 0 0 0 3 
20 48 12 0 0 0 0 0 9 37 128 24 0 0 0 0 3 59 128 24 0 0 0 0 14 114 25 0 0 0 0 0 128 61 2 0 0 0 0 19 128 111 128 9 0 0 0 28 3 26 128 52 0 0 0 1 20 58 108 47 0 0 0 0 128 31 3 0 0 0 0 41 128 24 7 1 0 0 0 128 28 11 28 5 0 0 0 61 3 17 43 17 0 0 0 0 83 8 0 0 0 0 0 37 128 23 0 0 0 0 0 68 79 19 0 0 0 0 0 41 15 5 0 0 0 0 0 1 
14 0 0 0 0 0 32 104 107 31 0 0 0 0 19 48 24 5 0 0 0 2 8 16 0 0 0 0 0 5 24 2 128 6 0 0 0 0 13 95 128 20 0 0 0 1 4 50 19 2 0 0 0 91 21 11 0 0 0 0 0 61 83 13 128 8 0 0 0 0 5 32 128 1 0 0 0 31 124 108 7 0 0 0 0 128 128 16 0 0 0 0 0 98 128 10 21 0 0 0 0 0 20 42 5 0 0 0 0 19 128 56 3 0 0 0 0 61 116 15 0 0 0 0 0 39 61 6 
40 0 0 21 18 0 0 14 76 21 33 44 4 0 0 18 5 0 68 116 3 1 4 9 12 5 24 31 8 5 4 4 54 7 3 126 33 0 1 3 126 63 65 19 2 0 0 5 12 12 126 106 4 5 3 4 20 14 126 126 0 0 2 6 26 19 25 81 11 0 5 55 126 89 29 25 5 4 3 22 24 3 8 7 67 91 30 36 34 2 25 46 3 15 23 110 19 2 2 3 7 0 2 76 22 14 3 0 0 13 62 85 7 0 0 0 64 126 39 17 81 0 0 0 6 17 10 77 
96 2 0 0 0 6 40 43 60 5 16 14 88 62 3 13 0 31 117 26 52 59 0 0 0 20 69 44 18 3 0 0 117 6 3 1 0 8 16 73 101 20 32 14 22 10 7 81 1 34 91 22 19 67 37 4 0 1 11 49 93 31 17 3 117 16 2 1 5 9 2 39 85 3 0 0 0 117 67 117 47 20 0 0 0 117 117 27 33 14 1 0 60 59 26 22 41 30 0 0 3 26 1 2 16 13 0 0 5 117 38 10 99 74 0 0 1 43 16 6 27 17 3 10 25 11 0 1 
1 0 4 7 3 0 0 1 27 9 4 1 1 0 0 7 34 20 36 26 1 0 1 9 28 49 16 16 2 0 0 1 0 0 11 71 36 0 0 0 44 5 5 6 3 0 0 17 133 22 90 36 0 0 0 86 77 104 133 19 0 0 0 5 4 2 43 133 74 0 0 1 6 18 133 38 1 0 0 0 133 41 82 6 0 0 0 90 130 37 42 1 0 0 0 56 10 14 73 76 10 0 0 8 11 34 133 83 1 0 0 5 32 33 133 72 2 0 0 12 72 26 19 2 0 0 0 27 
21 2 0 0 0 5 117 65 76 1 0 0 0 39 70 105 14 0 0 0 0 124 100 27 53 9 0 0 0 14 27 39 58 25 1 0 0 21 26 29 82 13 0 0 0 124 124 50 100 0 0 0 0 124 97 66 124 27 2 0 0 4 11 55 14 1 0 0 0 18 36 12 6 3 0 0 0 57 39 2 91 22 0 0 0 2 5 44 124 42 0 0 0 3 12 106 0 2 0 0 1 5 3 0 9 25 3 0 0 2 2 1 30 124 5 0 0 0 1 2 43 124 2 0 0 14 7 5 
14 3 0 0 3 36 20 2 49 110 14 0 3 6 1 1 15 115 83 91 48 2 0 0 32 18 4 45 45 3 0 1 56 2 0 0 8 24 7 17 130 89 0 0 0 0 4 45 69 44 3 21 130 130 10 25 130 18 0 6 100 64 0 13 46 0 0 0 4 11 18 38 130 5 0 0 0 29 62 127 13 0 0 0 37 130 80 35 91 0 0 0 15 35 8 65 13 0 0 0 0 5 15 20 19 0 0 0 0 27 79 54 2 0 0 0 0 58 61 10 14 0 0 0 0 1 11 42 
14 43 10 0 0 0 0 3 22 102 116 10 0 0 8 10 0 11 93 92 1 2 17 1 0 0 1 19 3 4 11 0 104 57 4 0 0 0 0 19 128 106 65 16 0 0 0 46 12 6 55 128 75 16 2 2 0 0 0 90 94 16 1 0 77 16 0 0 0 0 3 32 128 2 0 0 0 13 128 128 8 0 0 10 46 128 128 17 1 0 0 7 68 109 10 0 3 1 0 0 0 1 17 9 2 0 0 0 0 5 88 23 0 0 0 0 3 35 68 1 0 0 0 0 1 12 8 0 
19 12 2 0 0 0 0 0 6 28 66 20 0 0 0 0 0 14 98 48 3 0 0 0 0 1 10 34 20 0 0 0 79 24 2 0 0 0 0 2 128 128 128 14 0 0 0 7 0 26 128 103 60 11 0 0 4 12 28 97 126 10 0 0 76 1 0 0 0 0 2 34 128 16 8 1 0 15 49 128 1 2 19 8 56 128 94 11 18 7 3 13 99 93 3 0 8 0 1 0 0 0 0 11 14 1 1 0 0 14 71 107 1 0 0 0 0 89 93 9 21 3 0 0 1 17 3 1 
64 1 0 15 6 0 0 9 103 25 50 40 1 0 0 8 2 0 109 117 0 0 0 3 3 0 32 75 2 5 9 8 73 20 11 122 17 0 0 4 122 73 49 15 0 0 0 8 14 11 122 81 6 2 4 0 1 1 122 122 0 1 8 7 28 33 47 72 2 0 0 67 122 86 31 9 0 0 8 27 17 2 1 10 54 70 25 16 14 1 9 12 14 48 50 89 17 2 2 0 0 0 5 98 10 6 3 0 0 0 83 86 0 0 0 0 39 122 52 13 15 0 0 0 18 62 16 51 
124 3 0 0 5 3 0 35 27 5 38 42 81 34 0 13 0 17 124 41 23 8 0 0 0 9 63 47 31 0 0 0 124 10 1 1 3 1 0 70 74 26 25 17 2 6 6 50 1 21 51 26 32 47 25 2 0 0 3 58 111 14 8 2 124 16 0 0 1 3 1 67 81 2 0 0 0 124 85 102 31 5 0 0 2 124 124 41 22 2 0 1 81 57 26 35 38 18 0 0 1 30 7 6 16 4 0 0 1 124 69 12 103 64 0 0 2 48 36 15 31 14 0 0 44 35 2 5 
11 0 1 6 0 0 20 118 23 1 0 0 0 36 72 50 15 0 0 0 0 50 111 53 14 0 0 0 0 0 7 37 19 2 8 52 7 53 38 59 12 0 0 1 2 125 125 53 111 1 0 0 0 44 106 125 99 4 0 0 0 0 6 107 1 0 0 6 5 114 64 19 11 11 5 4 5 71 25 6 125 17 0 0 0 1 4 56 125 44 0 0 0 0 1 42 2 0 0 0 0 6 10 4 12 11 1 1 0 5 9 3 125 108 0 0 0 0 0 9 112 71 0 0 0 0 0 3 
15 42 12 1 0 0 0 0 6 45 123 42 0 0 0 0 52 16 54 51 1 1 3 24 8 4 3 8 34 16 8 14 124 85 3 0 0 0 0 4 101 124 124 47 0 0 0 18 2 6 109 124 48 11 2 6 2 3 4 66 56 13 5 3 124 13 0 0 0 0 0 79 97 9 1 1 0 18 69 124 0 0 1 37 68 124 74 18 1 0 0 17 61 69 9 2 26 46 57 8 0 0 0 25 15 9 28 35 18 41 58 47 3 1 2 7 5 123 56 2 4 2 0 0 0 14 7 4 
8 20 4 0 0 4 8 1 8 55 74 21 1 1 0 0 0 2 102 67 2 4 2 0 29 18 22 15 0 2 0 1 66 33 22 12 17 12 2 10 123 123 84 13 3 0 0 12 3 14 123 123 70 10 0 0 37 25 33 71 40 18 4 22 83 1 0 1 12 49 18 35 123 7 0 0 2 15 53 123 2 0 0 9 75 123 80 15 2 0 0 5 72 123 18 23 21 0 0 0 1 5 5 22 23 0 0 0 0 17 106 92 0 0 0 0 1 98 123 5 0 0 2 0 10 46 9 0 
4 0 0 3 8 0 0 1 43 9 4 0 0 0 0 15 57 14 57 49 2 0 1 23 18 24 50 23 7 0 1 4 1 4 5 14 12 1 0 0 44 11 7 1 0 0 0 15 139 17 66 33 0 0 0 72 55 59 139 30 0 0 0 2 0 19 139 68 8 0 0 0 10 21 139 33 0 0 0 0 139 45 66 3 0 0 0 78 123 19 19 0 0 0 0 42 17 37 129 42 0 0 0 5 9 5 139 133 6 0 0 4 42 39 139 44 1 0 0 13 71 19 15 0 0 0 0 22 
73 5 0 0 0 3 54 72 78 3 0 0 0 29 44 87 7 0 0 0 0 129 100 21 33 5 0 0 0 19 34 48 100 47 1 0 2 35 41 26 66 16 0 0 0 129 129 33 80 0 0 0 0 129 129 68 129 33 1 0 0 2 5 60 20 8 0 0 0 41 53 8 4 0 0 0 0 60 48 6 120 2 0 0 0 1 9 52 129 39 1 0 0 9 12 74 0 1 0 0 0 6 9 1 3 9 4 0 0 2 6 2 44 41 3 0 0 0 0 20 126 38 0 0 0 0 4 61 
26 29 8 2 12 2 0 0 20 66 119 18 0 0 0 0 3 31 103 48 3 1 0 1 3 1 21 39 14 5 3 5 119 31 14 29 5 0 0 4 119 96 79 57 0 0 5 31 0 64 119 114 28 13 1 3 3 7 19 108 119 18 0 0 55 12 3 11 0 0 6 53 95 5 2 2 0 0 70 119 1 4 15 5 32 119 57 88 5 2 0 5 86 119 3 1 4 0 0 0 1 3 13 28 1 0 0 0 0 5 71 80 2 1 0 0 4 70 102 46 7 1 0 4 6 41 3 2 
79 24 9 1 0 0 0 2 56 35 66 122 0 0 0 0 34 18 47 86 0 0 0 1 75 24 14 27 0 0 0 6 122 38 54 9 0 0 0 0 122 37 45 113 0 0 0 7 31 24 116 122 0 0 0 3 51 24 88 51 0 0 0 9 98 55 122 16 0 0 0 19 122 34 69 24 0 0 0 42 53 8 57 100 0 0 0 41 1 4 115 59 1 0 0 1 104 11 17 2 0 0 0 113 24 19 55 23 0 0 0 21 21 13 19 6 1 0 0 16 2 0 6 5 4 1 0 4 
18 0 0 0 3 68 29 27 103 6 0 0 0 1 5 88 28 11 1 2 6 22 4 7 7 3 0 0 1 6 6 8 92 16 0 0 0 49 51 30 126 17 0 0 1 18 20 61 56 2 0 0 18 120 28 20 40 0 0 0 10 24 23 36 105 18 0 0 0 9 47 23 126 60 0 0 0 85 82 27 41 0 0 0 4 126 110 55 51 0 0 0 16 111 35 85 59 6 0 0 0 2 22 27 51 7 0 0 0 113 115 19 30 0 0 0 0 79 83 62 17 0 0 0 2 114 46 42 
63 28 19 4 0 0 0 3 43 27 88 110 0 0 0 2 59 11 56 60 0 0 0 20 33 7 42 55 0 0 0 9 130 15 2 0 0 0 0 19 130 21 68 130 0 0 0 29 43 9 130 130 0 0 0 16 32 33 92 52 0 0 0 11 127 45 72 1 0 0 0 6 130 19 15 4 0 0 0 64 51 9 81 67 0 0 0 55 1 20 103 65 1 0 0 2 17 60 92 1 0 0 0 1 55 31 86 26 0 0 0 29 43 18 15 4 0 0 0 58 6 0 4 6 5 1 0 16 
40 5 0 0 0 13 23 41 119 3 0 0 0 2 8 94 40 6 2 0 15 32 2 7 11 0 0 0 4 20 20 12 99 12 0 0 0 49 30 25 132 14 0 0 0 26 20 56 52 0 0 0 23 132 31 10 45 0 0 0 8 61 38 42 92 15 0 0 0 28 42 23 132 62 0 0 0 81 79 27 10 0 0 0 1 132 132 6 39 0 0 0 0 54 61 124 52 3 0 0 0 1 21 30 43 5 0 0 0 91 121 22 4 0 0 0 0 110 92 8 23 0 0 0 0 10 27 71 
14 115 18 0 0 0 0 0 8 117 69 13 1 0 1 1 8 11 23 97 31 23 55 11 8 0 18 16 2 11 27 35 117 72 25 0 0 0 0 21 93 71 117 47 0 0 0 16 0 4 107 117 28 0 0 0 1 2 90 84 11 0 0 4 116 46 8 0 0 0 0 28 117 28 39 7 6 14 83 107 0 0 53 69 50 96 117 8 0 0 9 37 47 54 16 0 56 16 0 0 0 0 4 46 26 11 1 2 21 39 71 34 4 4 34 6 16 29 80 23 2 5 53 6 1 17 12 2 
44 4 0 1 13 25 3 8 93 50 22 3 0 0 0 9 15 20 47 86 13 0 0 4 33 1 0 9 10 11 1 29 43 107 9 37 37 8 2 3 117 117 16 1 0 0 0 14 56 40 47 117 117 6 0 8 15 9 18 55 66 18 1 8 38 33 2 9 11 5 26 105 117 33 0 0 0 22 49 99 42 4 3 17 57 117 117 30 0 2 9 35 41 60 55 14 4 0 0 0 0 0 21 117 19 0 0 0 0 39 117 102 7 0 0 0 0 64 102 36 0 0 0 0 0 45 42 13 
3 0 0 0 8 8 5 20 32 0 11 23 7 4 14 120 25 10 116 95 11 0 29 120 6 6 17 81 25 5 12 10 3 0 1 0 4 10 18 18 3 0 1 0 2 9 22 67 106 8 1 14 5 0 62 120 99 18 4 120 27 0 10 51 8 23 24 6 0 0 2 0 13 41 120 10 0 0 1 4 120 120 120 0 0 0 0 7 120 62 7 53 4 0 5 7 15 51 43 7 0 0 0 0 79 79 99 2 0 0 0 4 33 72 120 0 0 1 2 14 15 23 14 1 9 17 14 5 
15 83 26 3 12 10 6 5 8 120 26 0 10 48 107 14 8 48 3 1 5 8 120 59 14 2 9 18 13 5 14 22 117 94 10 0 31 120 22 12 0 14 5 0 65 120 107 7 120 0 0 0 0 8 120 120 119 0 0 1 1 15 34 74 12 23 7 4 16 120 28 2 1 0 2 9 25 68 3 0 120 9 0 0 1 4 13 42 95 2 0 0 0 4 80 82 0 0 8 8 5 20 3 0 1 0 5 10 19 18 3 0 22 5 0 0 3 0 7 22 40 7 0 0 0 0 15 50 
0 7 4 14 14 4 6 0 9 50 54 6 1 0 0 1 6 32 71 21 0 0 0 0 0 2 32 17 1 3 7 2 49 34 5 7 7 2 5 11 93 125 125 2 0 0 0 5 1 65 125 125 7 1 4 0 0 0 18 125 49 10 18 4 95 7 11 18 0 0 1 18 125 33 16 1 7 8 10 95 9 11 29 24 51 85 103 12 0 0 1 86 103 101 51 0 10 0 3 43 5 0 1 13 31 0 0 7 8 7 83 125 1 0 0 0 44 96 120 36 0 0 0 2 22 69 26 1 
51 48 4 18 10 0 0 0 65 118 109 58 4 0 0 0 0 18 128 116 11 0 0 0 2 2 24 59 37 3 1 1 117 34 10 13 4 0 2 31 128 56 16 36 6 3 23 115 5 24 87 76 62 79 11 14 4 7 10 50 128 50 2 0 31 1 0 0 0 3 25 71 37 0 0 0 0 13 89 128 7 0 1 0 10 128 114 57 21 8 0 1 34 100 21 2 4 1 0 0 2 10 14 16 8 12 2 1 0 4 50 47 3 9 2 4 7 38 43 14 19 2 0 2 4 6 2 11 
113 6 7 23 0 0 0 36 60 16 93 124 1 0 0 15 45 50 124 75 1 0 0 0 64 79 93 5 0 0 0 0 124 23 39 21 0 0 0 39 124 30 83 45 0 0 0 71 19 36 124 96 0 0 0 0 85 66 67 7 0 0 0 1 29 14 124 124 2 0 0 11 124 20 69 15 0 0 0 116 37 7 11 2 0 0 0 14 28 9 6 0 0 0 0 17 0 2 33 49 7 0 0 0 38 20 70 12 0 0 0 6 26 5 1 0 0 0 0 7 6 0 0 0 0 0 0 11 
9 0 0 0 0 16 47 29 2 0 0 0 3 36 28 11 0 0 1 0 4 16 2 0 0 0 0 0 0 7 4 0 85 2 0 0 0 41 132 104 105 3 0 0 0 9 28 76 5 1 0 0 6 96 29 6 20 1 0 0 0 36 40 29 132 23 1 0 0 7 37 76 132 17 0 0 0 103 42 94 43 2 0 0 4 132 56 39 120 26 0 0 0 22 15 62 74 44 2 0 5 22 15 10 58 27 0 0 1 132 83 13 91 2 0 0 0 104 37 40 132 21 0 0 0 0 0 25 
7 4 0 1 1 0 0 0 36 6 2 0 0 0 0 21 98 17 41 74 0 0 0 43 11 20 61 67 0 0 1 8 2 9 9 6 1 0 0 0 30 14 8 3 0 0 0 9 135 24 13 19 0 0 0 58 85 54 129 54 0 0 0 7 0 19 135 41 0 0 0 0 5 28 135 20 0 0 0 0 135 59 61 4 0 0 0 59 135 13 10 1 0 0 0 58 1 14 135 99 3 0 0 3 0 5 135 82 5 0 0 0 27 53 135 44 0 0 0 7 77 22 27 0 0 0 0 20 
107 16 0 0 0 3 11 79 60 5 0 0 0 47 77 41 14 0 0 0 0 131 101 24 40 2 0 0 0 13 31 58 105 72 0 0 0 73 65 21 21 5 0 0 0 131 131 14 74 0 0 0 0 100 108 89 131 30 0 0 0 0 3 75 13 4 0 0 0 62 55 7 3 1 0 0 0 40 38 8 105 2 0 0 0 0 9 58 131 31 2 0 0 0 0 66 0 0 0 0 0 7 9 2 3 2 0 0 0 2 8 5 53 3 0 0 0 0 2 29 131 15 0 0 0 1 4 74 
1 0 3 5 4 0 0 10 26 11 9 3 0 0 0 11 27 20 69 43 0 0 0 0 0 0 28 49 0 0 0 0 7 2 7 28 14 0 0 4 61 5 27 18 0 0 0 29 128 26 53 56 0 0 0 61 44 7 114 128 0 0 0 16 16 8 38 66 5 0 0 1 92 19 81 60 0 0 0 17 128 27 74 50 0 0 0 87 128 14 37 94 0 0 0 69 0 6 100 96 0 0 0 0 95 34 96 83 0 0 0 14 117 56 122 66 0 0 0 11 94 32 19 11 0 0 0 4 
130 11 0 0 0 0 1 48 130 14 0 0 18 130 19 17 63 0 0 0 3 130 90 57 41 0 0 0 0 64 43 40 130 15 0 0 0 20 26 31 77 5 0 0 17 130 56 23 130 0 0 0 4 130 59 59 102 2 0 0 0 76 70 62 51 1 0 0 0 18 34 37 14 0 0 0 9 120 39 11 59 3 0 0 1 47 39 24 130 8 0 0 0 19 14 46 9 0 0 0 0 4 9 6 5 0 0 0 12 13 6 3 18 29 0 0 2 5 6 5 29 15 0 0 1 1 8 16 
100 5 15 21 0 0 0 38 75 15 118 118 2 0 0 22 100 103 118 47 0 0 0 2 111 53 25 0 0 0 0 7 88 12 94 118 0 0 0 33 118 26 80 47 0 0 0 118 58 51 118 53 0 0 0 5 59 40 13 0 0 0 0 8 6 3 60 118 15 0 0 3 118 36 83 75 1 0 0 77 59 8 5 0 0 0 0 26 31 2 1 0 0 0 0 34 3 2 11 38 26 0 2 2 13 8 36 34 6 0 0 2 18 4 2 1 0 0 0 8 10 0 0 0 0 0 0 19 
1 0 0 0 2 18 10 2 1 0 2 0 16 50 6 0 0 0 0 0 11 20 1 0 2 2 0 0 1 12 3 0 11 0 0 0 0 67 129 54 34 0 0 0 4 44 48 31 9 0 0 0 12 103 35 15 36 14 0 0 0 11 17 19 101 1 0 0 0 37 129 97 129 2 0 0 9 129 26 90 126 9 0 0 17 129 34 45 118 48 1 0 0 3 4 20 83 23 1 0 0 7 15 25 86 11 0 0 6 129 33 33 129 11 0 0 1 88 11 45 120 37 3 0 2 9 1 6 
46 96 33 1 0 0 0 5 8 79 62 32 2 0 0 0 0 5 32 122 43 1 0 0 0 8 64 30 3 0 0 0 122 37 20 3 0 0 0 61 65 40 122 50 1 0 2 17 0 5 122 122 58 11 1 0 0 5 50 63 44 6 0 0 122 48 6 0 0 0 0 51 86 23 30 6 14 31 122 103 0 0 19 27 61 122 122 3 0 0 1 7 48 82 19 0 52 37 0 0 0 2 10 23 13 11 3 22 41 47 74 16 6 6 50 16 14 18 67 11 1 18 55 6 1 14 9 0 
69 13 0 0 0 0 0 15 38 47 55 10 0 0 0 5 9 3 45 94 13 0 0 2 47 2 2 8 5 1 2 34 54 119 23 0 0 0 0 7 119 119 54 13 1 0 0 16 17 26 59 119 119 0 0 4 37 21 20 30 61 13 2 16 52 44 5 0 0 0 11 66 119 40 2 0 0 15 45 54 29 7 7 44 119 113 94 25 1 21 29 49 59 18 33 12 24 1 0 0 0 1 39 97 26 5 0 0 0 87 119 49 4 0 0 0 0 86 119 30 0 0 0 0 3 24 57 33 
85 6 14 23 0 0 0 41 45 11 53 132 0 0 1 25 5 37 86 60 7 0 2 4 62 46 40 18 0 0 0 0 132 12 4 0 0 0 0 33 132 51 73 111 0 0 0 39 4 76 132 103 0 0 0 0 33 69 132 55 0 0 0 0 88 37 56 13 0 0 0 26 132 31 17 4 0 0 0 132 22 11 24 9 0 0 0 10 9 10 28 4 0 0 0 2 4 29 88 55 0 0 0 1 112 38 70 23 0 0 0 59 46 5 2 1 0 0 0 18 3 0 0 0 1 0 0 4 
14 0 0 0 0 32 73 64 25 0 0 0 0 6 10 37 1 1 0 0 1 11 4 0 0 0 0 0 0 16 15 2 128 1 0 0 0 13 56 118 121 0 0 0 0 2 27 125 10 2 0 0 15 108 11 5 38 0 0 0 9 128 52 29 88 19 2 1 6 5 28 50 128 25 0 0 0 65 73 85 5 0 0 0 12 128 105 10 67 1 0 0 6 101 31 77 67 21 1 1 8 16 5 6 82 24 0 0 4 128 34 14 0 0 0 0 1 128 52 8 39 0 0 0 0 5 9 38 
1 0 3 3 0 0 0 11 24 9 6 1 0 0 0 22 59 31 54 21 0 0 0 6 8 5 54 96 0 0 0 0 23 3 19 17 2 0 0 3 45 5 34 46 0 0 0 26 120 13 15 9 0 0 0 58 120 13 82 120 0 0 0 48 34 6 40 47 1 0 0 6 102 18 90 96 0 0 0 22 120 20 96 83 0 0 0 47 120 24 8 14 0 0 0 91 2 3 74 120 0 0 0 0 110 45 86 34 0 0 0 27 76 44 120 98 0 0 0 14 73 44 34 20 0 0 0 2 
137 19 0 0 4 24 6 14 32 1 0 0 35 137 37 5 109 0 0 0 0 77 92 74 47 0 0 0 0 71 29 35 137 11 0 0 0 93 56 42 13 0 0 0 13 137 45 11 137 1 0 0 1 94 43 74 56 0 0 0 0 112 72 78 23 0 0 0 0 42 52 39 24 1 0 0 11 108 20 5 106 5 0 0 0 68 43 29 104 4 0 0 0 45 19 42 3 0 0 0 2 7 13 7 10 0 0 0 16 14 5 4 19 6 0 0 0 16 17 10 67 14 0 0 0 2 1 10 
6 3 0 1 3 4 23 36 6 56 61 7 13 11 11 4 7 23 84 46 5 3 10 7 3 1 19 18 3 1 13 25 123 27 0 0 0 0 8 32 128 128 79 6 0 1 3 7 4 19 128 128 3 6 10 1 0 1 101 120 33 4 1 1 128 6 0 0 0 0 0 16 128 11 1 0 0 51 55 76 4 1 5 16 3 81 128 44 0 0 8 26 88 60 46 29 61 1 0 0 0 0 0 30 42 0 0 0 9 57 51 83 10 0 0 1 19 61 71 59 5 0 0 0 10 56 40 42 
1 0 11 9 0 0 0 1 11 3 7 2 0 0 0 11 88 8 0 0 0 0 0 28 129 21 1 0 0 0 0 19 6 14 28 22 0 0 0 3 2 1 33 37 4 5 2 4 129 29 11 1 0 0 2 39 129 129 8 0 0 0 0 32 29 107 72 17 0 0 0 0 27 44 129 129 0 0 0 3 75 42 129 89 0 0 0 17 129 71 20 2 0 0 7 129 11 40 58 3 0 0 0 0 37 19 40 41 0 0 8 40 7 14 129 104 0 0 7 49 40 28 50 51 1 0 1 27 
1 0 0 0 0 55 125 33 3 0 0 0 11 133 133 67 84 7 0 0 8 124 96 58 86 14 0 0 20 33 4 11 0 0 0 0 0 108 115 5 16 0 0 0 2 104 133 24 133 33 0 0 0 21 23 81 120 21 0 0 39 40 8 9 1 0 0 0 0 33 22 3 26 10 5 4 3 15 2 2 133 38 1 0 0 3 32 67 50 5 0 0 4 22 57 76 6 0 0 0 0 6 2 2 24 9 2 0 0 1 2 4 33 7 0 0 0 2 34 63 48 0 0 0 0 0 28 81 
4 0 2 3 0 1 4 12 10 1 0 0 0 9 17 13 120 22 1 6 8 0 2 17 38 18 5 74 59 22 0 2 0 6 20 56 10 0 0 2 18 4 6 6 1 0 1 6 120 19 3 3 0 0 0 98 107 7 10 120 74 7 2 72 0 29 86 120 3 0 0 0 2 36 102 120 0 0 0 0 46 120 84 1 0 0 0 19 59 61 32 9 112 28 3 37 10 25 21 39 0 0 0 2 2 36 120 114 0 1 3 3 1 120 87 2 5 1 1 5 0 19 18 11 120 37 0 0 
6 0 2 7 1 2 25 78 10 34 89 23 2 0 106 114 7 25 89 88 2 9 117 46 11 3 33 117 3 3 6 12 0 0 0 1 12 14 21 15 2 0 0 0 0 4 117 61 117 8 0 2 0 4 117 114 117 23 25 74 0 0 4 38 0 2 9 0 3 11 9 1 5 32 23 0 0 0 7 9 117 117 37 0 0 0 0 17 117 47 5 0 1 4 7 25 18 20 17 0 0 0 0 1 31 117 75 0 0 0 0 5 15 117 73 0 0 0 1 12 12 35 14 0 7 9 4 3 
35 94 36 2 14 14 1 9 4 123 39 1 16 75 75 45 2 32 11 0 0 1 123 97 4 1 3 8 21 7 26 28 117 86 7 1 36 123 13 13 1 5 1 2 76 123 82 25 45 0 0 0 0 2 123 123 123 2 1 2 1 3 24 100 5 15 2 1 10 123 38 4 0 0 0 2 18 70 5 0 102 4 0 0 0 7 8 33 123 2 0 0 0 2 21 77 0 0 5 12 5 13 3 0 0 0 4 15 16 7 1 0 50 14 0 0 2 1 3 10 52 5 0 0 0 0 44 46 
72 36 19 4 0 0 0 0 38 38 79 116 0 0 0 0 35 31 51 66 0 0 0 0 116 43 5 4 0 0 0 9 116 77 92 12 0 0 0 1 116 51 73 116 0 0 0 13 19 20 116 116 0 0 0 3 108 34 69 19 0 0 0 22 116 44 89 20 0 0 0 65 85 35 71 29 0 0 0 29 21 3 68 87 1 0 0 19 8 13 95 27 0 0 0 3 116 1 2 1 0 0 0 116 36 9 22 7 0 0 0 39 3 1 5 10 3 0 0 4 1 0 3 2 1 0 0 3 
3 0 0 0 5 103 32 10 65 2 0 0 1 19 18 79 13 7 2 0 2 4 1 7 6 6 0 0 0 3 0 0 54 4 0 0 0 96 108 29 127 16 0 0 0 11 15 94 59 10 1 0 3 56 20 22 11 3 0 0 13 41 8 17 89 17 0 0 0 6 43 38 127 59 0 0 0 52 70 48 70 1 0 0 2 126 94 62 36 0 0 0 42 127 12 34 51 6 0 0 0 0 20 33 63 14 0 0 0 81 127 36 47 0 0 0 0 69 111 102 10 0 0 0 14 127 38 24 
50 2 0 0 16 12 2 19 99 62 30 15 0 0 0 12 18 19 39 99 35 1 0 11 15 0 2 4 27 18 2 15 73 88 4 35 35 5 1 9 121 121 8 8 5 0 0 28 45 24 30 121 121 22 4 13 2 5 26 67 55 18 4 4 46 40 2 24 31 13 25 62 121 19 0 0 0 40 31 106 27 2 1 9 38 121 102 29 0 0 1 10 33 103 55 6 1 0 0 0 0 1 40 111 14 0 0 0 0 58 107 109 4 0 1 0 0 89 65 27 1 0 1 1 2 39 18 6 
0 47 35 7 1 0 0 0 0 42 82 33 6 0 0 0 0 48 119 59 25 0 0 0 0 0 16 118 17 0 0 0 58 63 39 10 0 0 10 20 50 119 119 25 28 3 7 7 0 46 86 58 119 38 0 0 5 5 15 116 66 17 1 1 86 24 3 3 15 8 23 32 119 22 1 1 61 53 35 70 0 0 0 4 119 119 8 0 71 13 7 4 24 111 19 29 18 8 2 7 35 5 0 13 33 1 0 0 14 46 51 66 0 3 1 2 103 102 11 0 22 36 9 0 20 17 2 10 
15 55 94 24 3 0 0 0 8 82 125 38 1 2 3 2 26 93 125 51 0 0 0 0 40 42 27 3 2 2 0 2 72 107 47 0 15 85 24 23 86 25 117 38 1 10 12 46 4 18 70 64 24 17 2 2 1 5 14 10 26 18 5 0 121 13 0 0 20 125 31 60 125 6 0 2 4 14 5 118 8 0 1 14 59 105 4 7 0 0 0 2 9 19 11 6 53 0 0 0 6 39 8 57 125 0 0 0 17 11 0 125 20 3 0 5 60 45 1 5 4 4 1 2 2 1 3 2 
78 43 19 0 0 0 0 1 130 84 122 98 20 0 0 13 4 29 64 92 23 0 0 0 56 20 23 18 1 0 0 2 99 61 72 11 2 1 0 4 130 28 13 89 63 5 2 85 8 21 98 120 72 5 3 12 21 16 30 46 27 7 3 9 53 10 6 6 10 9 6 25 130 3 0 6 25 17 19 130 9 3 3 14 91 36 63 95 39 11 4 15 68 24 18 21 14 3 4 6 1 0 0 5 36 1 7 10 3 1 6 99 15 0 0 0 39 25 29 65 45 3 0 2 15 17 18 23 
122 3 1 0 1 2 0 30 51 3 29 44 67 28 0 16 0 8 122 60 25 6 0 0 0 5 68 46 33 0 0 0 122 12 2 3 5 4 0 48 115 18 20 12 0 4 4 55 1 18 50 28 38 35 18 1 0 0 4 64 120 8 6 0 122 19 0 0 1 4 1 47 105 2 0 0 0 94 80 106 22 3 0 0 3 122 122 39 16 2 0 5 87 50 31 29 40 22 0 0 0 25 5 3 19 3 0 0 1 122 74 11 98 57 0 0 1 51 45 21 33 15 0 0 44 37 2 8 
3 0 10 7 0 0 0 7 32 5 2 1 0 0 0 28 118 43 15 2 0 0 0 18 51 28 74 97 0 0 0 13 41 10 33 36 0 0 0 8 43 6 54 74 0 0 0 10 118 18 5 4 0 0 0 60 118 14 20 32 0 0 0 97 75 20 36 11 0 0 0 19 90 30 118 118 0 0 0 25 100 56 118 107 0 0 0 17 118 62 6 1 0 0 0 36 14 19 81 19 0 0 0 3 118 36 70 17 0 0 0 29 44 25 118 93 0 0 0 6 49 42 45 20 0 0 0 0 
97 17 0 0 8 81 11 5 0 0 0 0 7 133 82 3 109 0 0 0 0 33 120 62 65 0 0 0 0 26 11 23 60 5 0 0 1 133 101 25 12 0 0 0 0 133 73 9 133 2 0 0 0 36 49 70 74 0 0 0 0 119 82 45 1 0 0 0 2 67 63 12 47 6 0 0 1 76 28 9 133 17 0 0 0 70 51 32 37 0 0 0 0 95 60 62 0 0 0 0 6 21 6 2 40 5 0 0 4 15 7 6 37 5 0 0 0 50 35 16 35 0 0 0 0 9 7 22 
0 0 1 38 70 23 0 0 0 1 0 6 60 33 2 0 37 2 1 3 3 0 0 11 131 37 8 0 0 0 0 43 0 0 1 131 114 9 0 4 0 10 47 91 62 5 0 0 17 26 12 18 8 0 0 2 131 66 3 0 0 0 0 80 14 2 12 75 14 0 0 8 5 14 131 131 28 0 0 1 5 131 94 119 21 0 0 0 45 131 91 3 0 0 0 3 15 0 0 0 0 0 0 9 49 9 25 55 4 0 0 19 42 131 82 62 3 0 0 9 17 44 49 18 0 0 0 2 
3 0 2 2 0 1 9 12 9 0 1 0 0 0 86 82 61 0 0 0 0 0 130 130 98 6 0 0 0 0 18 89 2 1 14 49 15 1 0 0 13 12 28 6 0 0 1 7 130 26 41 3 0 0 0 39 130 62 7 0 0 0 1 46 1 5 103 129 4 0 0 0 13 130 130 32 0 0 0 1 59 130 130 6 0 0 1 18 119 67 47 1 0 1 14 69 0 4 54 16 0 2 7 1 0 26 93 4 0 0 11 10 5 27 17 0 0 0 17 22 1 3 5 0 0 1 31 30 
0 0 0 0 17 87 99 6 7 0 0 0 2 48 130 59 47 1 0 1 16 67 115 69 5 0 0 1 33 28 1 3 0 0 0 0 130 130 63 0 42 3 0 0 0 42 130 26 130 5 0 0 2 17 59 130 17 0 0 0 17 21 5 27 1 0 0 0 93 82 9 0 28 6 0 0 1 8 13 12 130 31 0 0 0 1 14 130 95 4 0 1 11 9 0 28 2 2 0 1 11 13 3 0 14 47 14 1 0 0 2 1 104 126 4 0 0 0 1 5 57 15 0 2 6 2 0 4 
22 32 15 2 0 5 27 14 4 28 86 13 0 15 35 3 2 9 100 10 6 8 4 2 0 4 45 10 12 6 0 0 120 51 7 1 0 0 1 63 68 123 123 14 1 1 5 40 2 15 123 62 71 43 0 0 0 1 38 25 97 57 0 0 116 25 7 0 0 0 1 50 123 54 2 1 3 74 51 85 22 22 11 7 49 123 26 7 25 53 112 26 37 28 2 11 22 2 0 0 0 0 22 58 37 3 0 0 0 42 123 76 31 11 1 0 0 70 53 36 26 9 4 3 4 7 52 72 
45 10 13 7 0 0 0 5 39 26 99 54 0 0 0 2 107 23 37 27 3 14 25 59 3 2 3 8 55 72 24 8 101 9 7 7 4 1 2 11 123 58 76 43 0 0 2 17 10 6 52 123 25 8 21 23 1 0 0 74 54 33 31 10 85 11 0 16 33 3 5 29 123 13 1 1 6 40 65 123 2 1 3 72 50 89 123 51 0 0 0 43 123 78 38 2 15 2 0 6 30 13 22 31 7 2 0 0 1 66 117 51 8 0 0 0 1 52 114 24 0 0 0 0 22 55 22 1 
17 38 42 10 0 0 0 0 18 98 100 68 1 0 0 0 0 4 64 109 17 3 0 0 0 0 24 45 14 1 0 0 83 41 48 18 4 0 0 5 122 65 41 86 10 1 0 31 0 5 122 122 82 39 0 1 0 4 42 87 68 26 2 0 28 18 53 44 58 51 7 15 122 2 1 7 16 47 25 122 0 2 1 6 78 122 17 15 19 32 3 2 47 80 4 0 4 0 0 0 15 104 25 12 29 0 0 0 4 46 22 108 5 0 0 0 14 116 15 15 26 20 3 0 3 5 0 5 
22 11 3 16 54 12 0 0 20 11 11 9 43 22 9 35 39 23 16 20 22 5 3 75 1 3 12 34 21 18 4 2 52 12 0 19 120 12 2 8 2 1 3 27 104 14 16 42 83 4 20 22 3 1 18 120 54 7 28 120 59 3 0 74 76 13 14 79 33 2 1 21 4 44 90 120 35 0 1 1 67 120 120 7 0 0 1 28 108 104 48 114 70 2 3 28 92 12 0 10 0 0 0 8 22 30 70 76 1 0 0 2 51 90 75 4 2 6 4 6 10 23 18 16 18 18 20 8 
113 8 12 5 3 41 13 39 0 8 13 4 27 86 113 14 6 0 0 0 14 45 69 52 3 0 0 0 36 27 3 13 113 14 0 20 83 95 12 73 0 0 1 28 82 113 113 42 63 0 0 1 0 28 113 113 41 0 0 1 69 44 6 84 55 12 2 31 63 2 23 88 4 0 9 113 113 4 7 12 113 51 4 27 9 0 5 27 77 42 0 1 62 27 2 21 23 17 7 4 9 7 16 6 9 3 4 42 55 24 27 2 77 68 5 17 10 8 7 3 30 15 0 0 32 40 3 2 
14 45 77 16 11 8 2 2 1 74 131 14 6 11 6 4 22 105 131 22 3 1 0 0 34 56 19 2 3 3 0 0 67 117 52 3 9 108 31 30 98 39 131 18 1 13 12 54 2 20 85 40 31 46 8 2 0 5 12 5 18 20 11 1 71 6 0 0 4 131 47 95 131 0 0 1 14 25 4 131 14 3 0 4 53 106 5 8 3 2 0 1 5 11 10 2 47 2 0 0 1 14 5 21 131 34 0 3 13 3 0 67 20 6 0 16 62 8 3 9 3 1 0 0 3 4 7 5 
16 18 5 4 15 2 0 0 18 63 99 10 0 0 0 0 6 36 87 34 2 1 1 1 2 4 21 36 10 5 2 7 94 26 8 33 8 1 0 1 117 117 80 46 1 0 1 18 1 78 117 115 15 4 1 2 1 15 26 117 117 10 0 0 55 9 13 16 2 0 3 39 117 12 4 4 1 0 46 117 3 9 23 11 32 99 65 84 2 2 1 11 107 117 1 0 7 0 0 0 0 2 8 33 4 0 0 0 0 5 64 93 1 0 0 0 6 65 117 61 3 0 0 2 12 65 8 1 
6 1 2 18 2 0 0 17 17 1 1 3 2 0 6 37 25 11 27 17 0 0 0 9 41 26 11 4 0 0 0 0 5 4 57 109 0 0 0 2 37 3 16 59 0 0 0 20 125 29 47 19 0 0 0 33 65 50 114 45 0 0 0 2 55 29 75 72 0 0 0 45 11 16 125 125 0 0 0 2 125 93 81 26 0 0 0 13 125 59 96 18 0 0 0 2 71 7 3 4 0 0 0 125 32 10 87 105 0 0 0 93 50 49 125 65 0 0 0 2 77 25 11 1 0 0 0 2 
25 0 0 0 0 43 77 41 77 0 0 0 0 59 86 95 28 0 0 0 0 97 122 41 58 0 0 0 3 12 14 41 65 0 0 0 0 23 50 34 50 0 0 0 0 122 122 37 122 12 0 0 0 60 94 106 122 11 0 0 37 58 5 44 20 4 0 1 4 28 19 8 12 2 0 0 5 81 23 5 122 63 0 0 0 10 7 43 90 17 0 0 44 122 29 35 1 10 2 2 15 15 1 0 24 8 0 0 12 28 2 1 122 19 0 0 0 9 7 31 13 0 0 0 20 106 12 19 
16 28 13 2 0 0 3 0 16 69 94 35 1 0 0 0 1 2 86 107 3 2 1 0 37 28 15 16 0 1 0 2 101 23 15 8 21 29 5 13 121 121 57 28 13 5 0 24 0 6 59 121 109 24 0 1 58 48 15 48 31 14 6 37 114 0 0 0 3 31 16 40 121 3 0 0 6 38 78 121 0 0 0 5 78 121 75 7 9 0 0 2 46 101 23 66 21 0 0 0 0 1 5 27 12 0 0 0 0 22 113 66 0 0 0 0 3 80 98 3 0 0 3 2 8 30 4 3 
5 2 4 7 0 0 0 2 9 2 5 8 0 0 0 13 91 5 0 0 0 0 8 76 122 13 0 0 0 0 3 70 10 22 26 27 1 0 0 2 6 14 48 47 1 0 0 2 122 39 9 11 0 0 0 14 122 117 8 1 0 0 0 5 0 39 122 108 0 0 0 1 9 105 122 117 0 0 0 3 122 73 122 122 0 0 0 18 122 95 25 11 3 0 5 79 3 1 20 8 0 0 1 11 10 18 23 13 0 0 1 22 22 12 75 72 0 0 3 62 40 17 31 19 0 0 4 41 
2 0 0 0 0 51 82 13 13 4 0 1 12 118 129 55 79 9 0 0 20 126 80 50 29 4 0 0 36 25 3 6 0 0 0 0 13 129 129 0 27 2 0 0 0 129 129 22 129 34 0 0 4 38 54 86 30 3 0 0 21 25 13 13 0 0 0 0 38 63 18 0 45 14 0 0 0 16 10 7 129 15 0 0 0 2 42 129 69 2 0 0 5 7 15 61 3 1 0 0 9 11 1 0 18 5 0 0 0 8 8 4 103 12 0 0 0 4 15 41 127 7 0 0 5 1 0 14 
38 41 26 1 0 0 0 0 33 35 112 52 0 0 0 1 69 26 63 27 0 0 0 23 17 22 64 25 0 0 0 5 136 22 4 0 0 0 0 21 136 40 133 100 0 0 0 23 28 29 136 110 0 0 0 10 18 86 117 11 0 0 0 4 136 25 8 0 0 0 0 13 136 13 6 3 0 0 0 68 46 12 87 20 0 0 0 62 2 17 73 23 5 0 0 6 36 86 58 0 0 0 0 2 96 53 60 2 0 0 0 42 47 19 14 1 0 0 0 60 6 0 2 1 5 1 1 16 
45 6 0 0 0 4 19 50 101 3 0 0 0 2 15 108 39 8 7 1 5 17 3 6 6 0 1 0 3 21 11 7 79 10 0 0 0 50 49 32 134 22 0 0 0 14 24 69 57 1 0 0 10 96 41 18 21 0 0 0 5 68 58 24 99 18 0 0 0 14 43 33 134 59 0 0 0 53 131 30 10 0 0 0 0 134 134 5 31 0 0 0 0 66 106 84 38 1 0 0 0 0 24 39 21 0 0 0 0 45 134 24 1 0 0 0 0 71 134 3 19 0 0 0 0 10 39 70 
62 8 0 0 0 1 8 87 29 0 0 0 1 94 122 76 7 0 0 15 15 49 122 82 5 0 0 38 95 7 7 30 31 31 4 4 23 84 17 12 5 0 0 0 8 122 122 13 122 23 0 0 0 28 91 100 81 7 0 1 122 16 3 38 1 3 1 15 78 94 3 1 11 32 2 4 24 50 4 0 122 92 0 0 0 1 3 18 66 11 3 19 72 10 4 16 0 0 23 75 28 4 0 0 22 32 21 57 10 2 0 0 101 36 0 0 0 0 0 23 64 6 4 19 11 0 0 21 
91 9 3 1 0 0 1 70 51 2 1 0 0 77 123 123 15 0 0 15 17 83 123 66 10 0 0 28 100 13 16 27 39 42 23 14 16 68 4 6 12 7 0 0 13 123 110 18 123 56 0 0 0 48 92 58 79 15 1 6 108 28 7 18 7 3 11 47 83 56 4 7 16 47 20 41 35 49 0 0 123 107 0 0 0 2 0 23 67 18 6 42 40 11 0 16 8 1 9 35 7 24 21 14 12 17 20 51 14 20 10 2 94 17 2 0 0 0 0 25 58 1 0 3 29 24 0 20 
34 0 0 7 3 0 4 112 18 6 0 1 0 36 84 72 20 2 0 0 0 56 125 37 32 0 0 0 0 2 12 39 16 4 13 37 13 79 36 45 10 1 0 0 0 125 125 64 97 3 0 0 0 32 106 125 125 3 0 0 0 0 4 98 0 0 0 3 7 125 43 5 16 15 3 1 6 46 34 15 125 47 0 0 0 0 4 61 125 42 0 0 0 0 9 43 0 1 2 1 1 5 4 0 14 14 3 1 1 0 2 3 125 45 0 0 0 0 0 19 117 63 0 0 0 0 1 10 
0 1 13 4 0 0 0 1 13 3 5 1 1 1 0 15 131 26 0 0 0 0 0 38 131 69 4 1 0 0 0 14 7 16 29 20 2 0 0 2 6 6 66 28 6 4 1 4 131 57 29 0 0 0 0 70 131 92 6 4 0 0 16 115 51 113 55 8 0 0 0 1 37 49 131 114 0 0 0 8 65 79 131 68 0 0 0 22 125 44 19 10 0 0 16 99 21 59 43 0 0 0 0 0 35 19 29 18 0 0 14 43 9 8 97 50 0 0 19 65 20 16 50 24 0 0 6 23 
7 4 0 0 0 16 118 64 2 2 0 1 49 138 138 37 56 9 0 0 10 83 104 39 53 11 1 5 20 23 5 15 0 0 0 0 0 73 138 25 25 0 0 0 0 138 138 53 138 32 0 0 0 19 49 88 90 15 0 0 38 56 6 6 2 0 0 1 0 35 20 2 54 12 4 5 2 9 11 11 138 43 0 0 0 9 42 71 32 7 0 0 12 31 55 43 9 0 0 0 0 4 1 4 24 12 3 1 0 2 4 6 39 7 0 0 0 2 55 82 31 0 0 0 0 1 37 86 
87 5 9 5 0 0 0 29 69 6 85 129 0 0 0 27 13 22 83 128 0 0 3 12 2 33 69 28 1 0 2 1 129 31 1 0 0 0 0 14 129 103 36 43 0 0 0 31 22 47 129 129 0 0 0 1 0 75 129 47 0 0 0 0 106 43 35 3 0 0 0 27 129 54 8 1 0 0 0 100 16 15 19 15 1 0 1 10 8 11 14 4 0 0 0 0 13 37 88 34 0 0 0 2 129 39 43 19 0 0 0 49 39 6 0 1 0 0 0 15 4 1 0 1 1 0 0 2 
123 0 0 0 0 0 6 70 20 0 0 0 0 3 13 34 4 3 0 0 1 5 5 1 0 0 1 0 1 7 13 0 120 2 0 0 1 1 38 123 123 2 0 0 0 1 20 90 7 2 0 1 7 79 18 11 16 0 0 0 3 123 65 20 123 36 0 0 6 14 6 21 123 23 0 0 0 86 114 33 0 0 0 0 0 123 123 17 68 2 0 0 0 123 42 46 91 25 0 0 0 20 10 12 27 4 0 0 0 123 66 10 1 0 0 0 0 77 94 6 8 0 0 0 0 8 15 49 
14 4 0 0 0 1 27 38 24 98 60 3 7 7 10 6 2 38 126 57 2 2 2 0 2 1 60 54 1 3 3 4 126 14 0 0 0 0 4 18 126 126 25 0 0 4 7 18 15 30 104 71 1 26 65 6 0 0 79 103 29 13 22 2 126 6 0 0 0 0 0 16 126 0 0 0 1 56 62 110 7 0 0 0 5 126 126 59 2 0 0 3 27 56 96 74 29 3 3 0 0 0 0 18 23 0 0 0 5 22 37 82 4 0 0 1 33 53 28 32 4 0 0 0 0 26 43 38 
17 33 14 2 0 12 28 7 3 61 86 5 0 15 14 1 0 41 116 15 15 5 0 0 0 6 21 9 39 19 0 0 116 54 5 2 0 0 3 67 62 117 105 5 4 6 7 40 2 35 92 37 117 78 0 0 0 31 82 23 84 27 0 0 117 24 5 0 0 0 2 55 117 41 1 0 13 102 41 80 38 28 3 2 57 117 15 24 39 69 51 17 24 26 21 42 28 3 1 0 0 0 21 36 44 2 0 0 0 60 110 55 19 7 0 0 1 84 38 30 5 0 0 0 1 30 92 42 
47 10 12 12 0 0 0 2 42 23 77 74 0 0 0 2 114 39 30 26 3 8 17 50 2 3 9 33 71 44 15 6 116 16 2 4 5 2 1 13 116 45 71 92 0 0 2 15 13 3 22 116 25 17 36 42 0 0 0 36 54 60 35 12 97 18 0 6 20 4 6 45 108 7 1 7 4 34 94 116 1 0 0 116 84 37 116 69 0 0 0 48 103 41 30 10 8 1 0 0 9 12 36 41 4 0 0 0 0 33 116 48 5 1 0 0 6 32 116 42 0 0 0 0 27 60 20 2 
32 28 28 13 1 0 0 0 36 97 85 56 4 0 0 0 0 5 51 123 23 4 0 0 0 0 14 45 18 2 0 0 54 55 61 20 3 0 0 1 123 61 24 66 17 0 0 29 13 7 100 123 73 20 1 4 0 1 41 120 64 17 3 0 27 37 56 49 51 43 11 15 123 1 4 18 39 28 23 123 14 0 5 10 93 123 18 33 10 19 3 7 68 88 11 0 5 0 0 0 12 93 41 20 40 0 0 0 8 50 24 98 8 0 0 0 22 123 17 30 19 20 3 2 9 15 0 1 
13 0 1 0 13 5 2 22 27 1 5 3 5 9 13 53 99 9 2 24 29 13 1 45 8 5 7 30 34 21 6 3 7 0 9 15 28 2 1 6 20 0 5 4 0 8 25 35 119 2 14 47 9 2 3 119 41 10 34 119 59 11 3 43 0 26 90 57 26 0 0 0 3 35 119 82 0 0 1 3 119 119 74 18 0 0 0 50 69 79 7 74 119 12 4 27 4 24 81 32 2 0 0 0 32 73 119 43 0 0 1 1 18 119 119 32 0 6 10 7 11 42 6 46 114 5 7 6 
31 55 11 2 1 5 12 8 25 122 61 4 6 74 40 6 15 122 30 1 2 21 122 82 14 10 7 20 22 8 24 30 34 95 43 4 3 71 38 8 26 48 3 0 23 122 69 9 122 1 0 0 2 38 114 122 122 1 0 7 2 10 34 92 1 6 8 9 12 89 34 0 1 0 4 19 27 68 11 0 111 14 0 0 7 4 7 51 107 3 0 0 0 2 39 122 9 3 5 3 12 35 9 2 1 5 9 2 13 30 7 0 24 47 11 0 2 1 0 15 70 80 4 0 0 0 0 27 
123 8 3 2 2 36 5 30 15 4 10 9 8 123 115 36 0 1 3 3 21 51 123 76 0 0 0 0 8 28 55 23 123 19 5 23 57 58 4 38 4 0 1 45 123 123 51 25 1 0 0 2 4 27 123 123 22 0 0 0 0 24 117 70 61 12 4 25 54 9 26 123 14 4 7 97 123 6 9 37 0 4 22 26 21 0 7 10 41 3 0 2 4 0 14 20 36 32 7 2 14 6 2 10 17 11 6 29 99 19 1 7 2 6 13 42 34 3 2 3 20 10 1 6 9 0 0 1 
93 6 17 30 0 0 0 44 81 14 110 124 0 0 0 29 124 122 72 35 0 0 0 10 80 27 18 13 2 0 0 6 79 10 57 124 0 0 0 35 124 23 72 68 0 0 0 124 87 60 91 45 0 0 0 7 54 22 5 4 1 0 0 11 8 2 31 124 22 0 4 4 124 28 57 113 5 0 0 92 77 8 6 0 0 0 0 33 33 2 2 0 1 0 0 28 11 1 9 37 22 0 0 17 16 7 37 48 11 0 0 3 28 5 3 1 0 0 0 12 13 0 0 0 0 0 0 26 
4 3 0 0 3 11 2 0 0 0 1 1 24 41 2 0 0 0 0 1 17 22 4 0 9 4 0 0 1 11 5 2 8 1 0 0 2 76 56 6 17 0 0 0 13 63 39 17 19 1 0 0 48 123 30 18 64 19 1 0 0 11 13 26 36 0 0 0 3 124 124 37 124 0 0 0 34 112 51 88 124 9 0 0 77 124 8 42 124 44 2 1 2 8 4 18 56 1 0 0 1 25 42 25 113 1 0 0 27 124 22 54 124 3 0 0 27 123 3 39 124 18 0 1 2 8 3 14 
5 0 3 1 0 0 2 11 39 9 2 0 0 0 0 30 124 51 19 3 0 0 0 29 57 17 94 62 0 0 0 24 23 6 55 34 0 0 0 5 56 10 45 30 0 0 0 20 124 20 3 0 0 0 0 85 124 8 13 6 0 0 0 107 99 24 38 19 0 0 0 28 51 30 124 106 0 0 0 14 117 89 124 45 0 0 0 13 124 89 7 1 0 0 0 15 44 37 46 0 0 0 0 12 124 37 78 10 0 0 0 37 27 32 124 41 0 0 0 6 38 28 43 16 0 0 0 2 
104 14 0 0 0 1 8 80 50 3 0 0 0 40 51 34 20 1 0 0 0 100 87 23 21 0 0 0 0 2 21 31 115 67 0 0 0 61 68 24 19 3 0 0 0 126 126 19 116 4 0 0 0 96 88 117 118 24 0 0 0 0 4 58 16 5 0 0 1 66 62 8 5 0 0 0 0 41 56 19 126 2 0 0 0 0 8 91 126 28 5 0 0 0 0 48 0 0 0 0 0 8 7 2 7 1 0 0 0 2 5 6 126 4 0 0 0 0 0 39 126 30 3 0 0 0 2 20 
11 2 0 27 11 0 0 10 26 0 0 2 6 5 5 49 1 3 7 15 13 6 7 13 25 24 6 8 2 0 0 0 26 20 35 92 4 0 0 6 25 1 18 86 1 0 1 31 80 20 37 15 0 0 0 18 51 71 41 20 0 0 0 0 107 21 43 41 0 0 0 80 23 17 89 123 1 0 0 11 123 81 71 65 0 0 0 3 86 81 123 49 0 0 0 0 92 3 1 0 0 0 0 106 93 5 61 122 0 0 0 123 58 75 123 105 0 0 0 4 62 54 40 4 0 0 0 0 
6 0 0 0 0 58 103 13 88 0 0 0 0 56 102 111 58 0 0 0 0 88 125 72 67 0 0 0 13 35 14 40 22 2 0 0 0 15 52 21 48 0 0 0 1 121 91 38 125 24 0 0 0 59 64 82 125 10 0 0 78 125 10 27 10 21 8 4 12 6 6 4 15 4 2 1 24 54 9 4 125 38 0 0 1 21 10 44 51 4 0 0 65 125 22 30 1 6 12 4 17 28 0 0 17 17 1 0 27 38 0 1 90 21 0 0 1 32 26 22 5 0 0 0 21 88 13 6 
41 53 31 1 0 0 0 0 29 54 106 96 0 0 0 0 22 34 75 54 0 0 0 0 118 48 5 2 0 0 0 6 99 81 118 17 0 0 0 14 118 69 101 115 0 0 0 3 18 18 118 118 0 0 0 1 117 48 66 19 0 0 0 7 118 17 35 9 0 0 0 118 51 21 67 20 0 0 0 21 10 2 49 52 2 1 0 7 11 10 64 17 0 0 0 3 118 0 0 0 0 0 0 105 82 2 2 6 0 0 0 36 0 0 0 15 3 0 0 1 5 0 0 2 0 0 0 2 
7 22 17 4 9 0 0 2 18 34 62 5 0 0 2 13 14 5 20 13 9 6 9 35 43 10 2 4 16 9 2 7 119 89 31 17 5 0 0 2 53 84 120 91 0 0 0 3 0 13 120 120 77 5 1 3 113 11 3 25 41 7 1 6 119 28 3 9 0 0 6 79 76 14 31 20 2 24 48 120 1 4 29 53 120 120 13 8 88 13 2 16 62 16 0 8 5 0 0 0 0 2 24 46 3 1 0 0 0 23 117 120 5 1 1 2 12 120 54 17 38 1 0 0 4 9 1 19 
1 0 0 21 15 2 4 15 15 3 8 26 16 0 0 3 87 5 25 19 0 0 0 26 123 0 5 2 0 0 0 73 16 8 17 123 7 0 1 17 33 18 41 74 5 0 0 5 123 35 82 57 0 0 0 27 123 28 51 23 0 0 0 35 89 14 46 123 0 0 0 36 5 33 123 123 0 0 0 0 123 63 94 83 0 0 0 27 122 38 88 29 0 0 0 13 101 8 8 8 0 0 0 47 8 13 59 54 0 0 0 2 28 25 90 69 0 0 0 5 52 15 20 2 0 0 0 14 
91 13 34 33 0 0 0 49 40 20 120 120 0 0 0 10 120 54 40 33 0 0 0 13 83 37 0 0 0 0 0 8 120 39 71 11 0 0 0 47 120 22 116 91 0 0 0 58 82 51 120 120 0 0 0 8 103 41 12 12 0 0 0 17 22 42 120 75 0 0 0 4 120 24 61 23 0 0 0 88 51 12 39 46 0 0 0 33 32 3 32 46 0 0 0 17 1 7 29 26 0 0 0 0 31 10 47 43 0 0 0 18 43 4 7 6 0 0 0 30 6 0 3 9 0 0 0 13 
0 0 0 0 0 36 28 0 45 2 0 0 2 39 19 11 16 1 0 0 12 27 3 3 5 1 0 0 1 21 10 2 11 0 0 0 0 100 116 10 125 9 0 0 0 49 47 56 23 1 0 0 26 116 20 14 52 5 0 0 5 40 22 15 78 0 0 0 1 125 100 28 125 2 0 0 0 76 35 83 28 1 0 0 9 125 61 48 82 4 0 0 1 13 18 77 103 3 0 0 1 26 14 17 125 1 0 0 6 125 29 35 37 0 0 0 2 118 45 75 125 11 0 0 0 0 5 41 
0 0 2 10 2 30 11 6 6 0 0 1 0 1 19 90 51 4 6 10 1 0 7 125 16 20 59 25 0 0 0 4 0 0 25 88 12 1 0 0 17 2 11 34 4 0 0 20 125 12 1 0 0 0 0 85 125 68 55 1 0 0 0 37 0 7 125 78 1 0 2 2 5 8 125 125 0 0 0 2 117 125 120 24 0 0 0 9 125 94 4 0 0 1 6 23 0 4 12 3 0 3 50 26 3 2 68 36 0 0 69 59 8 66 102 12 0 1 66 47 13 39 7 0 0 22 65 8 
59 3 0 0 0 7 25 88 5 0 0 0 1 108 123 33 3 0 0 14 10 22 123 92 2 0 0 37 88 5 5 29 21 8 1 0 11 107 51 17 1 0 0 0 2 123 123 11 123 9 0 0 0 14 96 123 82 4 0 3 113 9 2 49 1 0 0 0 49 114 3 0 9 12 0 0 10 40 15 1 123 68 0 0 0 1 4 15 89 10 0 2 82 13 1 15 0 0 3 17 34 12 0 0 21 45 5 6 5 3 0 0 123 53 0 0 0 0 0 18 40 3 4 7 17 2 0 21 
57 44 8 0 0 0 0 6 20 40 78 58 2 0 9 12 6 4 44 51 2 4 22 12 0 0 4 8 7 14 5 1 116 65 13 3 0 0 0 10 116 100 110 56 1 1 0 30 0 4 111 116 32 19 0 1 0 0 30 79 28 28 1 0 116 54 0 0 0 0 10 73 93 87 6 1 0 64 116 58 2 10 22 29 58 116 82 1 0 0 18 38 44 93 5 0 32 0 0 0 0 0 13 75 32 18 0 0 0 18 108 51 73 41 38 13 3 20 30 33 5 7 45 100 16 4 1 4 
33 9 13 6 0 0 0 7 33 25 105 32 0 0 0 2 101 22 39 19 2 22 27 58 2 1 2 11 42 77 22 8 94 11 10 7 1 0 0 12 121 70 95 26 0 0 1 18 7 12 86 121 21 9 16 19 0 0 2 82 59 31 24 9 73 8 1 17 19 4 4 25 121 14 0 1 10 33 36 118 5 2 7 53 44 121 121 36 0 0 0 39 121 97 39 0 26 3 1 16 35 4 12 24 20 3 1 2 7 76 99 54 6 1 0 0 4 85 104 16 0 0 0 0 23 50 21 0 
3 9 13 31 49 11 0 0 3 0 0 11 59 13 0 2 130 34 0 1 0 0 0 56 121 68 0 0 0 0 0 47 2 5 5 129 96 2 0 2 0 4 41 88 67 4 0 0 107 70 10 12 0 0 0 41 132 62 0 0 0 0 0 109 9 0 7 68 13 0 2 14 6 10 132 132 11 0 0 2 28 132 107 78 0 0 0 0 68 132 32 4 0 0 0 2 14 0 0 0 0 0 0 12 38 8 24 17 0 0 0 26 59 90 48 19 0 0 0 24 12 15 19 8 1 1 1 8 
2 0 2 24 5 0 1 4 49 2 0 1 0 0 23 117 52 0 0 0 0 0 65 134 25 0 0 0 0 0 14 77 3 3 14 113 35 0 0 0 10 11 29 25 5 0 3 10 134 49 20 1 0 0 9 96 134 61 5 0 0 0 1 53 7 5 74 134 4 0 2 2 3 73 134 86 1 0 0 1 134 134 134 24 0 0 0 14 130 60 17 1 0 0 5 37 1 0 7 2 0 1 10 5 2 9 37 6 0 0 7 23 10 20 26 2 0 0 11 51 13 5 4 0 0 0 18 52 
40 36 42 49 52 0 0 20 85 115 115 115 8 0 0 22 16 58 115 115 13 0 0 1 63 59 10 7 0 0 0 3 115 10 24 26 4 0 0 49 115 40 33 57 28 1 5 81 32 9 15 102 115 3 5 18 48 15 11 12 3 0 0 8 110 21 2 1 0 0 0 65 115 42 31 15 8 0 12 92 16 6 17 80 79 1 10 10 26 1 8 17 11 0 0 10 43 15 4 0 0 0 0 6 115 13 3 2 0 0 3 84 47 10 10 68 40 1 7 34 11 1 16 41 19 0 1 1 
17 30 33 12 13 12 5 9 0 74 130 12 11 14 9 3 32 120 130 14 4 1 0 0 44 51 17 1 2 2 0 0 79 130 53 2 8 47 13 13 68 75 130 10 3 17 11 42 4 38 113 39 25 26 2 1 0 9 14 5 21 21 5 0 65 42 4 0 10 130 35 50 130 0 0 0 7 34 14 130 15 1 1 4 61 98 7 12 2 1 0 0 7 16 11 2 22 0 0 0 7 58 15 19 130 7 0 2 8 2 2 122 38 4 0 15 60 12 3 19 3 1 0 0 5 4 4 3 
15 50 46 2 0 0 0 0 14 52 123 62 0 0 0 0 38 31 68 35 0 0 0 8 123 34 2 0 0 0 0 33 112 82 123 16 0 0 0 32 66 95 123 116 0 0 0 1 18 33 123 123 0 0 0 0 123 75 47 11 0 0 0 2 123 8 14 4 0 0 0 123 63 18 45 19 0 0 0 25 4 2 53 48 1 0 0 1 17 13 50 12 0 0 0 1 123 12 2 0 0 0 0 50 100 1 0 3 0 0 0 27 1 0 1 13 3 0 0 1 6 0 1 2 0 0 0 2 
40 30 34 76 47 1 4 17 44 117 117 117 15 0 0 3 85 110 117 62 4 0 0 7 82 26 0 0 0 0 0 11 117 15 30 26 1 0 2 46 117 61 54 79 38 1 0 79 31 25 45 111 68 1 0 14 53 15 3 1 0 0 0 8 117 22 2 1 0 0 0 47 117 40 13 16 10 2 0 92 22 1 21 91 52 7 0 9 41 4 7 11 3 1 0 9 66 11 0 0 0 0 0 8 116 19 1 4 1 0 1 64 34 6 21 47 29 9 8 37 11 3 11 22 17 1 1 2 
7 3 6 53 10 0 0 5 28 0 0 10 3 4 2 41 3 1 2 17 16 9 6 18 16 11 6 14 9 1 0 0 48 12 34 128 4 0 0 24 25 2 12 128 17 0 0 16 55 20 27 25 1 0 0 9 20 43 31 21 0 0 0 0 128 11 22 51 3 0 0 111 34 7 52 128 29 0 0 23 124 105 71 91 0 0 0 0 27 74 85 92 0 0 0 0 121 7 0 1 0 0 0 64 108 5 38 128 0 0 0 74 38 96 86 102 0 0 0 0 21 44 58 44 0 0 0 0 
6 0 0 0 0 50 76 13 104 0 0 0 0 43 80 99 69 0 0 0 0 55 125 80 44 0 0 0 22 51 3 25 21 2 0 0 1 17 33 26 55 0 0 0 0 101 75 47 129 10 0 0 1 54 43 104 102 3 0 0 100 129 3 20 18 26 4 3 9 5 5 6 19 3 2 2 22 44 10 6 129 31 0 0 6 28 7 42 51 3 0 0 124 129 6 22 4 13 13 6 14 10 0 0 21 6 3 2 37 30 0 1 129 10 0 0 6 32 8 28 6 0 0 0 46 92 5 7 
65 13 5 6 0 0 0 5 23 39 126 55 2 0 0 0 30 67 87 35 0 2 2 5 14 20 31 7 0 4 45 18 120 63 21 0 0 0 0 11 126 82 126 36 0 0 0 85 7 16 126 126 0 0 0 18 7 86 126 39 0 1 7 2 109 29 4 0 0 0 0 51 126 42 0 0 0 0 0 113 67 3 28 27 0 0 2 71 15 31 38 13 0 0 4 14 74 53 1 0 0 0 0 11 116 57 0 0 0 0 0 22 36 1 0 0 0 1 24 53 9 2 3 0 0 1 27 40 
66 5 1 9 54 5 3 36 122 17 1 0 1 7 14 122 19 4 0 1 12 25 12 14 0 0 0 8 38 23 2 0 74 22 1 6 12 4 38 59 122 122 0 0 1 21 2 33 22 11 0 0 5 108 54 2 0 0 0 1 16 59 41 3 122 29 0 0 0 1 16 52 122 27 0 0 1 104 122 87 1 0 0 0 1 122 122 18 0 0 0 0 0 44 122 41 15 16 0 0 0 12 39 10 11 0 0 0 0 22 122 49 5 0 0 0 4 66 74 30 1 0 0 0 1 32 64 20 
77 69 20 2 5 5 5 17 12 119 74 2 20 76 33 30 6 58 38 0 0 7 58 120 0 6 6 5 20 13 13 21 93 105 27 5 7 98 41 6 15 11 3 0 61 131 67 30 19 0 0 0 1 10 124 131 79 1 2 10 10 3 19 131 1 4 3 1 5 112 70 3 0 0 0 1 14 83 18 0 97 5 0 0 1 5 9 47 131 15 0 0 1 3 6 48 0 0 2 14 7 7 1 0 0 0 1 17 14 7 1 0 78 18 0 0 2 2 0 7 123 9 0 0 0 0 8 40 
3 0 0 0 0 8 95 95 1 0 0 7 36 130 93 60 25 5 0 0 18 91 90 37 63 17 4 1 9 18 12 19 0 0 0 0 0 38 130 53 9 0 0 0 0 130 130 59 130 6 0 0 0 32 66 121 130 17 1 0 23 30 1 30 0 0 0 0 1 40 22 2 22 0 1 3 4 18 30 18 130 22 0 0 0 0 2 71 130 23 0 0 26 30 5 9 4 0 0 0 0 6 1 2 16 6 4 7 1 0 0 1 130 22 0 0 0 1 12 32 51 3 0 0 1 20 44 33 
52 40 19 7 0 0 0 1 26 52 121 87 0 0 0 0 47 80 71 31 0 0 1 22 90 59 7 0 0 0 0 49 121 48 7 0 0 0 0 30 121 38 79 121 0 0 0 58 21 15 121 121 0 0 1 30 63 14 94 66 1 0 0 121 78 121 34 10 0 0 0 1 121 50 3 3 0 0 4 60 25 13 49 20 1 0 13 89 18 30 49 68 10 0 1 23 5 40 33 10 0 0 0 0 8 15 1 1 0 0 6 15 9 1 0 1 0 0 16 88 6 0 0 7 10 3 14 62 
13 0 0 1 28 92 26 5 112 46 0 0 6 52 37 42 14 24 6 3 39 68 5 5 0 0 0 1 29 36 1 0 39 4 0 0 34 83 99 62 121 42 0 0 10 27 13 99 18 2 0 0 63 94 13 6 1 1 0 1 33 16 2 0 101 14 0 0 1 4 24 98 121 76 0 0 0 98 76 39 6 1 0 0 4 121 121 17 7 0 0 0 2 7 66 45 60 13 0 0 0 4 19 19 40 2 0 0 0 67 121 42 3 0 0 0 0 79 121 34 72 2 0 0 0 0 35 61 
41 18 5 0 0 0 9 23 16 28 102 53 4 23 33 6 4 34 96 61 3 14 9 0 6 21 34 54 9 1 1 3 129 25 5 0 0 0 0 19 129 93 100 31 1 1 0 14 5 26 129 129 32 60 7 0 3 16 21 76 84 62 8 3 86 10 16 13 4 0 0 54 129 10 0 0 4 34 69 129 1 0 0 2 62 129 83 13 1 1 7 2 38 124 25 0 4 4 8 7 11 2 2 20 9 14 22 1 1 7 59 62 0 9 23 0 8 44 57 4 0 7 35 1 4 9 4 0 
24 78 19 1 3 11 8 5 4 45 99 82 2 0 3 2 14 3 51 71 8 0 0 11 14 0 3 11 4 0 0 18 122 34 1 3 2 0 34 52 122 67 70 81 1 0 10 22 0 0 122 122 70 19 2 0 10 0 5 45 59 11 1 27 122 21 18 33 7 0 4 19 122 9 2 0 0 33 122 78 0 0 4 20 70 122 110 2 6 6 5 5 61 68 2 14 15 1 5 27 38 16 12 13 11 0 0 0 3 62 122 21 13 2 0 0 0 74 93 15 10 13 4 1 2 21 4 5 
8 11 2 1 18 24 1 0 0 38 96 9 12 10 4 6 0 2 80 58 11 13 10 3 0 1 12 45 17 16 0 0 62 39 1 0 9 26 2 11 133 133 122 25 1 0 0 29 4 7 117 133 28 16 0 0 0 3 35 133 36 13 0 0 94 15 0 0 5 18 4 29 133 11 0 0 4 38 34 83 10 0 1 35 33 133 80 7 32 28 5 22 39 110 29 7 40 0 1 2 4 3 4 48 44 1 3 1 22 30 78 88 2 2 0 4 75 102 54 3 35 17 1 0 3 10 12 13 
4 2 0 0 0 0 0 2 23 7 0 0 0 0 0 5 121 45 1 0 0 0 0 11 44 35 3 41 71 13 0 0 5 5 9 15 3 0 0 0 15 9 6 3 2 2 3 6 121 26 9 0 0 0 1 109 121 16 6 116 50 2 0 59 0 11 98 119 6 0 0 0 2 79 121 28 1 0 0 0 85 121 121 29 0 0 0 29 121 24 18 11 48 26 0 69 0 9 106 65 3 0 0 1 0 69 121 9 0 0 0 2 2 74 116 43 1 0 0 0 16 28 43 13 45 30 0 0 
0 34 62 15 0 0 46 44 6 113 56 2 0 49 121 21 15 13 47 30 0 64 121 21 42 12 46 36 0 0 18 25 0 0 0 0 0 8 121 51 9 0 0 0 2 96 121 27 121 35 0 0 0 28 96 121 120 50 1 1 0 0 3 65 0 0 0 0 0 4 20 8 7 4 2 2 4 5 14 10 121 34 1 0 0 0 1 77 121 12 0 0 0 2 0 64 0 0 0 0 0 2 4 2 11 18 5 0 0 0 5 5 106 121 7 0 0 0 0 9 108 58 3 0 0 2 0 7 
0 0 3 10 1 0 6 10 8 0 0 0 0 0 11 63 91 5 3 0 0 0 4 125 71 48 42 1 0 0 0 18 0 0 20 69 11 0 0 0 23 2 11 14 0 0 0 8 126 14 0 0 0 0 0 69 126 35 2 0 0 0 0 90 1 11 126 86 0 0 0 0 4 8 126 126 0 0 0 0 86 126 126 13 0 0 0 3 126 122 8 0 0 1 2 11 3 9 27 3 0 0 26 15 3 4 97 37 0 0 52 33 10 69 115 9 0 0 62 20 8 57 10 0 0 19 47 9 
17 0 0 0 0 44 66 54 0 0 0 0 0 117 124 7 5 0 0 7 4 13 124 124 4 0 0 21 79 5 5 43 6 0 0 0 11 124 100 12 0 0 0 0 0 123 124 10 124 4 0 0 0 4 81 124 101 3 0 8 75 10 3 57 0 0 0 0 29 86 6 0 7 4 0 0 2 19 21 2 124 49 0 0 0 1 3 14 123 12 0 1 46 17 0 12 1 1 0 0 19 13 0 0 14 39 4 0 1 3 1 0 124 54 1 0 0 0 0 15 46 1 0 0 12 3 1 28 
1 3 20 55 1 0 0 0 34 8 10 26 2 0 0 5 122 48 13 1 0 0 2 44 31 22 51 8 0 0 4 14 2 7 22 40 26 17 25 17 13 2 13 49 86 9 8 16 122 14 2 1 3 0 10 122 122 9 2 1 1 0 13 86 9 11 107 66 15 12 15 14 9 61 122 52 34 14 4 7 122 108 102 49 1 0 0 10 122 60 2 0 0 1 1 21 7 24 116 19 3 11 10 13 17 46 122 71 0 2 6 29 17 39 122 86 0 0 0 2 31 20 36 9 1 0 1 3 
16 4 0 0 11 26 12 12 0 0 1 0 12 105 97 9 30 3 0 0 0 39 123 40 60 15 0 1 0 0 10 28 18 0 0 0 18 124 119 36 2 1 1 0 24 124 124 9 124 24 0 0 0 22 124 88 124 29 0 0 1 11 15 76 3 1 0 0 0 50 88 11 18 58 44 2 9 35 21 3 112 32 44 5 12 10 16 52 124 8 3 6 15 23 12 90 16 18 0 0 0 1 8 1 66 52 13 6 9 4 4 11 36 36 35 20 32 21 2 7 90 17 3 2 0 6 18 68 
1 0 0 26 10 2 3 7 47 4 11 27 7 0 0 15 64 17 60 47 0 0 0 24 120 10 15 6 0 0 0 40 22 6 18 62 4 0 0 12 42 15 52 48 4 0 0 10 120 51 79 28 0 0 0 77 120 49 120 34 0 0 0 14 34 24 90 120 0 0 0 17 27 70 120 120 0 0 0 0 120 98 74 53 0 0 0 50 120 30 42 9 0 0 0 48 50 6 34 43 0 0 0 18 11 45 82 61 0 0 0 0 14 44 107 68 0 0 0 3 46 23 23 0 0 0 0 22 
17 0 0 0 0 79 43 33 19 0 0 0 8 128 26 40 40 0 0 0 5 79 61 73 34 0 0 0 0 4 8 15 70 0 0 0 2 128 61 75 39 0 0 0 13 128 54 64 128 7 0 0 0 45 72 102 96 2 0 0 0 7 48 52 75 0 0 0 7 79 24 24 32 6 0 0 9 128 30 28 128 14 0 0 0 24 67 62 128 8 0 0 4 39 46 50 15 1 0 0 1 19 11 6 24 39 0 0 4 17 5 4 68 17 0 0 7 23 15 10 128 23 0 0 11 37 2 7 
33 7 6 6 10 6 7 9 30 6 4 2 1 78 55 35 27 2 3 26 10 23 37 85 1 0 4 43 24 35 14 7 2 5 22 41 10 8 5 2 5 0 3 72 38 44 23 22 125 5 3 19 8 2 4 125 39 24 102 75 9 1 0 16 4 0 95 91 0 0 3 22 1 0 72 125 23 1 0 1 125 35 32 96 6 0 0 27 125 89 99 4 1 0 0 12 19 0 12 13 3 5 21 59 2 2 35 87 7 8 44 53 61 74 100 110 0 0 6 43 118 55 8 0 1 0 7 16 
79 3 0 1 1 0 1 105 26 0 0 0 0 125 98 125 46 2 0 1 4 125 125 56 35 2 0 2 91 11 17 34 68 49 22 11 19 42 3 9 13 12 0 0 36 125 58 16 125 58 0 0 0 64 34 32 102 16 8 27 65 7 3 25 13 12 20 37 80 53 5 4 15 36 31 46 57 55 0 0 125 88 2 1 0 1 0 29 97 8 5 15 37 15 0 52 16 1 15 25 12 23 10 17 7 10 32 53 16 36 13 1 53 15 5 4 1 0 2 20 78 3 0 3 22 6 0 25 
5 7 10 41 52 32 7 2 19 38 128 77 8 4 11 3 23 28 90 63 2 6 7 1 4 33 30 15 8 6 0 0 84 26 1 0 5 31 32 24 128 86 69 74 1 0 2 16 19 8 128 128 30 31 5 8 46 84 53 66 16 23 10 27 128 9 0 0 1 2 4 55 128 19 0 1 7 42 34 45 10 1 2 28 48 128 77 18 12 3 18 19 17 78 41 45 89 12 2 0 0 0 0 31 91 0 0 3 61 37 9 68 14 2 1 10 51 44 25 44 32 16 27 20 3 3 1 7 
119 5 2 2 2 0 0 27 78 5 24 47 38 7 2 25 0 7 119 82 20 1 0 0 0 1 47 56 48 0 0 0 119 17 1 2 8 10 1 38 119 18 8 3 0 5 6 77 4 14 23 25 48 40 27 3 0 0 1 61 119 6 5 1 119 23 0 0 6 3 1 26 119 2 0 0 0 89 87 95 26 1 0 0 3 119 119 52 16 1 0 6 99 43 26 31 31 31 0 0 3 27 2 1 14 3 0 0 2 119 62 10 106 50 0 0 1 42 41 22 35 12 0 0 47 35 1 7 
21 20 1 0 0 0 0 3 7 94 96 10 1 0 0 0 0 11 116 74 0 0 0 0 34 49 27 14 5 0 0 0 120 55 0 0 0 1 1 8 120 120 84 16 1 0 0 20 4 16 120 120 34 14 0 1 5 30 71 26 33 19 2 0 120 5 0 0 0 0 1 58 120 10 1 2 2 18 33 120 7 2 1 14 47 120 60 38 0 0 1 2 27 104 27 5 53 4 0 0 0 0 0 20 25 0 0 0 0 11 69 87 0 0 0 0 1 66 112 30 0 0 0 0 12 80 34 9 
52 30 13 2 0 0 0 0 43 46 117 78 0 0 0 0 18 65 96 56 0 0 2 3 31 49 45 2 0 0 7 38 111 43 14 0 0 0 0 34 130 63 83 58 0 0 0 77 30 9 130 130 0 0 2 21 19 13 130 81 0 0 9 56 109 86 16 0 0 0 0 12 130 65 1 0 0 0 0 43 70 7 36 30 0 0 6 70 14 22 77 53 3 0 5 12 17 94 35 5 0 0 0 0 35 62 3 0 0 0 1 12 12 0 0 0 0 0 29 66 12 3 3 6 0 0 8 79 
50 2 0 1 51 76 16 26 123 33 0 0 4 12 11 77 11 6 0 0 36 50 13 7 0 0 0 1 41 23 0 0 74 15 0 3 22 16 30 73 123 90 0 1 3 27 10 46 16 4 0 0 20 121 44 4 0 0 0 1 25 29 17 6 123 22 0 0 0 0 21 63 123 39 0 0 0 123 123 52 0 0 0 0 0 123 123 9 4 0 0 0 0 12 117 74 29 17 0 0 0 11 29 12 16 0 0 0 0 43 123 43 1 0 0 0 3 80 83 17 20 0 0 0 0 3 42 57 
10 13 11 20 32 35 2 0 29 45 121 76 1 1 4 0 16 29 106 100 0 1 3 1 7 17 31 26 6 6 1 0 78 37 0 0 1 16 10 14 121 83 36 49 0 0 0 16 29 11 121 121 15 9 2 12 21 20 73 105 20 19 8 5 121 13 0 0 0 0 5 57 121 34 1 0 2 17 10 51 16 0 4 32 47 121 83 48 5 0 5 18 40 119 38 13 120 6 0 0 0 0 0 30 98 5 0 3 41 46 5 43 11 1 0 8 46 83 47 25 7 5 10 20 10 10 2 8 
0 1 13 24 8 1 0 0 18 4 3 19 3 0 0 6 108 42 4 0 0 0 0 12 53 23 12 33 7 7 1 8 3 7 58 53 4 4 8 11 18 7 25 108 22 6 5 3 123 89 29 7 5 0 0 49 48 38 107 56 5 5 0 21 52 60 59 49 10 8 13 23 3 9 123 119 34 13 8 3 123 56 120 32 9 0 0 71 123 23 17 9 0 1 1 53 46 83 38 19 0 41 29 13 48 19 123 66 0 32 37 82 24 41 123 90 3 2 0 8 31 27 20 5 3 5 1 1 
67 27 23 5 1 4 6 22 82 9 0 0 1 86 33 34 30 1 0 1 1 77 124 35 59 16 12 2 1 3 10 23 18 4 0 1 1 46 122 49 19 4 3 0 1 124 124 51 124 19 8 0 0 95 88 91 124 14 1 6 15 89 11 58 0 1 0 0 0 34 45 2 46 58 9 0 1 13 48 10 124 64 35 10 15 4 5 28 124 13 14 48 28 40 51 71 3 11 8 0 0 6 1 0 68 42 1 0 0 0 0 17 42 23 14 6 34 25 18 19 37 24 1 2 11 14 90 51 
70 18 9 0 4 6 0 15 71 45 88 17 20 0 0 2 0 0 38 58 117 37 0 0 0 1 7 19 41 23 0 0 121 26 4 2 13 5 1 14 121 38 6 38 37 1 0 13 0 1 19 121 121 23 0 0 0 15 43 61 34 18 0 0 76 4 4 12 9 2 6 82 95 2 1 7 3 22 101 121 0 0 5 74 43 121 121 6 0 0 5 28 59 115 24 0 3 5 13 13 12 1 1 11 1 0 2 3 26 37 108 46 0 0 0 0 1 87 121 1 0 0 0 0 0 39 35 1 
3 43 44 1 0 0 0 0 1 30 122 7 0 0 0 0 4 19 122 47 0 0 0 0 24 28 9 10 0 0 4 3 55 59 12 0 0 1 12 52 109 70 122 4 0 0 0 80 9 8 122 122 92 9 0 3 10 2 5 62 87 6 10 9 46 65 9 0 0 1 16 40 122 72 2 0 1 10 2 76 29 1 1 8 122 122 2 10 11 6 5 19 97 52 4 3 45 31 3 0 0 0 4 55 52 36 0 0 4 17 62 73 3 0 1 1 100 113 29 7 15 23 4 1 24 22 2 1 
10 10 0 0 3 4 24 28 5 61 87 6 10 9 10 2 5 20 97 52 4 3 11 6 4 1 23 22 2 1 15 23 122 47 0 0 0 0 4 18 122 122 91 9 0 3 9 8 1 8 122 122 2 9 29 1 1 1 100 114 29 7 2 0 122 7 0 0 0 0 1 29 122 5 0 0 0 80 110 69 3 0 1 10 2 74 122 74 0 0 4 18 62 73 51 36 44 1 0 0 0 0 3 43 12 0 0 1 12 52 55 58 9 0 0 1 16 39 47 66 3 0 0 0 4 56 45 30 
6 2 1 2 0 0 0 1 11 5 8 8 0 0 0 2 67 7 19 6 0 0 0 39 133 1 1 0 0 0 0 74 12 4 0 8 1 0 0 4 50 14 8 15 0 0 0 7 133 41 98 82 0 0 0 38 133 8 37 87 0 0 0 133 17 1 0 59 29 0 0 6 63 24 21 22 2 0 0 20 133 61 31 67 1 0 0 65 133 27 38 133 5 0 0 40 4 0 3 95 56 0 0 0 105 14 34 19 2 0 0 50 133 75 66 12 0 0 0 21 73 11 10 39 3 0 0 6 
10 1 16 16 0 0 0 1 72 5 2 1 0 0 0 22 122 27 0 0 0 0 0 70 79 4 1 0 0 0 0 80 37 11 60 76 0 0 0 11 39 16 81 64 0 0 0 7 122 50 9 2 0 0 0 54 122 43 2 0 0 0 0 44 122 20 44 17 0 0 0 41 43 18 122 116 0 0 0 9 113 99 122 58 0 0 0 0 118 73 11 1 0 0 0 4 94 24 28 0 0 0 0 18 122 16 56 8 0 0 0 26 15 23 106 47 0 0 0 1 34 14 30 16 0 0 0 6 
23 34 17 7 0 0 0 4 27 41 125 55 0 0 0 4 75 18 87 100 0 0 0 17 121 14 3 0 1 4 5 54 90 35 1 0 0 0 0 25 125 66 41 57 2 1 0 26 33 26 51 125 42 14 1 5 52 25 8 17 16 38 58 18 107 41 4 7 0 0 2 37 125 60 0 2 1 43 102 71 13 1 0 32 65 125 125 32 0 0 0 7 51 84 21 3 14 0 2 34 25 0 13 39 8 0 0 1 2 51 87 62 36 0 0 5 10 24 50 60 4 0 0 19 46 16 2 6 
26 41 36 2 0 0 0 0 92 69 60 5 0 0 0 4 49 42 55 66 41 10 0 5 1 48 87 35 10 2 0 0 123 47 28 3 1 1 0 28 82 123 123 12 1 0 0 13 12 89 123 25 12 12 0 1 6 20 87 28 32 44 2 3 123 21 2 1 0 1 4 59 123 25 13 2 4 4 72 123 3 2 16 25 28 18 32 54 1 4 26 57 28 26 7 3 39 4 1 4 7 0 9 47 33 26 34 2 0 1 57 123 6 9 14 5 5 5 93 123 3 0 4 10 6 15 59 29 
73 45 22 7 0 0 0 39 117 38 22 40 1 3 5 14 18 56 29 37 3 3 4 5 3 18 7 8 47 23 2 1 38 49 42 13 0 2 59 57 125 31 9 9 0 1 11 78 15 28 29 21 21 46 3 2 9 8 7 2 86 125 8 6 81 12 0 0 0 2 67 71 125 20 1 0 0 10 96 125 13 2 4 3 62 125 125 20 38 7 0 0 38 125 29 26 35 3 0 0 0 0 33 39 18 2 1 2 0 16 125 49 2 0 1 0 7 49 125 26 3 2 7 0 10 44 44 10 
35 33 6 3 12 6 0 5 14 77 96 32 1 0 0 4 0 18 109 114 1 0 0 0 0 10 69 26 0 0 0 0 100 11 0 0 7 8 0 35 123 123 33 18 4 0 1 29 3 19 64 123 34 4 0 0 4 2 49 65 49 35 3 3 75 10 6 5 1 0 0 21 123 5 0 2 2 2 73 123 3 0 4 24 30 123 120 21 11 4 2 8 64 123 9 3 11 6 4 4 7 0 1 4 10 0 0 3 13 7 100 64 0 0 0 0 1 86 123 14 16 2 0 0 2 49 20 11 
29 30 24 11 0 0 0 10 21 11 109 74 0 0 0 11 13 55 71 20 2 3 8 13 0 48 109 11 3 0 0 0 121 9 7 1 0 0 0 54 129 51 129 72 0 0 0 60 14 129 129 50 0 0 0 0 2 94 129 7 0 0 0 0 111 30 10 0 0 0 0 16 129 59 4 0 0 0 0 111 31 23 27 7 0 0 0 20 10 7 5 1 0 0 0 2 10 71 62 2 0 0 0 3 120 53 81 6 0 0 0 72 58 12 2 0 1 0 0 28 2 0 0 0 2 1 0 4 
121 5 1 0 0 0 1 78 103 0 0 0 0 0 7 87 3 1 1 0 0 4 10 3 0 0 3 0 0 4 2 0 82 12 2 4 6 11 16 79 129 23 0 0 0 0 21 129 22 4 0 0 1 32 37 20 5 0 0 0 0 48 72 16 112 51 0 0 2 15 16 12 129 56 0 0 0 73 129 37 3 0 0 0 0 129 129 43 81 3 0 0 0 91 100 63 32 14 0 0 0 5 25 27 15 2 0 0 0 80 103 11 4 0 0 0 0 28 104 21 35 0 0 0 0 3 11 73 
16 25 17 0 0 0 0 0 31 45 79 1 0 0 0 2 49 58 44 6 0 0 0 18 29 5 13 18 2 0 0 44 119 35 15 0 0 0 0 26 123 94 123 39 0 0 0 47 10 82 123 98 2 0 0 2 14 6 89 99 3 0 1 29 122 23 3 0 0 0 4 55 123 53 7 4 0 2 92 105 42 22 42 37 9 28 123 48 17 29 70 28 3 5 3 5 39 35 14 0 0 0 1 29 52 61 30 0 0 2 69 56 70 86 10 1 0 1 69 49 29 20 4 0 0 0 20 28 
11 23 1 0 0 51 20 4 107 86 2 0 0 26 7 14 57 16 3 6 7 8 24 35 3 0 0 0 30 33 34 18 44 7 0 0 0 28 48 58 126 81 4 0 0 3 11 91 43 26 13 30 126 40 48 20 13 0 0 4 80 32 80 79 64 0 0 0 0 5 31 54 126 29 0 0 0 53 126 99 9 3 0 6 87 105 126 36 22 0 0 5 71 63 61 54 16 0 0 0 0 0 15 26 16 0 0 0 0 31 116 40 2 0 0 0 5 59 114 18 8 0 0 0 1 34 38 26 
33 16 6 12 24 12 3 6 15 6 8 19 66 45 12 13 49 37 16 9 11 2 6 60 7 9 21 35 25 16 4 12 86 16 5 12 80 6 0 6 3 2 4 24 121 29 14 29 28 4 8 4 2 5 43 121 69 27 39 96 22 3 3 121 85 10 8 28 36 5 1 34 11 18 64 121 78 4 0 5 10 121 121 19 1 0 8 14 118 121 101 28 9 3 3 51 91 8 2 2 0 0 0 12 55 16 71 85 4 0 0 5 35 107 89 22 0 0 0 3 25 39 33 0 2 20 7 7 
42 6 10 10 2 6 19 27 16 72 32 16 4 48 102 8 39 58 50 2 0 64 117 105 55 23 33 9 10 8 8 94 23 6 20 27 19 19 38 25 6 1 3 6 22 95 67 7 117 43 1 0 9 29 40 48 117 24 0 3 4 2 22 99 6 10 79 73 13 7 13 23 2 18 117 117 2 18 11 11 81 117 114 11 0 1 3 15 83 88 13 1 0 0 7 31 3 3 4 4 0 0 27 46 2 8 37 36 0 0 74 53 4 55 33 8 0 0 78 62 1 10 4 0 0 0 47 44 
20 8 16 9 12 75 66 16 0 4 4 1 27 101 117 16 11 0 0 0 7 32 75 92 1 0 0 0 62 41 0 8 46 2 0 69 117 116 58 45 1 0 9 27 28 58 117 36 99 11 0 1 4 17 72 117 26 9 0 3 87 47 5 55 33 11 3 74 94 4 26 83 2 6 23 106 60 6 6 1 117 111 2 21 10 9 2 17 43 33 0 2 75 51 2 7 17 8 2 9 17 23 36 4 18 18 15 24 42 27 26 3 82 68 15 7 12 17 5 12 8 3 0 0 33 40 4 3 
73 12 33 29 0 0 0 32 20 19 124 111 0 0 0 5 124 60 55 24 0 0 0 10 102 46 1 0 0 0 0 5 124 37 39 2 0 0 0 63 124 39 124 56 0 0 0 65 59 50 124 111 0 0 0 2 112 35 36 17 0 0 0 19 41 79 111 28 0 0 0 4 124 34 52 4 0 0 0 79 54 18 41 22 0 0 0 32 19 6 42 38 0 0 0 13 0 26 71 38 0 0 0 0 29 34 70 30 0 0 0 24 48 7 8 6 0 0 0 34 7 1 1 2 0 0 0 11 
0 0 0 0 0 27 56 8 55 7 0 0 0 36 39 17 20 4 0 0 4 23 4 2 2 0 0 0 0 17 14 2 28 0 0 0 0 72 127 28 127 15 0 0 0 23 53 77 18 0 0 0 3 107 39 15 50 5 0 0 1 60 30 12 127 3 0 0 0 38 74 36 127 2 0 0 0 81 49 81 24 0 0 0 1 127 127 42 78 3 0 0 0 20 31 92 106 13 0 0 0 9 7 10 71 4 0 0 0 127 74 29 32 0 0 0 0 72 56 75 118 13 0 0 0 0 9 50 
22 16 0 0 0 0 0 3 10 106 85 5 1 0 0 0 0 16 121 77 0 0 0 0 18 43 40 20 1 0 0 0 121 48 0 0 0 1 2 8 121 121 68 8 0 0 0 27 7 28 111 121 35 22 0 3 2 24 78 37 20 22 3 0 121 6 0 0 0 0 1 46 121 8 0 0 0 14 32 121 11 2 0 9 34 121 73 50 1 0 0 2 20 112 31 7 49 5 0 0 0 0 1 17 24 0 0 0 0 9 69 75 0 0 0 0 0 62 112 31 0 0 0 0 8 79 36 11 
41 30 3 1 0 0 0 2 11 16 44 106 64 0 0 0 11 20 115 66 18 1 0 1 21 16 10 10 22 39 0 5 88 22 2 0 1 4 2 24 98 39 83 44 0 8 5 6 1 3 115 115 84 31 26 0 74 12 8 50 115 34 0 8 71 4 6 1 2 5 5 81 91 3 0 0 0 92 74 82 0 0 1 2 61 115 115 1 41 4 0 13 115 83 4 19 15 6 6 6 21 9 7 16 5 0 0 0 11 75 115 31 0 1 0 0 6 74 89 13 0 0 1 4 33 35 8 5 
18 24 21 2 0 1 1 2 12 114 79 1 1 1 0 0 18 65 56 64 4 1 4 5 4 3 4 32 10 7 7 3 114 49 8 6 1 0 1 21 81 114 72 0 0 0 1 0 15 59 36 114 59 2 2 0 7 6 10 101 33 1 1 0 114 12 3 57 56 0 1 82 114 50 22 0 0 29 114 113 2 6 3 18 53 54 114 29 0 0 0 27 93 14 8 6 32 9 1 27 75 4 0 26 24 6 3 3 17 41 104 54 20 0 0 0 2 31 106 110 17 0 0 4 25 16 5 44 
112 10 0 0 2 18 30 52 58 5 0 0 2 124 72 14 56 0 0 0 1 57 124 64 40 2 0 0 0 1 10 19 85 5 0 0 0 36 84 59 9 1 0 0 5 124 114 17 124 2 1 0 1 37 43 124 81 3 0 0 0 0 46 94 13 3 0 0 0 50 38 2 27 48 13 1 1 46 40 3 92 62 50 36 2 4 1 59 124 17 1 0 0 0 3 61 2 0 0 0 1 19 4 0 122 92 4 4 1 5 3 1 45 68 28 54 25 1 0 0 63 21 3 1 0 1 2 28 
77 20 0 0 0 0 5 18 30 25 8 1 1 17 85 29 121 12 1 0 0 5 47 73 77 11 1 1 14 11 1 16 30 6 11 1 0 0 19 19 5 1 4 0 0 11 101 31 121 3 0 0 0 4 33 121 101 0 0 0 16 26 11 96 0 52 121 26 0 0 1 0 4 47 79 117 9 9 3 3 121 121 38 3 0 4 1 15 87 51 4 0 11 11 1 21 0 48 85 15 0 0 0 0 0 69 121 107 0 2 0 0 0 121 95 8 12 30 0 0 1 13 5 2 10 28 3 0 
12 0 0 0 5 11 55 73 0 0 1 11 9 19 122 98 1 0 2 27 11 27 114 41 2 0 1 34 6 0 5 14 20 2 0 1 54 65 24 18 0 0 0 0 38 80 122 50 77 0 0 1 2 5 122 122 105 9 5 15 9 0 3 66 2 0 0 0 23 53 69 51 9 17 7 4 26 52 10 2 122 122 56 6 4 1 3 53 122 73 9 16 12 0 0 33 3 3 2 0 0 2 12 16 85 50 3 0 0 3 4 4 122 122 41 0 0 0 0 1 55 67 6 2 4 0 1 6 
42 4 0 0 0 0 0 14 22 34 14 3 2 8 0 6 1 42 71 41 7 1 0 0 5 0 5 32 8 0 0 2 86 51 5 0 0 0 0 8 94 119 86 4 2 3 3 12 59 119 87 119 32 11 31 35 0 0 62 119 29 3 2 1 119 26 2 0 0 0 0 72 113 56 61 13 32 89 74 114 77 3 8 19 24 72 119 112 28 0 36 58 49 43 42 20 70 2 0 0 0 0 0 27 91 17 8 23 9 19 24 38 49 5 8 30 8 13 12 32 9 1 0 0 6 26 34 15 
4 2 19 42 0 0 0 0 71 17 3 6 1 0 0 9 126 70 34 4 0 0 6 40 10 19 67 10 0 0 5 7 5 1 23 53 42 12 17 13 48 8 11 27 48 5 4 32 126 28 1 0 0 0 18 126 88 13 5 2 2 1 12 64 2 17 126 51 16 13 14 16 17 105 126 61 19 7 1 1 126 126 84 35 0 0 0 15 82 51 3 0 0 4 2 20 12 11 126 26 0 8 15 30 11 57 126 68 0 0 0 14 18 32 126 58 3 2 1 1 18 10 17 8 6 5 2 3 
32 6 1 0 5 11 9 16 0 1 2 2 9 76 71 12 12 1 1 2 0 24 94 33 25 16 11 3 1 1 11 18 35 2 0 1 19 92 114 61 0 0 0 0 30 125 125 20 125 24 0 0 0 24 125 97 125 41 1 0 0 1 8 54 1 0 0 0 0 45 121 22 6 27 23 3 6 69 49 8 125 29 31 4 0 4 27 103 125 15 0 1 5 24 14 98 10 10 0 0 0 1 11 3 52 65 22 6 8 3 4 3 63 25 31 15 25 22 1 10 125 12 0 3 7 11 1 44 
123 28 0 0 0 1 12 38 20 3 0 0 1 51 48 19 25 1 0 0 0 90 84 24 23 0 0 0 0 2 15 22 104 48 0 0 0 75 113 16 4 0 0 0 0 123 123 25 123 9 0 0 0 92 74 111 83 16 0 0 0 0 14 67 10 2 0 0 1 86 72 8 11 0 0 0 0 29 78 32 123 10 0 0 0 1 8 110 123 39 1 0 0 0 1 34 0 0 0 0 3 10 3 1 9 2 0 0 0 3 4 12 123 1 0 0 0 0 1 56 123 7 0 0 0 0 0 47 
3 4 3 0 0 0 0 7 40 5 0 0 0 0 0 34 135 52 0 0 0 0 0 51 80 69 11 4 0 0 0 10 0 4 19 6 3 3 0 1 43 16 22 1 1 4 4 26 135 87 6 0 0 0 2 135 79 62 6 4 0 10 64 93 21 62 135 15 0 0 0 1 9 80 135 20 0 0 0 2 98 125 135 6 0 0 0 52 79 32 23 2 0 1 22 73 43 69 23 0 0 0 1 9 14 17 106 12 0 0 36 32 2 18 119 8 1 3 45 40 9 24 29 4 1 6 29 9 
9 2 0 0 0 9 93 70 8 5 0 4 51 83 92 80 16 2 0 1 25 74 82 30 28 4 2 2 20 18 7 27 0 0 0 0 0 40 136 51 7 0 0 0 0 118 136 95 136 14 0 0 0 52 105 130 121 16 3 1 37 45 2 17 0 0 0 0 0 29 35 6 28 1 2 4 3 21 39 15 136 41 0 0 0 2 9 67 95 20 0 0 34 39 12 12 4 0 0 0 0 6 2 4 23 10 3 3 0 0 0 3 136 22 0 0 0 1 24 67 21 1 0 0 2 10 37 58 
0 0 1 6 15 13 0 0 12 0 0 4 9 18 2 12 96 12 4 3 0 0 1 43 33 7 12 47 53 8 3 13 4 2 55 50 13 2 1 9 16 7 16 114 12 2 0 2 121 98 11 5 0 0 0 12 61 37 16 85 61 9 1 6 27 64 40 61 11 4 9 33 12 14 76 121 43 7 8 1 121 81 56 30 15 0 0 39 68 30 89 101 18 2 0 14 28 76 34 25 1 15 54 30 59 12 121 121 3 13 52 64 83 58 121 110 3 0 0 12 59 23 15 8 0 1 1 10 
39 98 13 0 0 3 10 7 116 48 4 0 0 48 36 53 49 0 0 0 0 116 101 44 90 15 5 0 8 25 17 38 26 60 23 0 18 101 49 4 16 5 0 0 0 116 116 42 116 37 12 1 1 116 77 59 116 6 6 26 51 73 12 96 3 0 0 0 13 93 22 2 35 20 1 0 2 36 30 3 116 73 11 6 4 8 9 16 106 18 8 23 22 20 97 81 0 2 11 2 6 9 0 0 20 21 22 3 1 1 0 2 53 18 4 1 9 9 7 36 34 37 6 3 11 15 20 8 
17 14 2 0 0 1 2 6 7 71 99 16 3 1 1 0 14 34 101 48 0 0 0 0 23 43 14 36 35 0 0 0 119 42 0 0 0 0 3 15 119 119 86 33 2 2 0 29 3 23 119 119 23 25 0 0 4 24 32 29 114 28 1 0 119 4 0 0 0 0 1 55 119 6 0 1 2 30 52 119 1 0 1 10 29 119 101 21 0 0 0 3 43 119 32 0 38 4 0 0 0 0 1 20 23 0 0 0 0 15 77 71 0 2 0 0 1 61 113 7 2 14 3 0 4 45 21 0 
27 64 5 0 0 0 0 0 17 40 30 87 58 0 0 0 19 22 66 67 38 1 6 5 28 26 7 5 28 22 1 2 69 43 3 2 0 6 2 17 118 39 60 56 6 1 1 18 8 11 118 118 52 20 18 1 82 21 20 59 118 40 1 11 52 5 4 1 3 12 9 88 118 5 4 1 1 44 57 118 9 1 10 7 48 118 118 9 45 4 0 18 118 90 17 23 77 8 2 2 9 4 0 30 10 3 2 3 44 65 70 25 3 5 2 2 6 62 109 10 0 0 0 3 26 49 17 1 
19 31 14 0 0 0 0 1 44 83 67 1 0 0 0 6 32 58 71 31 0 0 0 34 9 11 31 20 4 1 4 40 120 40 12 0 0 0 0 46 120 107 120 23 0 0 0 87 21 69 120 61 7 10 3 3 3 46 113 25 1 1 0 1 111 16 2 0 0 0 8 48 120 30 5 1 0 37 89 102 76 26 13 11 7 77 120 41 42 35 13 2 1 3 12 14 33 11 1 0 0 0 5 42 74 49 4 0 0 24 63 69 95 70 11 0 0 14 50 32 29 10 1 0 0 0 37 33 
13 22 2 0 1 41 34 2 109 78 3 0 0 10 7 12 52 11 2 1 2 2 14 32 2 2 0 0 13 24 18 7 64 23 0 0 0 8 32 80 119 105 7 6 0 4 13 61 19 18 12 30 119 39 58 40 5 0 0 1 41 47 81 81 111 8 0 0 0 0 28 64 119 40 0 0 0 52 119 84 4 1 0 17 119 63 119 75 23 0 0 10 64 31 53 88 12 0 0 0 0 0 26 28 9 0 0 0 0 21 119 37 2 0 0 0 6 44 119 36 13 0 0 0 4 24 43 40 
43 3 3 32 50 5 0 7 5 3 3 26 84 31 13 26 19 2 1 2 5 13 24 83 32 13 35 31 3 1 10 125 99 9 5 23 98 15 0 14 1 1 6 71 125 11 4 9 3 17 33 6 2 7 28 28 107 70 33 4 1 1 14 111 79 5 13 25 23 10 2 56 24 12 88 125 50 4 0 7 41 125 123 53 3 0 0 0 64 125 125 0 1 5 2 5 84 7 1 0 0 0 0 21 67 10 43 65 1 0 0 20 24 62 80 39 3 0 1 4 49 21 4 0 1 8 2 12 
13 42 35 11 0 0 0 1 14 53 127 26 0 0 0 1 21 17 118 90 0 0 0 6 108 29 10 3 0 2 3 26 86 36 4 0 0 0 4 35 127 45 76 41 0 0 0 54 18 14 89 127 23 6 0 2 31 20 23 47 28 29 23 14 108 58 0 0 0 0 1 16 127 61 0 2 0 21 44 49 19 2 3 37 57 127 95 28 0 0 0 17 84 87 6 1 59 10 0 0 0 0 12 57 20 11 0 0 5 92 85 39 13 0 0 0 5 73 103 39 8 0 1 19 22 11 5 18 
31 0 0 35 28 1 0 30 86 2 0 6 4 11 34 127 18 3 0 0 0 25 127 39 39 0 0 0 0 4 33 29 43 1 2 19 21 68 30 54 23 4 1 7 8 127 127 50 100 0 0 0 0 41 127 127 127 1 0 0 0 0 8 81 10 0 0 0 1 75 69 19 10 6 3 3 9 65 36 8 127 46 0 0 0 2 7 56 127 37 0 0 0 0 0 48 2 1 1 1 1 2 4 2 9 11 4 3 3 0 1 2 127 48 0 0 0 0 0 9 117 53 0 0 0 0 0 17 
122 36 0 0 2 44 11 13 16 4 0 0 6 122 66 2 34 0 0 0 1 32 122 38 32 3 0 0 0 0 7 14 105 10 0 0 4 105 98 54 0 0 0 0 15 122 97 10 122 0 0 0 0 21 68 118 83 1 0 0 0 6 34 46 7 2 0 0 0 58 72 12 2 11 6 1 11 79 37 9 122 9 11 5 0 3 12 122 101 9 0 0 0 3 26 95 3 0 0 0 0 13 11 0 45 77 16 10 1 6 4 1 45 50 29 61 6 0 0 9 113 20 1 0 0 0 0 18 
14 2 0 0 0 115 52 26 115 6 0 0 0 39 96 115 49 1 0 0 3 82 115 70 39 0 0 0 0 2 12 32 22 16 7 1 0 20 13 4 35 11 0 0 0 41 115 29 115 28 16 0 0 34 91 112 115 7 1 0 0 1 7 112 6 3 0 0 3 25 11 5 64 63 0 0 3 26 16 4 109 115 71 26 10 1 3 16 115 31 6 6 1 3 1 41 1 13 12 2 1 4 3 0 110 61 35 6 1 1 0 4 97 44 8 12 18 23 8 16 76 7 2 4 1 10 5 26 
1 0 1 10 2 0 3 9 15 0 0 0 0 0 4 64 128 11 5 0 0 0 0 106 63 54 50 1 0 0 0 14 1 0 31 73 8 0 0 0 31 4 18 15 0 0 0 7 128 28 1 0 0 0 0 73 128 32 2 0 0 0 0 71 0 12 128 88 0 0 1 2 4 18 128 128 0 0 0 2 98 128 128 9 0 0 0 0 128 93 5 0 0 3 6 10 0 6 13 3 0 0 38 25 0 7 72 25 0 0 69 42 0 68 77 4 0 1 80 40 3 32 5 0 0 31 62 6 
18 0 0 0 0 37 52 55 0 0 0 0 2 93 127 7 2 0 0 15 9 14 119 101 1 0 0 37 83 4 2 23 9 0 0 0 3 127 124 20 0 0 0 0 0 127 127 18 124 3 0 0 0 3 99 127 64 1 0 6 107 9 4 55 0 0 0 0 20 94 15 0 11 3 0 0 0 22 30 4 127 51 0 0 0 1 5 23 93 10 0 2 68 17 1 10 1 1 0 0 13 16 0 0 18 37 3 0 0 2 2 0 127 54 0 0 0 0 0 17 33 1 0 0 25 6 1 19 
80 6 0 1 0 0 0 22 45 6 23 115 42 14 0 15 2 1 53 81 13 15 1 5 2 2 12 18 2 2 14 10 116 14 0 0 0 0 0 40 116 23 27 101 3 1 0 54 4 0 116 116 39 17 0 1 0 0 21 81 111 15 5 1 103 90 3 0 2 2 1 14 112 28 0 3 6 46 116 63 3 0 0 11 38 116 116 8 0 0 0 10 92 73 23 2 19 60 4 2 36 11 0 0 1 1 1 0 77 94 70 4 13 0 0 0 1 40 97 16 6 1 0 0 4 7 14 9 
10 58 9 2 1 0 1 2 4 71 83 48 3 0 0 0 0 0 41 104 13 15 2 0 0 21 19 10 8 5 0 0 107 70 10 10 4 0 0 46 67 107 104 35 0 2 0 42 3 9 117 127 29 23 2 0 1 85 87 67 8 5 7 1 73 10 13 4 8 2 2 67 127 34 1 0 15 70 9 94 6 7 4 21 44 127 66 0 1 9 8 11 10 80 109 4 19 40 49 1 0 0 1 1 70 41 4 0 22 108 19 18 0 0 0 0 38 127 14 0 0 0 0 0 28 43 20 0 
0 5 9 21 6 0 0 0 42 96 48 8 2 0 0 4 86 49 28 7 32 18 4 16 0 0 0 6 80 44 1 1 44 88 31 5 3 0 0 8 38 117 104 8 3 0 1 9 4 41 65 90 117 8 1 4 0 0 2 69 101 10 0 0 117 17 0 0 0 0 12 77 72 22 0 1 1 14 117 86 1 0 0 111 81 15 116 105 0 0 0 117 76 3 5 6 12 7 12 1 0 0 15 28 4 3 8 5 4 8 117 28 37 13 0 3 3 6 71 95 17 3 0 33 33 9 6 24 
4 0 1 17 2 2 54 66 9 9 44 121 20 2 8 16 0 14 105 61 0 0 0 0 0 4 69 12 0 0 0 0 116 12 4 0 0 0 22 66 123 83 66 38 0 1 7 31 0 13 123 80 7 53 20 1 0 4 119 24 11 57 37 7 118 21 17 2 0 0 0 12 123 11 2 0 2 14 40 123 0 2 11 1 66 123 52 12 7 0 1 0 16 104 51 32 14 6 1 0 0 2 17 15 12 1 0 0 1 13 112 87 8 8 2 0 18 107 70 14 5 8 6 4 8 11 1 5 
76 19 0 0 0 0 9 21 24 19 8 0 1 16 99 27 125 11 0 0 0 2 47 77 74 11 1 1 13 11 1 17 23 7 19 1 0 0 20 19 5 2 6 2 0 10 91 30 125 9 0 0 0 3 27 125 96 1 0 0 16 26 11 92 0 49 125 39 0 0 0 0 3 62 95 125 6 7 1 2 112 125 54 1 0 3 1 11 72 50 4 0 12 13 0 18 1 38 80 18 0 0 0 0 1 65 125 86 1 5 0 0 0 125 87 6 13 41 1 0 0 9 4 1 11 31 4 0 
7 0 0 0 4 10 67 78 0 0 2 14 9 25 124 78 1 0 2 27 9 27 100 42 2 0 2 37 5 0 3 12 14 2 0 2 57 71 27 15 0 0 0 0 31 73 124 54 103 0 0 0 2 4 124 124 98 10 5 22 12 0 1 49 2 0 0 0 32 66 61 40 9 23 10 3 28 46 9 3 124 124 52 3 3 0 2 61 124 64 5 25 14 0 0 28 3 3 0 0 0 3 16 17 95 61 4 0 1 3 3 4 117 124 35 0 0 0 0 2 48 57 3 3 5 0 2 8 
23 44 31 1 0 0 0 1 105 66 59 2 0 0 0 5 44 48 65 68 33 7 0 5 0 52 86 29 6 0 0 0 122 45 27 2 1 1 0 29 86 122 122 8 1 0 0 13 11 96 122 16 18 14 0 1 6 19 70 20 36 49 3 8 122 24 2 1 2 1 3 56 122 28 11 2 5 4 64 122 2 2 16 26 30 18 33 50 1 5 28 62 23 22 8 2 42 4 2 7 5 0 8 41 34 24 29 0 0 1 65 122 8 10 13 5 4 3 101 122 2 0 2 8 5 17 61 24 
75 48 21 6 0 0 0 36 110 32 25 43 3 2 7 14 16 57 26 38 3 3 5 6 5 18 7 10 40 19 1 1 35 49 35 11 0 2 65 64 125 30 9 12 0 1 10 85 15 30 33 24 15 39 3 2 8 10 4 4 84 125 7 4 91 13 0 0 0 1 65 69 125 21 1 0 0 7 109 125 12 2 4 4 49 125 125 22 34 7 0 0 33 125 28 27 28 2 0 0 0 0 33 44 14 2 2 2 0 9 125 51 2 1 1 1 6 43 125 34 4 1 4 0 9 40 48 11 
4 0 0 33 10 0 1 3 48 5 32 14 0 0 0 13 58 13 69 36 0 0 0 25 117 11 9 2 0 0 0 51 12 8 27 38 4 1 2 5 76 23 51 23 1 0 0 25 117 63 117 34 0 0 0 69 117 60 117 20 0 0 0 7 32 64 117 83 0 0 0 0 14 66 117 117 0 0 0 1 117 117 68 15 0 0 0 62 92 27 50 8 0 0 0 42 8 22 67 41 0 0 0 0 10 36 97 56 0 0 0 0 12 58 103 32 0 0 0 3 33 15 19 0 0 0 0 17 
16 0 0 0 0 68 105 20 76 0 0 0 0 49 58 70 9 0 0 0 2 97 62 44 18 0 0 0 0 3 11 29 84 1 0 0 0 91 64 41 100 0 0 0 0 114 114 85 99 5 0 0 0 85 100 114 114 6 0 0 0 1 13 45 65 3 0 0 0 34 28 17 35 3 0 0 0 99 67 29 114 22 0 0 0 6 29 79 114 10 0 0 0 0 42 83 10 3 0 0 0 8 9 4 21 40 0 0 1 8 7 3 73 14 0 0 0 11 37 27 114 25 0 0 0 2 19 27 
31 32 37 13 12 4 0 4 7 55 126 28 8 5 7 6 22 105 126 29 2 1 1 0 42 46 47 10 1 0 0 3 96 126 42 4 6 33 8 4 56 61 126 16 2 24 19 44 11 41 106 61 9 2 0 5 1 10 31 16 26 14 5 0 77 61 4 1 27 126 18 16 126 1 0 0 6 62 16 126 33 0 2 14 43 52 4 21 0 0 0 3 28 39 9 5 10 2 0 0 17 116 11 21 126 0 0 0 1 8 2 126 55 0 0 3 58 34 0 45 6 5 1 2 12 12 1 1 
9 38 5 0 5 27 15 1 5 113 112 0 0 9 27 1 6 113 104 16 3 2 3 0 15 21 20 25 8 2 0 1 113 68 1 0 0 5 3 20 113 113 74 0 0 0 1 25 2 67 90 43 14 9 4 0 5 3 18 71 40 9 1 1 111 4 0 0 0 0 2 82 113 27 2 0 0 8 104 113 9 10 7 3 13 38 113 41 3 1 5 20 71 55 6 8 22 0 0 0 0 0 3 45 18 7 0 0 0 0 108 109 50 10 0 0 0 4 89 99 12 0 0 0 32 60 14 24 
73 17 0 0 24 17 6 14 104 65 53 3 0 0 0 9 5 22 81 34 3 0 1 7 0 1 7 68 32 1 0 0 123 85 0 0 16 22 0 13 123 109 9 0 1 0 3 21 24 23 24 42 36 48 6 2 2 2 3 78 40 26 40 6 104 8 0 2 12 2 13 116 56 9 0 0 1 8 108 123 12 1 0 0 41 123 80 61 6 0 0 0 11 103 108 36 5 0 0 4 8 1 8 32 1 0 0 0 0 5 114 89 0 0 0 0 1 79 123 37 29 0 0 0 0 31 19 19 
